1	0.21870089478448	0.442329396022772	0.597055758665295	0.167545868862626	0	0.226982175586587	0.189507934179567	0.295511888765949
0.21870089478448	1	0.370975069043545	0.480828123104474	0	0.273792113629199	0.430211768890564	0.624595907778295	0.536802110743449
0.442329396022772	0.370975069043545	1	0.600647678991467	0.236759496258784	0	0.424983836967247	0.226638946328873	0.53833066708672
0.597055758665295	0.480828123104474	0.600647678991467	1	0.00742574498907682	0.00301270012276212	0.317482416650718	0.339695331673802	0.519532042142306
0.167545868862626	0	0.236759496258784	0.00742574498907682	1	0.0597744661724298	0.153101883613226	0	0.0618721820820721
0	0.273792113629199	0	0.00301270012276212	0.0597744661724298	1	0.227716629867419	0.256975132525874	0.134925617206326
0.226982175586587	0.430211768890564	0.424983836967247	0.317482416650718	0.153101883613226	0.227716629867419	1	0.308783072677909	0.197243403637864
0.189507934179567	0.624595907778295	0.226638946328873	0.339695331673802	0	0.256975132525874	0.308783072677909	1	0.303927564573764
0.295511888765949	0.536802110743449	0.53833066708672	0.519532042142306	0.0618721820820721	0.134925617206326	0.197243403637864	0.303927564573764	1
