1	0.138083405212718	0.245706853940902	0.3314971607571	0.0408522611660051	0.112965427895846	0.247648898979048	0	0.212684502671912
0.138083405212718	1	0	0.165923608951104	0.104762153253156	0.412719823602773	0	0.496997175965394	0.0384685443627059
0.245706853940902	0	1	0.191496541125544	0.237807754893415	0	0.453709204478757	0	0.098196647387717
0.3314971607571	0.165923608951104	0.191496541125544	1	0.169885481603807	0.0732299111435356	0.155409327748014	0	0.291806085105813
0.0408522611660051	0.104762153253156	0.237807754893415	0.169885481603807	1	0.0123760183379581	0.325306255372326	0	0
0.112965427895846	0.412719823602773	0	0.0732299111435356	0.0123760183379581	1	0	0.301569206102791	0.22547209914885
0.247648898979048	0	0.453709204478757	0.155409327748014	0.325306255372326	0	1	0	0
0	0.496997175965394	0	0	0	0.301569206102791	0	1	0
0.212684502671912	0.0384685443627059	0.098196647387717	0.291806085105813	0	0.22547209914885	0	0	1
