1	0.106740552984556	0.0870025800989956	0.338960320023867	0.219954281504994	0	0.0213019431527895	0.18761669507512	0
0.106740552984556	1	0.159735364298213	0.0837971289216805	0.176130530862206	0.000778113562490475	0	0.00627606938254356	0
0.0870025800989956	0.159735364298213	1	0.25462557057525	0.504825165036384	0.111072585859822	0.0265742200484249	0.295389866183443	0.02340483794614
0.338960320023867	0.0837971289216805	0.25462557057525	1	0.312854004270024	0	0.441207501903386	0.298388715723294	0.33440432437881
0.219954281504994	0.176130530862206	0.504825165036384	0.312854004270024	1	0	0	0.245374697294297	0.266100395995522
0	0.000778113562490475	0.111072585859822	0	0	1	0.0596655150671614	0.430260945011083	0
0.0213019431527895	0	0.0265742200484249	0.441207501903386	0	0.0596655150671614	1	0.0580532466746103	0
0.18761669507512	0.00627606938254356	0.295389866183443	0.298388715723294	0.245374697294297	0.430260945011083	0.0580532466746103	1	0.162953921693695
0	0	0.02340483794614	0.33440432437881	0.266100395995522	0	0	0.162953921693695	1
