1	0.336928238247833	0.416959476851024	0.278409839555881	0.0042313051977615	0.0650481733419255	0.401309176148701	0.184022017505392	0.0638706056060499
0.336928238247833	1	0.235713279327254	0.366554916694198	0.0998142202055467	0.273841498383836	0	0.371566177574036	0
0.416959476851024	0.235713279327254	1	0.443489868264401	0.171567639003114	0.0790250769208486	0.44220381629947	0.297130250518846	0.101535761311176
0.278409839555881	0.366554916694198	0.443489868264401	1	0.0738863073760026	0.163320320108823	0.278955188229203	0.340587537961811	0.0781637217686384
0.0042313051977615	0.0998142202055467	0.171567639003114	0.0738863073760026	1	0	0	0.173077243859281	0
0.0650481733419255	0.273841498383836	0.0790250769208486	0.163320320108823	0	1	0.0751173120852871	0.343715547646486	0.208913938762327
0.401309176148701	0	0.44220381629947	0.278955188229203	0	0.0751173120852871	1	0.18923938980608	0.320564227041991
0.184022017505392	0.371566177574036	0.297130250518846	0.340587537961811	0.173077243859281	0.343715547646486	0.18923938980608	1	0.107419570994042
0.0638706056060499	0	0.101535761311176	0.0781637217686384	0	0.208913938762327	0.320564227041991	0.107419570994042	1
