1	0.174333143574321	0.138293285447906	0	0	0.136146835818153	0	0	0.0740236419750643
0.174333143574321	1	0.172210913950512	0.396860612412129	0.0137628457506463	0.335764274612242	0	0.383429407259348	0
0.138293285447906	0.172210913950512	1	0.0886693219685464	0.114944379912973	0	0.188408441229961	0	0.089532757585555
0	0.396860612412129	0.0886693219685464	1	0.244462872086054	0.0706623200427042	0.091481382987606	0.292528351626001	0.176651701016026
0	0.0137628457506463	0.114944379912973	0.244462872086054	1	0	0.192899953607715	0.113638274826163	0.178920699796985
0.136146835818153	0.335764274612242	0	0.0706623200427042	0	1	0	0.191335687227552	0
0	0	0.188408441229961	0.091481382987606	0.192899953607715	0	1	0	0.175968196063414
0	0.383429407259348	0	0.292528351626001	0.113638274826163	0.191335687227552	0	1	0
0.0740236419750643	0	0.089532757585555	0.176651701016026	0.178920699796985	0	0.175968196063414	0	1
