1	0	0	0	0	0	0	0	0	0	0	0	0.173246896556479	0.246906878666586	0	0.0945128325408674	0.0487878840838543	0.115663295816686	0.305016391741871	0.314003084265208	0	0.209915612742402	0.150974672771173	0.121507466938304	0	0.0123709328333757	0.252381537940771	0.138026782582947	0	0	0	0	0	0.0689145912695494	0	0.370012713370039	0.326386990194987	0.153778209193059	0	0.0712733186486637	0.213825510521176	0.32974792253893	0	0	0.248842848688569	0.270293011663825	0.141757456768278	0.108037720051292	0.230533142012432	0	0	0	0	0.173097484460056	0.368740361697497	0.318557368061408	0	0
0	1	0	0	0.0842090323867974	0	0	0	0	0	0	0.206333485797742	0.268570914845987	0.243934217718808	0.0712208933622551	0.17803590466516	0.167528050593694	0.311664060477122	0.169283923871897	0.353390474385039	0	0.0811239998228505	0.41320021450863	0.00329009921769568	0.275951739522553	0.0695943180226115	0.17564994517952	0.141308376218154	0.116842309056258	0.0424610146493458	0.111234332647288	0.168416073392803	0.070517863137787	0.292530788064279	0.229814071177486	0.201976236352007	0.297179508244104	0.228382805381429	0.152562009466081	0.208719341989916	0.235653334941952	0.123454324083472	0.00143390505010208	0.121879035410629	0.193948714614512	0.153745042349108	0.375210927268419	0.203821221122573	0.316667527262373	0.21931343155382	0	0.0373788126366102	0.246218583711025	0.132562000033515	0.216528540835414	0.127263988576468	0	0
0	0	1	0	0	0	0	0	0	0	0	0.00835759600576834	0.290058498597755	0.498659042214547	0.0111522911316817	0.19027541050571	0.0627533507020933	0	0.183820227353252	0.336373443114174	0	0.292091556617174	0.0313459725395823	0.372466662383514	0.19105143396149	0.364348804807304	0.282471535839998	0.244210041074116	0.226978648774804	0.148691444423341	0.023720041301424	0.083384631659646	0.080877764892705	0.0887711567410751	0.189935409796616	0.337949752640095	0.0998506578172729	0.107026334515161	0	0.236387416414595	0.239342938653317	0.242268797749357	0.148234667508804	0	0.371321101180963	0.387864695809796	0.175988734496191	0.140366836930353	0.287529353767637	0.046929505498968	0.0380708067583505	0.158963710182936	0.181627358721771	0.309073119191281	0.345687161409963	0.224505512286353	0	0
0	0	0	1	0	0	0	0	0.102124088504766	0	0.128689250697868	0.0300614492549882	0.0479748647783114	0.186168851012296	0	0.0839278687616279	0.0876759652693328	0	0.130884359593262	0.141058047724047	0	0	0.0533411779923419	0.107968324829597	0.102877681953065	0.00477839001615345	0.220972291800122	0.0727908846174927	0.256685387518105	0.124369864776607	0.00747436133735086	0	0.042574448395219	0.150290271743915	0.0334412218000519	0.11767766463569	0.350359677561749	0.0709803859832296	0	0.089869234463596	0.0715154493150067	0.225140711401853	0	0	0.0845921192246069	0.122897885710225	0.191521148956726	0.10319592300672	0.144554736044182	0	0.170538564655265	0	0.151519484985431	0.121984127468848	0.16805217297777	0.141620581993762	0.0564320036711172	0.106561562034627
0	0.0842090323867974	0	0	1	0	0.0175925462769572	0	0	0	0	0	0.382900417262467	0.252314343479593	0	0.281571217630788	0	0	0.125383780406371	0	0	0	0	0.232504267014629	0.0508896668659956	0.268198183313102	0.0298147356444058	0.0569616302864897	0	0.188094004021606	0	0.0743929430146184	0	0	0	0.211466132957757	0.0469012725437848	0	0.0128353915466541	0	0	0	0.160713541679242	0	0.375402527870822	0.389641724965274	0.151238862757719	0.205263110647593	0.0479622337051817	0.109396935719049	0	0.0532033073001895	0	0.00240952254587589	0.0930059760211114	0.127432956096703	0.284351940515751	0
0	0	0	0	0	1	0	0	0	0	0	0.214535416557236	0.194275416692218	0.336182507211218	0	0.20615570605696	0.11572674884431	0.187221595973183	0.15155370463501	0.256358435413429	0	0.267717967739886	0.292109429439395	0.210387742473661	0.181096751476795	0.15855342661673	0.176204231662118	0.171517571322352	0.127323792800543	0.0720406097410734	0.11457828505841	0.201987367424274	0.23801859963873	0.325488426438154	0.2668720748559	0.271523858113663	0.294877524129819	0.142101320789283	0.138230211876006	0.212613557411568	0.235407596141003	0.164366742075134	0.0502390214129752	0.135152290354129	0.1885701095425	0.173073025535299	0.236872714216462	0.202665620769728	0.308523951124989	0.222504801980354	0	0.117699514860063	0.292520161022919	0.290263742197093	0.122447184416368	0.172119031869797	0	0
0	0	0	0	0.0175925462769572	0	1	0	0	0	0	0.0353440982751296	0.136918417608745	0.224534199797497	0	0.082335201424302	0.103573339989772	0.159750391256451	0.0703874794739322	0.316218418739629	0	0.213038410236567	0.178221417355027	0.0611302056870674	0.2433028527411	0.0095240032919012	0.176344042778321	0.18432658852536	0.0666307060132901	0	0	0.0658711093618429	0.01760430983522	0.193414705477225	0.109827525988315	0.051074806265779	0.247036555576199	0.173076394124198	0	0.219438275873769	0.21385379897551	0.202122705811298	0	0.10254564271304	0.217385117307032	0.19200896877465	0.232798605352629	0.15016661626448	0.172167658889798	0.119546793859904	0.131443581834192	0	0.300058391141715	0	0.184543458990722	0.183195537208753	0	0
0	0	0	0	0	0	0	1	0	0	0	0.202311730429706	0.13184319566769	0.163921190958383	0	0.115731218471012	0.140349963283132	0.31752880701314	0.16503696478835	0.294998137183597	0	0.184077459774614	0.342367448810021	0.100403202461478	0.00206734581529547	0.0288610787194538	0.0851229906835224	0.04650468694912	0	0	0.0489161421983713	0	0.110430865142569	0.128289696198662	0.0967705422946793	0.210032238296346	0.332118607431207	0.236991562733683	0.083945494816966	0.246184786590602	0.239889166828697	0.30246639267594	0	0.141504894831177	0.160991428192389	0.144348967103994	0.163514215024685	0.0139424850437783	0.260355449277718	0	0.015557270454845	0	0.294212201049901	0.0739551279811866	0.18084461277264	0.163557200700297	0.0731534664986088	0
0	0	0	0.102124088504766	0	0	0	0	1	0	0	0.0927077306970142	0.249310274379861	0.311624252325093	0.011609327341412	0.121031228029954	0.109768993073258	0.0282656637332448	0	0.0327555018107302	0	0.317038941678615	0	0.196619960033026	0.115995290269338	0.0792748290027613	0	0.0750800794062426	0	0.0348453149197572	0.115867398448171	0.0716358266277371	0.0668757848653356	0.0300248378591281	0.0339387538274184	0.0818953563227628	0	0.0524824232811852	0.126577932767677	0	0	0.0317486842513458	0.0805725356127743	0.0637973955507298	0.192755573625614	0.341435145857439	0.11090365366195	0.0600440144768491	0.234381413155638	0.0408919460336843	0	0	0.0917353384733162	0.113919605453813	0.0194253149467454	0.115729995744839	0.227058714383048	0
0	0	0	0	0	0	0	0	0	1	0.0568257032309958	0.055996130826777	0.54028048361305	0.363851341467986	0	0.488485103390138	0.112557661525292	0	0.357724923125575	0.0935868337005268	0	0	0.056545536127281	0.523383251328516	0.324974963465397	0.525989137914058	0.245158506590249	0.198475006501483	0.218314274321452	0.380572433294615	0.142273630676242	0.314748639479862	0.0237744400762834	0.309082435041544	0.131384124885845	0.287889267164902	0.206270070371356	0.0977319287676958	0.192838443893386	0.00147896586465599	0.112836576451377	0.207387880808799	0.300330683414392	0.0617268576131297	0.476966842313072	0.389405108212956	0.293569796539431	0.140406933713732	0.467362906786081	0.139246589752109	0.229152663355518	0.331356521779151	0.265770016769529	0.309192898105953	0.296513142228428	0.276297379301904	0.075516286513414	0
0	0	0	0.128689250697868	0	0	0	0	0	0.0568257032309958	1	0	0.0679570071231284	0.0104696045657468	0	0	0.0707159158519089	0.00738161676975336	0.208457709787062	0.10808126881389	0	0.157377258617127	0.0358518042507965	0	0	0.0621496909971301	0.0474975168859592	0.181046940900803	0	0	0	0	0.0952732729896664	0.130580176824455	0.0123679721713417	0.0823619459867499	0.119305345208539	0.202186143636109	0.0446617125536724	0.00662683371466221	0.136911628888942	0.0309544646248129	0.0465370783012507	0	0.0196654301156894	0.0377294588516049	0.0453486380273975	0.12539074785441	0.157608010475033	0	0	0	0	0.146007617851509	0	0.295952115235952	0	0
0	0.206333485797742	0.00835759600576834	0.0300614492549882	0	0.214535416557236	0.0353440982751296	0.202311730429706	0.0927077306970142	0.055996130826777	0	1	0.160040792030144	0.214035537864955	0.00281862460471655	0	0	0	0.370437968722167	0	0	0.0630226899490878	0	0	0	0	0	0	0	0	0	0	0	0	0	0.301557927122176	0.0433570128363485	0.0255355568956407	0	0	0.0713720762878786	0	0.146142955691763	0	0.0870505505945637	0.064860379245739	0	0.180134937055752	0	0	0.0231703769622761	0	0	0.00973226199842382	0	0.210140314052041	0.0463838322141076	0
0.173246896556479	0.268570914845987	0.290058498597755	0.0479748647783114	0.382900417262467	0.194275416692218	0.136918417608745	0.13184319566769	0.249310274379861	0.54028048361305	0.0679570071231284	0.160040792030144	1	0	0.159792338810447	0	0.0206091925498862	0.164169279128672	0	0	0	0	0	0	0	0	0	0	0	0	0.00415620017749152	0	0	0	0	0	0	0	0	0.168156979076691	0	0	0	0.138429193690216	0	0	0	0	0	0	0	0	0	0	0	0	0	0.222556990432839
0.246906878666586	0.243934217718808	0.498659042214547	0.186168851012296	0.252314343479593	0.336182507211218	0.224534199797497	0.163921190958383	0.311624252325093	0.363851341467986	0.0104696045657468	0.214035537864955	0	1	0.0902953501899761	0	0.00501456643280481	0.224383151887938	0	0	0	0	0	0	0	0	0	0	0	0	0.0725031584849219	0	0.0263572302015765	0	0	0	0	0	0.202939099191623	0.100254886222838	0	0	0	0.140838266249666	0	0	0	0	0	0	0	0	0	0	0	0	0	0.0540978766538202
0	0.0712208933622551	0.0111522911316817	0	0	0	0	0	0.011609327341412	0	0	0.00281862460471655	0.159792338810447	0.0902953501899761	1	0.117004890575324	0.00547139386327554	0	0.121960840015327	0.0491123563724854	0	0.0942131591387643	0.252450579654118	0.236313786803801	0	0.106499879395315	0.217515827887618	0.192151034401751	0	0.147726987200915	0	0	0.0157775513674846	0.207822568539131	0.0877168490854979	0	0.117742931119119	0.0552245182383317	0.0274157918951144	0	0.0840676162538725	0.321856972386205	0.125898153275022	0.0546981964461648	0.226141999495519	0.0738143148849525	0.040214152510671	0.118899481301856	0	0.121579488295013	0	0.0915680005509134	0.0858481464033991	0.0412244177098067	0.194837825638928	0.172026784887222	0.0285384130016609	0.0224443651277766
0.0945128325408674	0.17803590466516	0.19027541050571	0.0839278687616279	0.281571217630788	0.20615570605696	0.082335201424302	0.115731218471012	0.121031228029954	0.488485103390138	0	0	0	0	0.117004890575324	1	0.0771605245526338	0.158287341029056	0	0	0	0.0322561880097188	0	0	0	0	0	0	0	0	0.0248555527022837	0	0.0151955915170843	0	0	0	0	0	0	0.108269975176925	0	0	0	0.035165097741751	0	0	0	0	0	0	0	0	0	0	0	0	0	0.161711808934273
0.0487878840838543	0.167528050593694	0.0627533507020933	0.0876759652693328	0	0.11572674884431	0.103573339989772	0.140349963283132	0.109768993073258	0.112557661525292	0.0707159158519089	0	0.0206091925498862	0.00501456643280481	0.00547139386327554	0.0771605245526338	1	0	0	0.101102928213042	0	0	0	0	0	0.0400322130814909	0	0.150611266521894	0.00894955677650377	0.0443066335150664	0	0.0678724122187822	0	0	0	0.0923136604493363	0	0	0.101611538654028	0	0.134218279399156	0	0.131140108882	0	0.105190769042096	0.0473864807677618	0	0.0762935568159346	0	0	0.194614801928111	0.148581945717537	0	0	0	0	0	0.282783867453919
0.115663295816686	0.311664060477122	0	0	0	0.187221595973183	0.159750391256451	0.31752880701314	0.0282656637332448	0	0.00738161676975336	0	0.164169279128672	0.224383151887938	0	0.158287341029056	0	1	0.271549184633485	0	0	0	0	0.365781180688444	0.214040629921727	0.394223996267519	0.153028488297513	0.189386141811903	0.20631350113376	0.369193090383278	0	0.201049371574042	0	0.0697414549559308	0.190104752742547	0.32903621972747	0.0515414506860258	0.230512616635262	0	0	0.0704552040805461	0	0.252045410206802	0	0.21448047001537	0.101240268228557	0	0.169505974719096	0.019989152949381	0.0915450885543671	0.126855400908662	0.216012375827105	0	0.378805832512599	0.0922122066339202	0.182568463818151	0.150308381971158	0.180616778478473
0.305016391741871	0.169283923871897	0.183820227353252	0.130884359593262	0.125383780406371	0.15155370463501	0.0703874794739322	0.16503696478835	0	0.357724923125575	0.208457709787062	0.370437968722167	0	0	0.121960840015327	0	0	0.271549184633485	1	0	0	0.0685420116221885	0	0	0.0310859738861909	0	0	0	0	0	0.376041724713203	0.180029439493143	0.274071968134843	0	0.0957915935930767	0	0	0	0.299465867798428	0	0	0	0	0.135055515386067	0	0	0	0	0	0.150916763986402	0	0	0	0	0	0	0	0.150465576941169
0.314003084265208	0.353390474385039	0.336373443114174	0.141058047724047	0	0.256358435413429	0.316218418739629	0.294998137183597	0.0327555018107302	0.0935868337005268	0.10808126881389	0	0	0	0.0491123563724854	0	0.101102928213042	0	0	1	0	0	0	0	0.0125023476628346	0	0	0	0	0	0.0132761525787289	0.0850786247939255	0	0	0	0	0	0	0.0835563281081859	0	0	0	0	0	0	0	0	0.0100306594093854	0	0.291002172594201	0	0	0	0	0	0	0.3394057755415	0.163201923034427
0	0	0	0	0	0	0	0	0	0	0	0	0	0	0	0	0	0	0	0	1	0	0	0	0	0	0	0	0	0	0	0	0	0	0	0	0	0	0	0	0	0	0	0	0	0	0	0	0	0	0	0	0	0	0	0	0	0
0.209915612742402	0.0811239998228505	0.292091556617174	0	0	0.267717967739886	0.213038410236567	0.184077459774614	0.317038941678615	0	0.157377258617127	0.0630226899490878	0	0	0.0942131591387643	0.0322561880097188	0	0	0.0685420116221885	0	0	1	0	0	0	0	0.0392190497644186	0	0	0.0799250307567895	0.036616164311378	0.0659729939313439	0	0.032784248012997	0	0.0777900773970539	0.0607533111770794	0	0.0466141973931686	0	0	0.0325407175962473	0	0.120785652915015	0	0	0.0622539347667184	0.0346199954016661	0	0	0	0.0974720519492115	0	0	0	0	0.0815176548350952	0
0.150974672771173	0.41320021450863	0.0313459725395823	0.0533411779923419	0	0.292109429439395	0.178221417355027	0.342367448810021	0	0.056545536127281	0.0358518042507965	0	0	0	0.252450579654118	0	0	0	0	0	0	0	1	0	0	0	0	0	0	0	0	0	0	0	0	0	0	0	0	0	0	0	0	0	0	0	0	0	0	0	0	0	0	0	0	0	0.313124817358676	0.00673715089561723
0.121507466938304	0.00329009921769568	0.372466662383514	0.107968324829597	0.232504267014629	0.210387742473661	0.0611302056870674	0.100403202461478	0.196619960033026	0.523383251328516	0	0	0	0	0.236313786803801	0	0	0.365781180688444	0	0	0	0	0	1	0	0	0	0	0	0	0	0	0	0	0	0	0	0	0	0	0	0	0	0.0107355180564111	0	0	0.0641369525010636	0	0	0	0	0	0	0	0	0	0.0290771629362173	0
0	0.275951739522553	0.19105143396149	0.102877681953065	0.0508896668659956	0.181096751476795	0.2433028527411	0.00206734581529547	0.115995290269338	0.324974963465397	0	0	0	0	0	0	0	0.214040629921727	0.0310859738861909	0.0125023476628346	0	0	0	0	1	0	0	0	0	0	0	0	0	0	0	0	0	0	0	0	0.102291546981743	0.0109783999540245	0.00861066939227459	0	0	0	0	0	0	0	0	0	0	0	0	0	0	0
0.0123709328333757	0.0695943180226115	0.364348804807304	0.00477839001615345	0.268198183313102	0.15855342661673	0.0095240032919012	0.0288610787194538	0.0792748290027613	0.525989137914058	0.0621496909971301	0	0	0	0.106499879395315	0	0.0400322130814909	0.394223996267519	0	0	0	0	0	0	0	1	0	0	0	0	0	0	0	0	0	0	0	0	0	0	0	0	0	0	0	0	0	0	0	0	0	0	0	0	0	0	0.0144944995994923	0.00439057178912744
0.252381537940771	0.17564994517952	0.282471535839998	0.220972291800122	0.0298147356444058	0.176204231662118	0.176344042778321	0.0851229906835224	0	0.245158506590249	0.0474975168859592	0	0	0	0.217515827887618	0	0	0.153028488297513	0	0	0	0.0392190497644186	0	0	0	0	1	0	0	0	0	0.156899787773448	0	0	0	0	0	0	0.146601850006056	0	0	0	0	0.0491871461292747	0	0	0.0274673702731313	0	0	0.0912681966142027	0.0354359823282287	0	0	0	0	0	0.271104512841017	0.106350533932879
0.138026782582947	0.141308376218154	0.244210041074116	0.0727908846174927	0.0569616302864897	0.171517571322352	0.18432658852536	0.04650468694912	0.0750800794062426	0.198475006501483	0.181046940900803	0	0	0	0.192151034401751	0	0.150611266521894	0.189386141811903	0	0	0	0	0	0	0	0	0	1	0	0	0	0	0	0	0	0	0.0260977346263105	0	0	0	0	0	0	0.0982019240541111	0	0	0	0	0	0	0	0	0	0	0	0	0.179471078116589	0.0305741513069369
0	0.116842309056258	0.226978648774804	0.256685387518105	0	0.127323792800543	0.0666307060132901	0	0	0.218314274321452	0	0	0	0	0	0	0.00894955677650377	0.20631350113376	0	0	0	0	0	0	0	0	0	0	1	0	0	0.0839122782505623	0	0	0	0	0	0	0.170799496873417	0	0	0	0	0.258245054436459	0	0	0.0577507568121234	0.0177579588745739	0	0.135815653047255	0	0	0	0	0	0	0.289523870918278	0
0	0.0424610146493458	0.148691444423341	0.124369864776607	0.188094004021606	0.0720406097410734	0	0	0.0348453149197572	0.380572433294615	0	0	0	0	0.147726987200915	0	0.0443066335150664	0.369193090383278	0	0	0	0.0799250307567895	0	0	0	0	0	0	0	1	0	0	0	0	0	0	0	0	0	0	0	0	0	0	0	0	0.0143992613231547	0.0189442492935855	0	0	0	0	0	0	0	0	0	0
0	0.111234332647288	0.023720041301424	0.00747436133735086	0	0.11457828505841	0	0.0489161421983713	0.115867398448171	0.142273630676242	0	0	0.00415620017749152	0.0725031584849219	0	0.0248555527022837	0	0	0.376041724713203	0.0132761525787289	0	0.036616164311378	0	0	0	0	0	0	0	0	1	0	0	0	0	0.307803440810917	0.0576682894328535	0.0555755057532206	0	0	0.104426368397608	0	0	0	0.0397186001330821	0.0522916364843507	0	0.0798608813367397	0	0	0	0	0	0	0.0496016870738345	0.309345391836604	0	0
0	0.168416073392803	0.083384631659646	0	0.0743929430146184	0.201987367424274	0.0658711093618429	0	0.0716358266277371	0.314748639479862	0	0	0	0	0	0	0.0678724122187822	0.201049371574042	0.180029439493143	0.0850786247939255	0	0.0659729939313439	0	0	0	0	0.156899787773448	0	0.0839122782505623	0	0	1	0	0	0	0.0530639370510306	0	0.0421526371383752	0	0	0.0184711278937932	0.0743309948186896	0	0	0	0.000428124961790334	0	0	0	0	0	0	0	0	0.230736007993332	0.184457482351349	0	0
0	0.070517863137787	0.080877764892705	0.042574448395219	0	0.23801859963873	0.01760430983522	0.110430865142569	0.0668757848653356	0.0237744400762834	0.0952732729896664	0	0	0.0263572302015765	0.0157775513674846	0.0151955915170843	0	0	0.274071968134843	0	0	0	0	0	0	0	0	0	0	0	0	0	1	0	0	0.0546802814818994	0.0373246331561764	0	0	0	0	0	0	0	0	0.0402596723369921	0.040467047614599	0.0206351776487429	0	0.0338784421134641	0.00712340914229368	0	0	0	0	0.23960262216884	0.0392951840747417	0.0420657727887931
0.0689145912695494	0.292530788064279	0.0887711567410751	0.150290271743915	0	0.325488426438154	0.193414705477225	0.128289696198662	0.0300248378591281	0.309082435041544	0.130580176824455	0	0	0	0.207822568539131	0	0	0.0697414549559308	0	0	0	0.032784248012997	0	0	0	0	0	0	0	0	0	0	0	1	0	0	0	0	0	0	0	0	0	0	0	0	0	0	0	0	0	0	0	0	0	0	0.0651124776285099	0
0	0.229814071177486	0.189935409796616	0.0334412218000519	0	0.2668720748559	0.109827525988315	0.0967705422946793	0.0339387538274184	0.131384124885845	0.0123679721713417	0	0	0	0.0877168490854979	0	0	0.190104752742547	0.0957915935930767	0	0	0	0	0	0	0	0	0	0	0	0	0	0	0	1	0	0	0	0	0	0	0	0	0	0.0270996976876572	0	0.0504507005855482	0	0	0	0.0399396002494546	0	0	0	0	0	0.123127397678395	0
0.370012713370039	0.201976236352007	0.337949752640095	0.11767766463569	0.211466132957757	0.271523858113663	0.051074806265779	0.210032238296346	0.0818953563227628	0.287889267164902	0.0823619459867499	0.301557927122176	0	0	0	0	0.0923136604493363	0.32903621972747	0	0	0	0.0777900773970539	0	0	0	0	0	0	0	0	0.307803440810917	0.0530639370510306	0.0546802814818994	0	0	1	0	0	0.160903465903607	0	0	0	0	0	0	0	0	0	0	0.178171157217168	0	0	0.0228903209211808	0	0	0	0.0117905062676114	0.11276639735042
0.326386990194987	0.297179508244104	0.0998506578172729	0.350359677561749	0.0469012725437848	0.294877524129819	0.247036555576199	0.332118607431207	0	0.206270070371356	0.119305345208539	0.0433570128363485	0	0	0.117742931119119	0	0	0.0515414506860258	0	0	0	0.0607533111770794	0	0	0	0	0	0.0260977346263105	0	0	0.0576682894328535	0	0.0373246331561764	0	0	0	1	0	0	0	0	0	0	0	0	0	0	0	0	0	0	0	0	0	0	0	0	0.0613322138943437
0.153778209193059	0.228382805381429	0.107026334515161	0.0709803859832296	0	0.142101320789283	0.173076394124198	0.236991562733683	0.0524824232811852	0.0977319287676958	0.202186143636109	0.0255355568956407	0	0	0.0552245182383317	0	0	0.230512616635262	0	0	0	0	0	0	0	0	0	0	0	0	0.0555755057532206	0.0421526371383752	0	0	0	0	0	1	0.02752709806663	0	0	0	0	0	0	0	0	0	0	0	0.0438707141393762	0	0.00797969318916447	0	0	0	0	0
0	0.152562009466081	0	0	0.0128353915466541	0.138230211876006	0	0.083945494816966	0.126577932767677	0.192838443893386	0.0446617125536724	0	0	0.202939099191623	0.0274157918951144	0	0.101611538654028	0	0.299465867798428	0.0835563281081859	0	0.0466141973931686	0	0	0	0	0.146601850006056	0	0.170799496873417	0	0	0	0	0	0	0.160903465903607	0	0.02752709806663	1	0	0.0371504027041889	0.0144809078125462	0	0	0	0.00520514690626866	0	0	0	0	0	0	0	0	0.187534096209238	0.345450062766647	0	0
0.0712733186486637	0.208719341989916	0.236387416414595	0.089869234463596	0	0.212613557411568	0.219438275873769	0.246184786590602	0	0.00147896586465599	0.00662683371466221	0	0.168156979076691	0.100254886222838	0	0.108269975176925	0	0	0	0	0	0	0	0	0	0	0	0	0	0	0	0	0	0	0	0	0	0	0	1	0	0	0	0	0	0	0.0999015000878863	0.0959294433774513	0	0.270572474510551	0	0	0	0	0	0.0542388314140449	0.357267897077066	0
0.213825510521176	0.235653334941952	0.239342938653317	0.0715154493150067	0	0.235407596141003	0.21385379897551	0.239889166828697	0	0.112836576451377	0.136911628888942	0.0713720762878786	0	0	0.0840676162538725	0	0.134218279399156	0.0704552040805461	0	0	0	0	0	0	0.102291546981743	0	0	0	0	0	0.104426368397608	0.0184711278937932	0	0	0	0	0	0	0.0371504027041889	0	1	0	0	0	0	0	0	0	0	0.191406913023531	0	0	0	0	0	0	0.168257131600661	0.270613033645736
0.32974792253893	0.123454324083472	0.242268797749357	0.225140711401853	0	0.164366742075134	0.202122705811298	0.30246639267594	0.0317486842513458	0.207387880808799	0.0309544646248129	0	0	0	0.321856972386205	0	0	0	0	0	0	0.0325407175962473	0	0	0.0109783999540245	0	0	0	0	0	0	0.0743309948186896	0	0	0	0	0	0	0.0144809078125462	0	0	1	0	0	0	0	0	0.135065101126121	0	0.259448945830376	0	0	0	0	0	0	0.265598399643385	0.0295292206098146
0	0.00143390505010208	0.148234667508804	0	0.160713541679242	0.0502390214129752	0	0	0.0805725356127743	0.300330683414392	0.0465370783012507	0.146142955691763	0	0	0.125898153275022	0	0.131140108882	0.252045410206802	0	0	0	0	0	0	0.00861066939227459	0	0	0	0	0	0	0	0	0	0	0	0	0	0	0	0	0	1	0.0313386648718246	0	0	0	0	0	0.0875425743983064	0	0	0	0	0	0.0460581936618299	0.181224604882874	0
0	0.121879035410629	0	0	0	0.135152290354129	0.10254564271304	0.141504894831177	0.0637973955507298	0.0617268576131297	0	0	0.138429193690216	0.140838266249666	0.0546981964461648	0.035165097741751	0	0	0.135055515386067	0	0	0.120785652915015	0	0.0107355180564111	0	0	0.0491871461292747	0.0982019240541111	0.258245054436459	0	0	0	0	0	0	0	0	0	0	0	0	0	0.0313386648718246	1	0.0473660584335158	0.0816781482639565	0	0.0360388390042979	0	0	0	0	0	0.0489265695368572	0.17938996504463	0.266186300655553	0	0
0.248842848688569	0.193948714614512	0.371321101180963	0.0845921192246069	0.375402527870822	0.1885701095425	0.217385117307032	0.160991428192389	0.192755573625614	0.476966842313072	0.0196654301156894	0.0870505505945637	0	0	0.226141999495519	0	0.105190769042096	0.21448047001537	0	0	0	0	0	0	0	0	0	0	0	0	0.0397186001330821	0	0	0	0.0270996976876572	0	0	0	0	0	0	0	0	0.0473660584335158	1	0	0	0	0	0	0	0	0	0	0	0	0.0385895887783584	0.186196791665171
0.270293011663825	0.153745042349108	0.387864695809796	0.122897885710225	0.389641724965274	0.173073025535299	0.19200896877465	0.144348967103994	0.341435145857439	0.389405108212956	0.0377294588516049	0.064860379245739	0	0	0.0738143148849525	0	0.0473864807677618	0.101240268228557	0	0	0	0	0	0	0	0	0	0	0	0	0.0522916364843507	0.000428124961790334	0.0402596723369921	0	0	0	0	0	0.00520514690626866	0	0	0	0	0.0816781482639565	0	1	0	0	0	0	0	0	0	0	0	0	0	0.139743153684782
0.141757456768278	0.375210927268419	0.175988734496191	0.191521148956726	0.151238862757719	0.236872714216462	0.232798605352629	0.163514215024685	0.11090365366195	0.293569796539431	0.0453486380273975	0	0	0	0.040214152510671	0	0	0	0	0	0	0.0622539347667184	0	0.0641369525010636	0	0	0.0274673702731313	0	0.0577507568121234	0.0143992613231547	0	0	0.040467047614599	0	0.0504507005855482	0	0	0	0	0.0999015000878863	0	0	0	0	0	0	1	0	0	0	0	0	0	0.0492719881208187	0	0	0	0.124910226976715
0.108037720051292	0.203821221122573	0.140366836930353	0.10319592300672	0.205263110647593	0.202665620769728	0.15016661626448	0.0139424850437783	0.0600440144768491	0.140406933713732	0.12539074785441	0.180134937055752	0	0	0.118899481301856	0	0.0762935568159346	0.169505974719096	0	0.0100306594093854	0	0.0346199954016661	0	0	0	0	0	0	0.0177579588745739	0.0189442492935855	0.0798608813367397	0	0.0206351776487429	0	0	0	0	0	0	0.0959294433774513	0	0.135065101126121	0	0.0360388390042979	0	0	0	1	0	0	0.00784792856945653	0	0	0	0.0581369929265115	0	0.0462010395903869	0.169488297743702
0.230533142012432	0.316667527262373	0.287529353767637	0.144554736044182	0.0479622337051817	0.308523951124989	0.172167658889798	0.260355449277718	0.234381413155638	0.467362906786081	0.157608010475033	0	0	0	0	0	0	0.019989152949381	0	0	0	0	0	0	0	0	0	0	0	0	0	0	0	0	0	0	0	0	0	0	0	0	0	0	0	0	0	0	1	0	0	0	0	0	0	0	0.0509365839786578	0.0762777497172114
0	0.21931343155382	0.046929505498968	0	0.109396935719049	0.222504801980354	0.119546793859904	0	0.0408919460336843	0.139246589752109	0	0	0	0	0.121579488295013	0	0	0.0915450885543671	0.150916763986402	0.291002172594201	0	0	0	0	0	0	0.0912681966142027	0	0.135815653047255	0	0	0	0.0338784421134641	0	0	0.178171157217168	0	0	0	0.270572474510551	0.191406913023531	0.259448945830376	0.0875425743983064	0	0	0	0	0	0	1	0	0.0171782740219457	0	0.159855393907041	0.0780485727791068	0	0	0.0765178992676768
0	0	0.0380708067583505	0.170538564655265	0	0	0.131443581834192	0.015557270454845	0	0.229152663355518	0	0.0231703769622761	0	0	0	0	0.194614801928111	0.126855400908662	0	0	0	0	0	0	0	0	0.0354359823282287	0	0	0	0	0	0.00712340914229368	0	0.0399396002494546	0	0	0.0438707141393762	0	0	0	0	0	0	0	0	0	0.00784792856945653	0	0	1	0	0	0	0	0.0903047943243222	0.0530999634513861	0
0	0.0373788126366102	0.158963710182936	0	0.0532033073001895	0.117699514860063	0	0	0	0.331356521779151	0	0	0	0	0.0915680005509134	0	0.148581945717537	0.216012375827105	0	0	0	0.0974720519492115	0	0	0	0	0	0	0	0	0	0	0	0	0	0	0	0	0	0	0	0	0	0	0	0	0	0	0	0.0171782740219457	0	1	0	0	0	0.0566013721599497	0.20050549847887	0.007250294218364
0	0.246218583711025	0.181627358721771	0.151519484985431	0	0.292520161022919	0.300058391141715	0.294212201049901	0.0917353384733162	0.265770016769529	0	0	0	0	0.0858481464033991	0	0	0	0	0	0	0	0	0	0	0	0	0	0	0	0	0	0	0	0	0.0228903209211808	0	0.00797969318916447	0	0	0	0	0	0	0	0	0	0	0	0	0	0	1	0	0	0	0	0.0954729779509165
0.173097484460056	0.132562000033515	0.309073119191281	0.121984127468848	0.00240952254587589	0.290263742197093	0	0.0739551279811866	0.113919605453813	0.309192898105953	0.146007617851509	0.00973226199842382	0	0	0.0412244177098067	0	0	0.378805832512599	0	0	0	0	0	0	0	0	0	0	0	0	0	0	0	0	0	0	0	0	0	0	0	0	0	0.0489265695368572	0	0	0.0492719881208187	0	0	0.159855393907041	0	0	0	1	0	0	0.218582405827118	0
0.368740361697497	0.216528540835414	0.345687161409963	0.16805217297777	0.0930059760211114	0.122447184416368	0.184543458990722	0.18084461277264	0.0194253149467454	0.296513142228428	0	0	0	0	0.194837825638928	0	0	0.0922122066339202	0	0	0	0	0	0	0	0	0	0	0	0	0.0496016870738345	0.230736007993332	0	0	0	0	0	0	0.187534096209238	0	0	0	0	0.17938996504463	0	0	0	0.0581369929265115	0	0.0780485727791068	0	0	0	0	1	0	0.208912340648415	0
0.318557368061408	0.127263988576468	0.224505512286353	0.141620581993762	0.127432956096703	0.172119031869797	0.183195537208753	0.163557200700297	0.115729995744839	0.276297379301904	0.295952115235952	0.210140314052041	0	0	0.172026784887222	0	0	0.182568463818151	0	0	0	0	0	0	0	0	0	0	0	0	0.309345391836604	0.184457482351349	0.23960262216884	0	0	0	0	0	0.345450062766647	0.0542388314140449	0	0	0.0460581936618299	0.266186300655553	0	0	0	0	0	0	0.0903047943243222	0.0566013721599497	0	0	0	1	0	0.319713053972609
0	0	0	0.0564320036711172	0.284351940515751	0	0	0.0731534664986088	0.227058714383048	0.075516286513414	0	0.0463838322141076	0	0	0.0285384130016609	0	0	0.150308381971158	0	0.3394057755415	0	0.0815176548350952	0.313124817358676	0.0290771629362173	0	0.0144944995994923	0.271104512841017	0.179471078116589	0.289523870918278	0	0	0	0.0392951840747417	0.0651124776285099	0.123127397678395	0.0117905062676114	0	0	0	0.357267897077066	0.168257131600661	0.265598399643385	0.181224604882874	0	0.0385895887783584	0	0	0.0462010395903869	0.0509365839786578	0	0.0530999634513861	0.20050549847887	0	0.218582405827118	0.208912340648415	0	1	0.0794335401894201
0	0	0	0.106561562034627	0	0	0	0	0	0	0	0	0.222556990432839	0.0540978766538202	0.0224443651277766	0.161711808934273	0.282783867453919	0.180616778478473	0.150465576941169	0.163201923034427	0	0	0.00673715089561723	0	0	0.00439057178912744	0.106350533932879	0.0305741513069369	0	0	0	0	0.0420657727887931	0	0	0.11276639735042	0.0613322138943437	0	0	0	0.270613033645736	0.0295292206098146	0	0	0.186196791665171	0.139743153684782	0.124910226976715	0.169488297743702	0.0762777497172114	0.0765178992676768	0	0.007250294218364	0.0954729779509165	0	0	0.319713053972609	0.0794335401894201	1
