1	0.270982564013067	0.0206794625906511	0.211503217021457	0.206141763672133	0.162243305223768	0	0.208452130659269	0.273493080319923
0.270982564013067	1	0.227248345992182	0.144576973555476	0.0242657958668389	0.308757165205709	0	0.247662703596452	0
0.0206794625906511	0.227248345992182	1	0.11379229410855	0.296738748048639	0.0782533857840673	0.143444105909011	0.00108148572874528	0.0588336387311383
0.211503217021457	0.144576973555476	0.11379229410855	1	0.0760327504485973	0.0604419013430226	0	0.199153357952933	0.0740533782252169
0.206141763672133	0.0242657958668389	0.296738748048639	0.0760327504485973	1	0	0	0	0
0.162243305223768	0.308757165205709	0.0782533857840673	0.0604419013430226	0	1	0.0434322098624294	0.233421520137449	0.419240302314966
0	0	0.143444105909011	0	0	0.0434322098624294	1	0	0.208259955143553
0.208452130659269	0.247662703596452	0.00108148572874528	0.199153357952933	0	0.233421520137449	0	1	0.0522321424711004
0.273493080319923	0	0.0588336387311383	0.0740533782252169	0	0.419240302314966	0.208259955143553	0.0522321424711004	1
