1	0.0115169657877548	0.319283045486908	0.220159726488919	0	0.130774446767554	0.446701050596893	0.251410909138547	0.0909914585739167
0.0115169657877548	1	0.192974186156935	0.0399112141966696	0.175324615788492	0.276847495626709	0	0.252089545447759	0
0.319283045486908	0.192974186156935	1	0.52600719024491	0.0715008659071291	0.360850591020085	0.389362294617825	0.207025232323293	0.442105754420332
0.220159726488919	0.0399112141966696	0.52600719024491	1	0	0.27824870280564	0.363567905025621	0.133129299181621	0.259269554477461
0	0.175324615788492	0.0715008659071291	0	1	0	0.00510150766401133	0.0017636552186264	0
0.130774446767554	0.276847495626709	0.360850591020085	0.27824870280564	0	1	0.37495170958542	0.391051198274206	0.31439830411054
0.446701050596893	0	0.389362294617825	0.363567905025621	0.00510150766401133	0.37495170958542	1	0.185391182702622	0.31907969494372
0.251410909138547	0.252089545447759	0.207025232323293	0.133129299181621	0.0017636552186264	0.391051198274206	0.185391182702622	1	0.0487394758292546
0.0909914585739167	0	0.442105754420332	0.259269554477461	0	0.31439830411054	0.31907969494372	0.0487394758292546	1
