1	0.327480237872686	0.485881120073942	0.428552196630693	0.360848404183333	0	0.19352578630251	0	0.0495749236113207
0.327480237872686	1	0.295446533818523	0.147687263928012	0.166316577455012	0.304039048287718	0.111071119132392	0.154443165376883	0.0186550743613644
0.485881120073942	0.295446533818523	1	0.193523533762018	0.455245398517684	0.210202199708769	0.177840490792701	0	0.108130795764353
0.428552196630693	0.147687263928012	0.193523533762018	1	0.128655916392928	0.0179073416342549	0.0914638721995933	0	0
0.360848404183333	0.166316577455012	0.455245398517684	0.128655916392928	1	0.0144498612250888	0	0	0
0	0.304039048287718	0.210202199708769	0.0179073416342549	0.0144498612250888	1	0.114941346478679	0.309560974888514	0.00066192412505746
0.19352578630251	0.111071119132392	0.177840490792701	0.0914638721995933	0	0.114941346478679	1	0.138108167647592	0.200435413862355
0	0.154443165376883	0	0	0	0.309560974888514	0.138108167647592	1	0.0541488310224158
0.0495749236113207	0.0186550743613644	0.108130795764353	0	0	0.00066192412505746	0.200435413862355	0.0541488310224158	1
