1	0	0.454171381203439	0.353868786403858	0.0338467564367558	0	0	0	0.0171731381707596
0	1	0.184282793220852	0.162430304172339	0.217045818497667	0.0755456649942163	0.631705859716979	0.0907159098326704	0
0.454171381203439	0.184282793220852	1	0.505667089485973	0.312276616670753	0.305252670757586	0.400844790524689	0	0.250250502797379
0.353868786403858	0.162430304172339	0.505667089485973	1	0.343802500096716	0.310827352344001	0.54867671772789	0.105968343230643	0.27865497539484
0.0338467564367558	0.217045818497667	0.312276616670753	0.343802500096716	1	0.29294769252987	0.324295997577253	0.093280764951748	0.0615684733655487
0	0.0755456649942163	0.305252670757586	0.310827352344001	0.29294769252987	1	0.277313921796097	0.413186409938614	0.300818596499825
0	0.631705859716979	0.400844790524689	0.54867671772789	0.324295997577253	0.277313921796097	1	0.204935543011299	0.0722421660364456
0	0.0907159098326704	0	0.105968343230643	0.093280764951748	0.413186409938614	0.204935543011299	1	0
0.0171731381707596	0	0.250250502797379	0.27865497539484	0.0615684733655487	0.300818596499825	0.0722421660364456	0	1
