1	0.134517483285396	0.441886619899037	0.41773929978637	0.229147231808206	0	0.169708950350613	0	0.107408655315208
0.134517483285396	1	0.335665448439148	0.249696211733822	0.353248429067077	0.33800570043794	0.391226732878112	0.347170106247517	0.28938118019094
0.441886619899037	0.335665448439148	1	0.451247524462471	0.374929027478308	0.12320433139521	0.474963065672796	0.373203609934628	0.495769287200701
0.41773929978637	0.249696211733822	0.451247524462471	1	0.194544466245171	0.0667303726077853	0.46148948106187	0.302617169928417	0.330089538789053
0.229147231808206	0.353248429067077	0.374929027478308	0.194544466245171	1	0.290988747878696	0.417886603972657	0.0112173666114871	0.0963478782180021
0	0.33800570043794	0.12320433139521	0.0667303726077853	0.290988747878696	1	0.3082921144233	0.36657072144095	0.0825878006078969
0.169708950350613	0.391226732878112	0.474963065672796	0.46148948106187	0.417886603972657	0.3082921144233	1	0.281193764298001	0.17203888114285
0	0.347170106247517	0.373203609934628	0.302617169928417	0.0112173666114871	0.36657072144095	0.281193764298001	1	0.43022725293893
0.107408655315208	0.28938118019094	0.495769287200701	0.330089538789053	0.0963478782180021	0.0825878006078969	0.17203888114285	0.43022725293893	1
