1	0.204921167786747	0.239279059886801	0.511362249273162	0.143903349803002	0.304411857799503	0.261396557304138	0.273479832265256	0.175865052088509
0.204921167786747	1	0.060938464203707	0.224829018399926	0.416145907727651	0.355166887184036	0.255748940409272	0.284235732101355	0.284532495363898
0.239279059886801	0.060938464203707	1	0.272642138230306	0.256344848862093	0.170489008059087	0.340599454360328	0.377921460068995	0.111403924676697
0.511362249273162	0.224829018399926	0.272642138230306	1	0.0724699274909828	0.149240175571086	0.417919981951857	0.0946778601771744	0.102728588888743
0.143903349803002	0.416145907727651	0.256344848862093	0.0724699274909828	1	0.098163172987228	0	0.121215698599454	0.0781596471023141
0.304411857799503	0.355166887184036	0.170489008059087	0.149240175571086	0.098163172987228	1	0.222642916046242	0.589798997526422	0.393591333957512
0.261396557304138	0.255748940409272	0.340599454360328	0.417919981951857	0	0.222642916046242	1	0.272913148247213	0.259168718681305
0.273479832265256	0.284235732101355	0.377921460068995	0.0946778601771744	0.121215698599454	0.589798997526422	0.272913148247213	1	0.289612044652099
0.175865052088509	0.284532495363898	0.111403924676697	0.102728588888743	0.0781596471023141	0.393591333957512	0.259168718681305	0.289612044652099	1
