1	0.177611117021364	0.0444165709466123	0.232136206872821	0.351457684537772	0.218693189024614	0.166062672438132	0	0.344861270334487
0.177611117021364	1	0.13043949830539	0	0.0981225792215816	0.383180382401044	0	0.557205723204205	0
0.0444165709466123	0.13043949830539	1	0.359427394459852	0.26539855106467	0.129647120167728	0.0921239927039217	0.0761143745774206	0
0.232136206872821	0	0.359427394459852	1	0.0454060212077575	0	0	0	0
0.351457684537772	0.0981225792215816	0.26539855106467	0.0454060212077575	1	0.076368318188777	0.138138821618265	0	0.0705871544464984
0.218693189024614	0.383180382401044	0.129647120167728	0	0.076368318188777	1	0.0664358532365294	0.464481295264978	0.179327686934651
0.166062672438132	0	0.0921239927039217	0	0.138138821618265	0.0664358532365294	1	0	0
0	0.557205723204205	0.0761143745774206	0	0	0.464481295264978	0	1	0.162123962305621
0.344861270334487	0	0	0	0.0705871544464984	0.179327686934651	0	0.162123962305621	1
