1	0.0462466155737709	0.0951052493997444	0	0	0	0.129278504515799	0	0.126206670176765
0.0462466155737709	1	0.277020908228309	0.159655145050807	0	0.150124165129084	0.0295774199449571	0	0
0.0951052493997444	0.277020908228309	1	0.340601611098157	0.27507491943096	0.104030362746427	0.199579353379075	0	0
0	0.159655145050807	0.340601611098157	1	0.117702281229194	0.0129046288855853	0	0.105065688645156	0.10193264567344
0	0	0.27507491943096	0.117702281229194	1	0.107835611189864	0.233709908744502	0.0979992683743093	0
0	0.150124165129084	0.104030362746427	0.0129046288855853	0.107835611189864	1	0	0.451025314954218	0
0.129278504515799	0.0295774199449571	0.199579353379075	0	0.233709908744502	0	1	0	0
0	0	0	0.105065688645156	0.0979992683743093	0.451025314954218	0	1	0.0955117394387495
0.126206670176765	0	0	0.10193264567344	0	0	0	0.0955117394387495	1
