1	0.0942726295104169	0.401215052977951	0.695990746864873	0.434231852681512	0.127091427072981	0.367297079072373	0.0939414597789888	0.13492065920703
0.0942726295104169	1	0	0.328216778625328	0.227036568354662	0.332189589951726	0	0.641930910042774	0
0.401215052977951	0	1	0.558486140697374	0.642094077110316	0.356574930589025	0.669423029550034	0	0
0.695990746864873	0.328216778625328	0.558486140697374	1	0.673141094134221	0.21928316581736	0.415610548567355	0.288641683146378	0.119971875316096
0.434231852681512	0.227036568354662	0.642094077110316	0.673141094134221	1	0.129812204242951	0.42420938831959	0.0805262165969941	0
0.127091427072981	0.332189589951726	0.356574930589025	0.21928316581736	0.129812204242951	1	0.223676556124183	0.194874010219867	0
0.367297079072373	0	0.669423029550034	0.415610548567355	0.42420938831959	0.223676556124183	1	0	0
0.0939414597789888	0.641930910042774	0	0.288641683146378	0.0805262165969941	0.194874010219867	0	1	0.0303409864885482
0.13492065920703	0	0	0.119971875316096	0	0	0	0.0303409864885482	1
