1	0.433786180377073	0.298499124273089	0.262927256298462	0.102363438422283	0	0.164790609586495	0.201626297616971	0
0.433786180377073	1	0.225549339371031	0.30670557661652	0	0.169734209496444	0.490029588159545	0.529358154583549	0
0.298499124273089	0.225549339371031	1	0.473062746153218	0.359271150331407	0.460247779214972	0	0.317392372446773	0.240103409243832
0.262927256298462	0.30670557661652	0.473062746153218	1	0.12087253275964	0.351671281382745	0.0181569603624669	0.276422698853226	0.153190616607223
0.102363438422283	0	0.359271150331407	0.12087253275964	1	0.298046476869964	0	0	0
0	0.169734209496444	0.460247779214972	0.351671281382745	0.298046476869964	1	0	0.0995873632851488	0.00570976529053995
0.164790609586495	0.490029588159545	0	0.0181569603624669	0	0	1	0.206084184852146	0
0.201626297616971	0.529358154583549	0.317392372446773	0.276422698853226	0	0.0995873632851488	0.206084184852146	1	0.142835225740812
0	0	0.240103409243832	0.153190616607223	0	0.00570976529053995	0	0.142835225740812	1
