1	0.0596225014165063	0.0503926474074193	0	0	0	0.0216959576023878	0	0.0779320315275585
0.0596225014165063	1	0.0722711508211499	0.186175081073213	0.160580850896962	0.215204192103944	0.151257756086648	0	0
0.0503926474074193	0.0722711508211499	1	0	0.247477665426528	0	0.0795270333394916	0	0.16298376812608
0	0.186175081073213	0	1	0	0	0	0.0220515529652807	0
0	0.160580850896962	0.247477665426528	0	1	0.375885411234081	0.115602979039412	0.251228789952057	0
0	0.215204192103944	0	0	0.375885411234081	1	0	0	0.13334301226256
0.0216959576023878	0.151257756086648	0.0795270333394916	0	0.115602979039412	0	1	0.0530545084148413	0
0	0	0	0.0220515529652807	0.251228789952057	0	0.0530545084148413	1	0
0.0779320315275585	0	0.16298376812608	0	0	0.13334301226256	0	0	1
