1	0.0644410262811721	0	0	0	0.107805717376732	0.0585884262662126	0.226217754534057	0
0.0644410262811721	1	0	0	0	0	0	0	0
0	0	1	0	0	0.0248330829586645	0.195199381956434	0.100340867457182	0
0	0	0	1	0	0	0.0113635129960455	0.0152883563806592	0.181762745341855
0	0	0	0	1	0	0.292164968984185	0.18026080581953	0
0.107805717376732	0	0.0248330829586645	0	0	1	0.120210596522607	0	0.0259108501176992
0.0585884262662126	0	0.195199381956434	0.0113635129960455	0.292164968984185	0.120210596522607	1	0	0
0.226217754534057	0	0.100340867457182	0.0152883563806592	0.18026080581953	0	0	1	0
0	0	0	0.181762745341855	0	0.0259108501176992	0	0	1
