1	0.204825532516406	0	0.217719429260265	0	0	0	0.036172113397741	0.0863963403007322
0.204825532516406	1	0.201449475436379	0.368988472469434	0	0.167544686021747	0	0.251201435342279	0
0	0.201449475436379	1	0.0847922195704898	0.172870345214506	0	0.0202582257771999	0	0
0.217719429260265	0.368988472469434	0.0847922195704898	1	0.177854239198014	0.0117929913839124	0.00668563843669338	0.308138918914507	0.182775185892749
0	0	0.172870345214506	0.177854239198014	1	0.111971707293884	0.20998452760626	0.141909615535513	0
0	0.167544686021747	0	0.0117929913839124	0.111971707293884	1	0.0208429508613365	0.208118090288673	0.257290011125619
0	0	0.0202582257771999	0.00668563843669338	0.20998452760626	0.0208429508613365	1	0	0.0899553994425584
0.036172113397741	0.251201435342279	0	0.308138918914507	0.141909615535513	0.208118090288673	0	1	0.0726918953714343
0.0863963403007322	0	0	0.182775185892749	0	0.257290011125619	0.0899553994425584	0.0726918953714343	1
