1	0.335377357385933	0.328939943341287	0.314512860089621	0.29213621259549	0.120856298829731	0.0364275645203386	0.39157532192289	0
0.335377357385933	1	0.401162012449347	0.186760440759058	0.108312767350143	0.339287691967967	0.372911095159101	0.614926647192146	0
0.328939943341287	0.401162012449347	1	0.173714912788225	0.24650118683727	0.270082705086343	0.501128059494038	0.248522154273582	0
0.314512860089621	0.186760440759058	0.173714912788225	1	0.182326520572718	0.000233021903610457	0	0	0
0.29213621259549	0.108312767350143	0.24650118683727	0.182326520572718	1	0	0	0.110771447032681	0
0.120856298829731	0.339287691967967	0.270082705086343	0.000233021903610457	0	1	0.250057297536818	0.401948703102276	0.0649274485760013
0.0364275645203386	0.372911095159101	0.501128059494038	0	0	0.250057297536818	1	0.257956769722409	0.319875468322985
0.39157532192289	0.614926647192146	0.248522154273582	0	0.110771447032681	0.401948703102276	0.257956769722409	1	0.211228945963881
0	0	0	0	0	0.0649274485760013	0.319875468322985	0.211228945963881	1
