1	0	0.218009710965096	0.504680329079824	0.00313416732886345	0.248566927008712	0.329287019443465	0	0.171995851824207
0	1	0.0438303943825459	0.196511566367095	0	0.233950784869081	0	0.188239005066632	0.23184340471412
0.218009710965096	0.0438303943825459	1	0.315099533632171	0.176462315931028	0.114227383183493	0.00193759078412642	0	0
0.504680329079824	0.196511566367095	0.315099533632171	1	0	0.23616882602876	0.47632376518983	0	0.116662214455536
0.00313416732886345	0	0.176462315931028	0	1	0	0.0965354487445977	0	0
0.248566927008712	0.233950784869081	0.114227383183493	0.23616882602876	0	1	0.186177371953494	0	0.197244316279738
0.329287019443465	0	0.00193759078412642	0.47632376518983	0.0965354487445977	0.186177371953494	1	0	0
0	0.188239005066632	0	0	0	0	0	1	0
0.171995851824207	0.23184340471412	0	0.116662214455536	0	0.197244316279738	0	0	1
