1	0.397160559185426	0.604733872092206	0.54109875657045	0.299884635519444	0.269806889698683	0.45881675077577	0.234055585574097	0.310851408964937
0.397160559185426	1	0.395090625720635	0.332841767192254	0.497962230796781	0.685105406184963	0.379948550115642	0.483945220544533	0.0470029750991237
0.604733872092206	0.395090625720635	1	0.492075305475253	0.426294338080777	0.366398288211436	0.420466850851152	0.185453048269188	0.368125091947632
0.54109875657045	0.332841767192254	0.492075305475253	1	0.461121344192665	0.109878334020093	0.303752981811631	0.173692201994229	0.254293603152272
0.299884635519444	0.497962230796781	0.426294338080777	0.461121344192665	1	0.377535466492179	0.203952791950671	0.354166853740402	0.172452653261652
0.269806889698683	0.685105406184963	0.366398288211436	0.109878334020093	0.377535466492179	1	0.355924074577195	0.447932322693028	0.0428678554975076
0.45881675077577	0.379948550115642	0.420466850851152	0.303752981811631	0.203952791950671	0.355924074577195	1	0.388162906586281	0.122662260313931
0.234055585574097	0.483945220544533	0.185453048269188	0.173692201994229	0.354166853740402	0.447932322693028	0.388162906586281	1	0
0.310851408964937	0.0470029750991237	0.368125091947632	0.254293603152272	0.172452653261652	0.0428678554975076	0.122662260313931	0	1
