1	0.112209630513294	0.104189321796998	0.459970621878688	0	0.00725493887639829	0	0.348271493897581	0
0.112209630513294	1	0.342986908096693	0.277229497097252	0.200411397215907	0.354107977685047	0.106417189349901	0.381663051994937	0.129014507623381
0.104189321796998	0.342986908096693	1	0.147651495436888	0.357100167248674	0.0427304060043997	0.277793220819125	0.152753801083419	0.282848144014302
0.459970621878688	0.277229497097252	0.147651495436888	1	0.10123470481244	0.454338804456619	0.0438991744181699	0.30971767221231	0.243924804373736
0	0.200411397215907	0.357100167248674	0.10123470481244	1	0.255877882642555	0.363214138116252	0	0.192216333550372
0.00725493887639829	0.354107977685047	0.0427304060043997	0.454338804456619	0.255877882642555	1	0.268094038877662	0.0105116166128508	0.316148058328561
0	0.106417189349901	0.277793220819125	0.0438991744181699	0.363214138116252	0.268094038877662	1	0.0423200274930544	0.317943369476061
0.348271493897581	0.381663051994937	0.152753801083419	0.30971767221231	0	0.0105116166128508	0.0423200274930544	1	0
0	0.129014507623381	0.282848144014302	0.243924804373736	0.192216333550372	0.316148058328561	0.317943369476061	0	1
