1	0.241873424676415	0.124824574313154	0.766252379310494	0	0	0.383861423740243	0.560856685155905	0
0.241873424676415	1	0.251439239403556	0.236848212375467	0	0	0.475279146211479	0.386644256963528	0
0.124824574313154	0.251439239403556	1	0.0704295277374947	0.182825018205272	0.201375416506283	0.194359787611714	0.119957784053296	0.0773427866996597
0.766252379310494	0.236848212375467	0.0704295277374947	1	0	0	0.222138155913359	0.51226952566216	0
0	0	0.182825018205272	0	1	0.139881672051751	0.104259592306617	0	0.0227954977953217
0	0	0.201375416506283	0	0.139881672051751	1	0	0	0.0400146803850782
0.383861423740243	0.475279146211479	0.194359787611714	0.222138155913359	0.104259592306617	0	1	0.624814780683381	0.0272520156239814
0.560856685155905	0.386644256963528	0.119957784053296	0.51226952566216	0	0	0.624814780683381	1	0
0	0	0.0773427866996597	0	0.0227954977953217	0.0400146803850782	0.0272520156239814	0	1
