1	0	0.521138792897617	0.711573035509034	0	0	0.0926791502896725	0.0262432525216357	0.156809524906228
0	1	0	0	0	0.0924187749799356	0.401883756934314	0.347001278459862	0
0.521138792897617	0	1	0.594693914335468	0.261207254200061	0	0.0791942114261649	0.0854217968328265	0.0952338835523059
0.711573035509034	0	0.594693914335468	1	0.00923556248893522	0	0.309884171351884	0.207249208182329	0.0806434723705902
0	0	0.261207254200061	0.00923556248893522	1	0.10690349749232	0	0	0.161004412613692
0	0.0924187749799356	0	0	0.10690349749232	1	0	0.195111759713473	0.121026555624719
0.0926791502896725	0.401883756934314	0.0791942114261649	0.309884171351884	0	0	1	0.468112603076671	0.158309087387139
0.0262432525216357	0.347001278459862	0.0854217968328265	0.207249208182329	0	0.195111759713473	0.468112603076671	1	0.0730749089869678
0.156809524906228	0	0.0952338835523059	0.0806434723705902	0.161004412613692	0.121026555624719	0.158309087387139	0.0730749089869678	1
