1	0	0	0	0	0	0	0	0.0450355678457355
0	1	0.0742635596143238	0.0791615053690652	0.242719388075186	0.639146255980385	0.0461000744345175	0.17162941732545	0
0	0.0742635596143238	1	0.0908567158786776	0.228529753183316	0.166200498089384	0	0	0.308829205138574
0	0.0791615053690652	0.0908567158786776	1	0.0547830797516549	0.169860288312592	0.0636091187591953	0.390757198794597	0.0497093423408704
0	0.242719388075186	0.228529753183316	0.0547830797516549	1	0.254307356226198	0.159423797573418	0.0367371208861999	0.101248650364287
0	0.639146255980385	0.166200498089384	0.169860288312592	0.254307356226198	1	0.0470677404402786	0.0429839237192243	0.00495430906331795
0	0.0461000744345175	0	0.0636091187591953	0.159423797573418	0.0470677404402786	1	0.249078697636953	0.00412678090911432
0	0.17162941732545	0	0.390757198794597	0.0367371208861999	0.0429839237192243	0.249078697636953	1	0.0531442692325052
0.0450355678457355	0	0.308829205138574	0.0497093423408704	0.101248650364287	0.00495430906331795	0.00412678090911432	0.0531442692325052	1
