1	0.0447807657770909	0.52095710096802	0.403322355859892	0.177171113408769	0	0.269465429375294	0.165842412210234	0.324987101167557
0.0447807657770909	1	0.0633870144531502	0.215783057846199	0.142711084336197	0	0.0531458729709995	0.024455016162644	0.045946718619832
0.52095710096802	0.0633870144531502	1	0.408102589909305	0	0	0.29398664745438	0.194496245662374	0.340239419930913
0.403322355859892	0.215783057846199	0.408102589909305	1	0.108686818777273	0	0.510840765562022	0.123083079155061	0.202169454242103
0.177171113408769	0.142711084336197	0	0.108686818777273	1	0	0.0171885948123882	0	0.111794309296064
0	0	0	0	0	1	0.037832027011657	0	0
0.269465429375294	0.0531458729709995	0.29398664745438	0.510840765562022	0.0171885948123882	0.037832027011657	1	0	0.0791122689177161
0.165842412210234	0.024455016162644	0.194496245662374	0.123083079155061	0	0	0	1	0
0.324987101167557	0.045946718619832	0.340239419930913	0.202169454242103	0.111794309296064	0	0.0791122689177161	0	1
