1	0.106485069933919	0.369939612539199	0.53573086184186	0.297260239507305	0.0178316455193701	0	0.126825561695105	0.132009755220038
0.106485069933919	1	0.163249444077075	0.138778053811112	0.338401542645138	0	0.572573540974385	0.244280010812475	0.138132425986739
0.369939612539199	0.163249444077075	1	0.533650303760953	0.242854473519627	0.135452093983823	0.343809895973424	0.265241209468119	0.246422119840488
0.53573086184186	0.138778053811112	0.533650303760953	1	0.143638662244263	0.430625826939659	0.0194940919525968	0.407772104228085	0.346965963974337
0.297260239507305	0.338401542645138	0.242854473519627	0.143638662244263	1	0	0.36845982117429	0.166487675964352	0.148899591107003
0.0178316455193701	0	0.135452093983823	0.430625826939659	0	1	0	0.334797433442454	0.26219325413924
0	0.572573540974385	0.343809895973424	0.0194940919525968	0.36845982117429	0	1	0.307990933082127	0.0739036719458277
0.126825561695105	0.244280010812475	0.265241209468119	0.407772104228085	0.166487675964352	0.334797433442454	0.307990933082127	1	0.31190839914134
0.132009755220038	0.138132425986739	0.246422119840488	0.346965963974337	0.148899591107003	0.26219325413924	0.0739036719458277	0.31190839914134	1
