1	0	0	0.0295624598784712	0.117172450229743	0.0406250486917613	0	0.161116305118036	0
0	1	0	0	0.0681701892724321	0.0127507988757766	0.0710816020099373	0.163676877508818	0.107805703708108
0	0	1	0.0568023161509208	0.287528515540558	0.0178003280338265	0.0340225066214306	0.0285409530336464	0
0.0295624598784712	0	0.0568023161509208	1	0.0818681968970121	0.0129553955587091	0.173460632180794	0.118009576916364	0
0.117172450229743	0.0681701892724321	0.287528515540558	0.0818681968970121	1	0.120459316991624	0	0.13934240876618	0
0.0406250486917613	0.0127507988757766	0.0178003280338265	0.0129553955587091	0.120459316991624	1	0.244340863810968	0.132081591102875	0.0838784864569304
0	0.0710816020099373	0.0340225066214306	0.173460632180794	0	0.244340863810968	1	0.161044406328128	0.134970763468973
0.161116305118036	0.163676877508818	0.0285409530336464	0.118009576916364	0.13934240876618	0.132081591102875	0.161044406328128	1	0
0	0.107805703708108	0	0	0	0.0838784864569304	0.134970763468973	0	1
