1	0.19916865041762	0.151341218331532	0.145455622692267	0.123548089435869	0.373827289672727	0	0.197403092552373	0
0.19916865041762	1	0.0976194070862087	0	0	0	0.189946816645612	0	0
0.151341218331532	0.0976194070862087	1	0.471354750217703	0.459234631742999	0.128493318205999	0.0131246069772415	0.243457880396487	0
0.145455622692267	0	0.471354750217703	1	0.179436492278802	0.0335641188156259	0.268400086520155	0.121397636211927	0
0.123548089435869	0	0.459234631742999	0.179436492278802	1	0.167647188586734	0	0.177083387323375	0
0.373827289672727	0	0.128493318205999	0.0335641188156259	0.167647188586734	1	0	0.161865427349527	0
0	0.189946816645612	0.0131246069772415	0.268400086520155	0	0	1	0	0.168427520826849
0.197403092552373	0	0.243457880396487	0.121397636211927	0.177083387323375	0.161865427349527	0	1	0
0	0	0	0	0	0	0.168427520826849	0	1
