0	0	0	0.267925	0	0	0	0.36055	0	0	0	0	0.283258333333333	0
0	0	0	0	0	0	0	0	0.299933333333333	0	0	0	0	0
0	0	0	0	0.229291666666667	0	0	0	0.280608333333333	0	0.237066666666667	0	0	0
0.267925	0	0	0	0	0	0.372258333333333	0	0	0	0	0.2841	0	0.266958333333333
0	0	0.229291666666667	0	0	0	0	0	0.408	0	0.27905	0	0	0.281408333333333
0	0	0	0	0	0	0	0	0	0.318216666666667	0	0	0	0.376275
0	0	0	0.372258333333333	0	0	0	0	0	0	0.237516666666667	0	0	0.329566666666667
0.36055	0	0	0	0	0	0	0	0	0	0	0.325825	0	0
0	0.299933333333333	0.280608333333333	0	0.408	0	0	0	0	0.301066666666667	0	0.306308333333333	0	0.305983333333333
0	0	0	0	0	0.318216666666667	0	0	0.301066666666667	0	0.310066666666667	0.399925	0	0.494758333333333
0	0	0.237066666666667	0	0.27905	0	0.237516666666667	0	0	0.310066666666667	0	0.4106	0	0.427425
0	0	0	0.2841	0	0	0	0.325825	0.306308333333333	0.399925	0.4106	0	0	0.449091666666667
0.283258333333333	0	0	0	0	0	0	0	0	0	0	0	0	0
0	0	0	0.266958333333333	0.281408333333333	0.376275	0.329566666666667	0	0.305983333333333	0.494758333333333	0.427425	0.449091666666667	0	0
