0	0	0	0.339533333333333	0.445183333333333	0	0	0	0	0	0	0	0
0	0	0	0.3182	0	0	0.308716666666667	0	0	0	0	0	0.322283333333333
0	0	0	0.598183333333333	0.293491666666667	0	0	0	0.282633333333333	0	0	0	0.324491666666667
0.339533333333333	0.3182	0.598183333333333	0	0	0	0.247525	0	0	0	0	0	0.333108333333333
0.445183333333333	0	0.293491666666667	0	0	0	0	0	0	0	0	0	0
0	0	0	0	0	0	0.320166666666667	0	0.404325	0	0.301416666666667	0.371516666666667	0
0	0.308716666666667	0	0.247525	0	0.320166666666667	0	0	0.404991666666667	0	0	0.530933333333333	0.373
0	0	0	0	0	0	0	0	0.326883333333333	0.382641666666667	0.545066666666667	0	0
0	0	0.282633333333333	0	0	0.404325	0.404991666666667	0.326883333333333	0	0.333291666666667	0.332041666666667	0.498425	0.364416666666667
0	0	0	0	0	0	0	0.382641666666667	0.333291666666667	0	0.372975	0	0
0	0	0	0	0	0.301416666666667	0	0.545066666666667	0.332041666666667	0.372975	0	0	0
0	0	0	0	0	0.371516666666667	0.530933333333333	0	0.498425	0	0	0	0.450033333333333
0	0.322283333333333	0.324491666666667	0.333108333333333	0	0	0.373	0	0.364416666666667	0	0	0.450033333333333	0
