0	0	0.391866666666667	0.388391666666667	0.37615	0	0	0	0	0	0	0	0
0	0	0	0	0	0	0	0	0	0	0	0	0
0.391866666666667	0	0	0.654258333333333	0	0	0	0.210808333333333	0	0	0	0	0.31395
0.388391666666667	0	0.654258333333333	0	0	0	0	0	0	0	0	0	0.337666666666667
0.37615	0	0	0	0	0	0	0	0	0	0	0	0
0	0	0	0	0	0	0.2998	0	0.42995	0	0.28765	0.32995	0
0	0	0	0	0	0.2998	0	0	0.366466666666667	0.281483333333333	0	0.514275	0.3494
0	0	0.210808333333333	0	0	0	0	0	0	0.322116666666667	0.485208333333333	0	0
0	0	0	0	0	0.42995	0.366466666666667	0	0	0.37245	0	0.39895	0.267391666666667
0	0	0	0	0	0	0.281483333333333	0.322116666666667	0.37245	0	0.30095	0	0
0	0	0	0	0	0.28765	0	0.485208333333333	0	0.30095	0	0	0
0	0	0	0	0	0.32995	0.514275	0	0.39895	0	0	0	0.408858333333333
0	0	0.31395	0.337666666666667	0	0	0.3494	0	0.267391666666667	0	0	0.408858333333333	0
