0	0	0	-0.267925	0	0	0	0.044333333333333	0	0	0	0	-0.040616666666665996	0
0	0	0	0	0	0	0	0	-0.299933333333333	0	0	0	0	0
0	0	0	0	-0.229291666666667	0	0	0	-0.280608333333333	0	-0.237066666666667	0	0	0
-0.267925	0	0	0	0.299225	0	0.012008333333333954	0	0	0	0	-0.2841	0	-0.266958333333333
0	0	-0.229291666666667	0.299225	0	0	0	0	-0.408	0	-0.27905	0	0	-0.281408333333333
0	0	0	0	0	0	0	0	0	-0.318216666666667	0	0	0	0.007233333333332981
0	0	0	0.012008333333333954	0	0	0	0	0	0.28525	-0.237516666666667	0	0	-0.329566666666667
0.044333333333333	0	0	0	0	0	0	0	0	0.326391666666667	0	-0.325825	0	0
0	-0.299933333333333	-0.280608333333333	0	-0.408	0	0	0	0	-0.301066666666667	0	-0.306308333333333	0	-0.305983333333333
0	0	0	0	0	-0.318216666666667	0.28525	0.326391666666667	-0.301066666666667	0	0.023350000000000037	-0.01608333333333295	0	-0.07731666666666603
0	0	-0.237066666666667	0	-0.27905	0	-0.237516666666667	0	0	0.023350000000000037	0	-0.12830833333333302	0	0.023125000000000007
0	0	0	-0.2841	0	0	0	-0.325825	-0.306308333333333	-0.01608333333333295	-0.12830833333333302	0	0	-0.449091666666667
-0.040616666666665996	0	0	0	0	0	0	0	0	0	0	0	0	0.257616666666667
0	0	0	-0.266958333333333	-0.281408333333333	0.007233333333332981	-0.329566666666667	0	-0.305983333333333	-0.07731666666666603	0.023125000000000007	-0.449091666666667	0.257616666666667	0
