0	0	0	0	0	0	0	0	0
0	0	0.295733333333333	0	0	0	0.135491666666666	0	0
0	0.295733333333333	0	-0.307408333333333	0	0.3751	-0.020500000000000018	-0.2396	0
0	0	-0.307408333333333	0	-0.04709166666666598	-0.3504	-0.300583333333333	0	0
0	0	0	-0.04709166666666598	0	-0.30755	-0.346433333333333	0	0
0	0	0.3751	-0.3504	-0.30755	0	0.012525000000000008	0	0.358408333333333
0	0.135491666666666	-0.020500000000000018	-0.300583333333333	-0.346433333333333	0.012525000000000008	0	0	0
0	0	-0.2396	0	0	0	0	0	0
0	0	0	0	0	0.358408333333333	0	0	0
