0	0	-0.03370000000000001	0	0.03610833333333302	0.377458333333333	0.392608333333333	0	0	0.08272499999999999	0.325416666666667	0	-0.18330833333333302	0	0	0.333891666666667	0	-0.370825	0.330008333333333	-0.046933333333332994	-0.316275	-0.301141666666667	0.0061750000000000416	0.243991666666667	0	0.394116666666667	0.033483333333332976	0.04477500000000001	0	0	0	0	0	0	0	0	-0.30705	-0.338358333333333	0	0.258433333333333	0	0	0	-0.2728	0	0	0	0	0	0	0	0	0	0	0	0	0	0	0	0	0	0	0	0	0	0	0	0	0	0	0	0	0	0	0	0	0	0	0	0	0	0	0	0	0	0	0	0	0	0	0	0	0	0	0	0	0	0	0	0	0	0	0	0	0	0	0	0	0	0	0	0	0	0	0	0	0	0	0	0	0	0	-0.281208333333333	-0.267491666666667	0	0	0	0	0	0	0	0	0	0	0	0	0	0	0	0	0	0	0	0	0	0	0	0	0.327908333333333	0	0	0	0	0	0	0	0	0	0	0	0	0	0	0	0	0	0	0	0	0	0	0	0	0	0	0	0	0	0	0	0	0.027874999999999983	0	0	0	0	0	0	0	0	0	0	0	0	0	0	0	0	0	0	0	0	0	0	0	0	0	0	0	0	0	0	0	0	0	0.21265	0	0	0	0	0	-0.359308333333333	0	0	0	-0.345566666666667	-0.299741666666667	0	0	0	-0.364941666666667	0	0	0	0	0	0	0	0	0	0	0	0	0	0	0	0	0	0	0	0	0	0	0	0	0	0	0	0	0	0	0	0	0
0	0	0	0	0	0	0	0	0	0	0	0	0	0	0	0	0	0	0	0	0	0	0	0	0	0	0	0	0	0	0	0	0	0	0	0	0	0	0	0	0	0	0	0	0	0	0	0	0	0	0	0	0	0	0	0	0	0	0	0	0	0	0	0	0	0	0	0	0	0	0	0	0	0	0	0	0	0	0	0	0	0	0	0	0	0	0	0	0	0	0	0	0	0	0	0	0	0	0	0	0	0	0	0	0	0	0	0	0	0	0	0	0	0	0	0	0	0	0	0	0	0	0	0	0	0	0	0	0	0	0	0	0	0	0	0	0	0	0	0	0	0	0	0	0	0	0	0	0	0	0	0	0	0	0	0	0	0	0	0	0	0	0	0	0	0	0	0	0	0	0	0	0	0	0	0	0	0	0	0	0	0	0	0	0	0	0	0	0	0	0	0	0	0	0	0	0	0	0	0	0	0	0	0	0	0	0	0	0	0	0	0	0	0	0	0	0	0	0	0	0	0	0	0	0	0	0	0	0	0	0	0	0	0	0	0	0	0	0	0	0	0	0	0	0	0	0	0	0	0	0	0	0	0	0	0	0	0	0	0	0	0	0	0
-0.03370000000000001	0	0	0.035266666666667	0.388641666666667	0.06887499999999996	0.0015999999999999903	-0.04244166666666599	0.033216666666666006	0.356158333333333	0.11869166666666603	-0.03821666666666701	0.04429166666666601	-0.05961666666666704	-0.359566666666667	0.03749166666666598	-0.32215	0.06427499999999997	0.427608333333333	0.308316666666667	-0.060524999999999995	0.10238333333333405	0.02300833333333302	0.084725	-0.148733333333333	0.389341666666667	0.01915	0.017525000000000013	-0.00393333333333401	-0.04003333333333298	-0.358866666666667	0	0	-0.366766666666667	0	0	0	-0.053891666666667004	-0.312741666666667	0.06712500000000005	0	0	0	-0.304875	0	-0.2603	0	0	0	4.3333333333300805e-4	0	-0.328416666666667	-0.38315	0.371466666666667	-0.359366666666667	0	0	0	-0.273791666666667	-0.343758333333333	0	0.323183333333333	0	0	0	0	0	0	0	0	0	0	0	0	0	0	0	0	0	0	0	0	0	0	0	0	0	0	0	0	0	0	0	0	0	0	0	0	0	0	0	0	0	-0.36945	0	0	0	0	0	-0.26615	0	0	0	0	0	0	0	0	0	0	0	0	0	0	0	0	0	0	0	0	0	0	0	0	0	0	0	0	0	0	0	0	0	0	0	0.265275	0	0	0	0	0	0	0	0	0	0	0	0	0	0	0	0	0	0	0	0	0	0	0	0	0	0	0	0	0	0	0	0	0	0	0	-0.09352499999999997	0	0	0	0	0	0	0	0	0	0	0	0	0	0	0	0	0	0	0	0	0	0	0	0	0	0	0	0.289508333333333	0	0	0	0	0	0.04574166666666596	-0.3249	0	0	0	0	0	-0.260391666666667	0	0	0	-0.307233333333333	0	0	0	0	0	0	0	0	0	0	0	0	0	0	0	0	0	0	0	0	0	0	0	0	0	0	0	0	0	0	0	0	0	0	0	0	0
0	0	0.035266666666667	0	-0.275233333333333	0	0	0	0.006558333333333	0	0	-0.281841666666667	-0.042533333333333034	-0.12166666666666598	0	-0.06413333333333304	-0.03595833333333398	0.300066666666667	0	0	0	-0.3051	0	0.393358333333333	-0.021625000000000005	0	-0.262883333333333	-0.07402499999999995	-0.031183333333334007	-0.323116666666667	0	0	0	-0.2723	0	0	-0.307908333333333	-0.02021666666666705	0	-0.014825000000000088	0	0	0	-0.08628333333333399	0	-0.301366666666667	-0.251275	0	-0.09813333333333399	0	0	-0.358283333333333	0	-0.007500000000000007	-0.261183333333333	0	-0.028016666666665996	-0.03538333333333399	0	-0.315341666666667	-0.288241666666667	0	0	0	0	0	0	0	0	0	0	0	0	0	0	0	0	0	0	0	0	0	0	0	0	0	0	0	0	0	0	0	0	0	0	0	0	0	0	0	0	0	0	-0.214191666666667	0	0	0	0	0	0	0	0	0	0	0	0	0	0	0	0	0	0	0	0	0	0	0	0	0	0	0	0	0	0	0	0	0	0	0	0	0	0	0	0	0	0	0	0	0	0	0	0	0	0	0	0	0	0	0	0	0	0	0	0	0	0	0	0	0	0	0	0	0	0	0	0	0	0	0	0	0	0	0	0	0	0	0	0	0	0	0	0	0	0	0	0	0	0	0	0	0	0	0	0	0	0	0	0	0.283741666666667	0	0	0	0	0	0	-0.268566666666667	-0.295641666666667	0	0	0	0	0	0	0	0	0	0	0	0	0	0	0.275416666666667	0	0	0	0	0	0	0	0	0	0	0	0	0	0	0	0	0	0	0	0	0	0	0	0	0	0	0	0	0	0	0	0
0.03610833333333302	0	0.388641666666667	-0.275233333333333	0	0.08936666666666604	0.08300833333333296	-0.316125	0	0.09435833333333299	0.419583333333333	-0.299391666666667	0	0	0	0.033283333333333	0.260733333333333	0.277258333333333	0.116458333333333	-0.004616666666665992	0	0.13035833333333302	0.13988333333333297	-0.312525	0	0.3897	0.04835833333333295	0.08240833333333297	-0.03873333333333301	-0.225066666666667	-0.11376666666666696	0	-0.313516666666667	-0.083133333333333	0	0	0	0	0	0	0	0	0	0	0	0	0	0	0	-0.2887	0	-0.255275	0.317208333333333	0	0.290866666666667	0	0	0	-0.339141666666667	-0.04728333333333301	0	-0.288608333333333	0	0	0	0	0	0	0	0	0	0	0	0	0	0	0	0	0	0	0	0	0	0	0	0	0	0	0	0	0	0	0	0	0	0	0	0	0	0	0	0	0	0.012266666666666037	0	0	0	0	0	0	0	0	0	0	0	0	0	0	0	0	0	0	0	0	0	0	0	0	0	0	0	0	0	0	0	0	0	0	0	0	0	0	0	0	0	0	0	0	0	0	0	0	0	0	0	0	0	0	0	0	0	0	0	0	0	0	0	0	0	0	0	0	0	0	0	0	0	0	0	0	0	-0.324408333333333	0	0	0	0	0	0	0	0	0	0	0	0	0	0	0	0	0	0	0	0	0	0	0	0	0	0	0	0	0	0	0	0	0	-0.007591666666666996	0	0	0	0	0	0	0	0	-0.248716666666667	0	0	0	0	0	0	0	0	0	0	0	0	0	0	0	0	0	0	0	0	0	0	0	0	0	0	0	0	0	0	0	0	0	0	0	0	0	0	0
0.377458333333333	0	0.06887499999999996	0	0.08936666666666604	0	0.08851666666666602	-0.3426	0	0.11828333333333296	0.036333333333333995	0	-0.311216666666667	0.273083333333333	0	0.076658333333333	0	0	0.08776666666666699	0.015958333333334018	-0.314783333333333	0.055308333333333015	0.07137500000000002	0.01729166666666604	0	0.104783333333333	0.06267500000000004	0.06189166666666701	-0.08050833333333302	0	-0.351225	0	0	0	0	0	0	0	-0.223216666666667	0.289	0	0	0	0	0	0	0	0	0	0.307841666666667	0	0.270225	0	0	0	0	0	0	0	-0.256858333333333	0	0	0.22465	0	0	0	0	0	0	0	0	0	0	0	0	0	0	0	0	0	0	0	0	0	0	0	0	0	0	0	0	0	0	0	0	0	0	0	0	0	0	0	0	0	-0.300958333333333	0	0	0	0	0	0	0	0	0	0	0	0	0	0	0	0	0	0	0	0	0.262791666666667	0	0	0	0	0	0	0	0	0	0	0	0	0	0	0	0	0	0	0	0	0	0	0.251991666666667	0	0	0	0	0	0	0	0	0	0	0	0	0	0	0	0	0	0	0	0	0	0	0	0	0	0	0	0	0	0	0	0	0	0	0	0	0	0	0	0	0	0	0	0	0	0	0	0	0	0	0	0	0	0	0	0	0	0	0	0	0	0	0	0	0	0	0	0	0	0	0	0	0.286125	0	0	0	0	0	0	0	0	0	0	0	0	0	0	0	0	0	0	0	0	0	0	0	0	0	0	0	0	0	0	0	0	0	0	0	0	0	0	0	0	0	0
0.392608333333333	0	0.0015999999999999903	0	0.08300833333333296	0.08851666666666602	0	-0.353216666666667	0.27615	0.14728333333333293	0.013541666666667007	0	-0.005625000000000047	-0.314466666666667	-0.28205	0.453008333333333	0	-0.029466666666666974	0.16518333333333401	0	-0.340775	0.053408333333333	0.447583333333333	0.361966666666667	-0.336733333333333	0.07567499999999999	0.11525833333333402	0.06839166666666602	0.014558333333334006	0	-0.418658333333333	-0.295475	0	-0.350233333333333	-0.336808333333333	0	0	0	0	0.302158333333333	0	0	0	0	0	0	0	0	0	0	0	0.277883333333333	-0.357341666666667	0	0	0	0	-0.253691666666667	-0.288291666666667	0	-0.239825	0	0	0	0	0	0	0	0	0	0	0	0	0	0	0	0	0	0	0	-0.301525	0	0	0	0	0	0	0	0	0	0	0	0	0	0	0	0	0	0	0	0	0	0	-0.255325	0	0	0	0	0	0	0	0	0	0	0	0	0	0	0	0	0	0	0	0	0	0	0	0	0	0	0.272191666666667	0	0	0.231016666666667	0	0	0	0	0.25995	0	0	0	0	0	0.252841666666667	0	0	0	0.279983333333333	0.2962	0	0	0	0	0	0	0	0	0	0	0	0	0	0	0	0	0	0	0	0	0	0	0	0	0	0	0	0	0	0	0	0.05323333333333302	0	0	0	0	0	0	0	0	0	0	0	0	0	0	0	0	0	0	0	0	0	0	0	0	0	0	0	0	0	0	0	0	0	0	-0.275541666666667	0	0	0	0	0	0	0	-0.351025	0	-0.290016666666667	0	0	0	0	0	0	0	0	0	0	0	0	0	0	0	0	0	0	0	0	0	0	0	0	0	0	0	0	0	0	0	0	0	0	0	0	-0.28515
0	0	-0.04244166666666599	0	-0.316125	-0.3426	-0.353216666666667	0	0.006041666666666001	0	-0.08553333333333402	0.08777500000000005	-0.406041666666667	-0.022199999999999998	-0.05789999999999995	-0.283291666666667	0.048150000000000026	5.333333333339962e-4	0	-0.376783333333333	0.005199999999999982	-0.3116	-0.3899	0.01956666666666701	-0.04727500000000001	-0.252566666666667	-0.3828	-0.397425	-0.099766666666667	-0.03304166666666697	-0.49865	-0.313391666666667	-0.354291666666667	-0.389008333333333	-0.424041666666667	0	-0.390008333333333	-0.1134	-0.274833333333333	0	0	0	0	0.053158333333332974	0	0	0	0	0	-0.248941666666667	0	-0.297891666666667	-0.287016666666667	-0.07592499999999996	0	0	0	-0.03662500000000002	-0.33955	-0.296516666666667	-0.09315000000000001	-0.04431666666666598	0	0	0	0	0	0	0	0	0	0	0	0	0	0	0	0	0	0	-0.273625	0	0	0	0	0	0	0	0	0	0	0	0	0	0	0	0	0	0	0	0	0	0	0	0	0	0	0	0	0	0	0	0	0	0	0	0	0	0	0	0	0	0	0	0	0	0	0	0	0	0	0	0	0.235408333333333	0	0	0.259066666666667	0	0	0	0	0	0	0	0	0	-0.281325	-0.242258333333333	0	0	0	0	0	0	0	0	0	0	0	0	0	0	0	0	0	0	0	0	0	0	0	0	0	0	0	0	0	0	0	0	0	0	0	0	0	0	0	0	0	0	0	0	0	0	0	0	0	0	0	0	0	0	0	0	0	0	0	0	0	0	0	0	0	0	0	-0.29105	-0.300141666666667	-0.2831	0	0	0	0	-0.323983333333333	0	-0.326275	0	-0.11327499999999996	0	0	0	-0.293891666666667	0	0	0	0.291008333333333	0	0	0	0	0	0	0	0	0	0	0	0	0	0	0	0	0	0	0	0	0	0	0	0	0	0	0	0	0
0	0	0.033216666666666006	0.006558333333333	0	0	0.27615	0.006041666666666001	0	0	0.334766666666667	-0.046408333333333995	0.015666666666666995	0.012199999999999989	0	-0.356016666666667	0.3443	-0.388333333333333	0.284408333333333	0	-0.049199999999999966	-0.333025	-0.291375	0.06828333333333403	-0.10827500000000001	0	0	-0.018175000000000052	0.03349166666666603	0.06223333333333397	0	-0.290108333333333	0	0	-0.294133333333333	0	0	0.084633333333333	0	0.289658333333333	0	0	0	0.2173	0	0	0	0	0	0	0	0	0	0	0	0	0	0	0	0	0	0	0	0	0	0	0	0	0	0	0	0	0	0	0	0	0	0	0	0	0	0	0	0	0	0	0	0	0	0	0	0	0	0	0	0	0	0	0	0	0	0	0	0	0	0	0	0	0	0	0	0	0	0	0	0	0	0	0	0	0	0	0	0	0	0	0	0	0	0	0	0	0	0	0	0	0	0	0	0	0	0	0	0	0	0	0	0	0	0	0	0	0	0	0	0	0	0	0	0	0	0	0	0	0	0	0	0	0	0	0	0	0	0	0	0	0	0	0	0	0	0	0	0	0	0	0	0	0	0	0	0	0	0	0	0	0	0	0	0	0	0	0	0	0	0	0	0	0	0	0	0	0	0	0	0	0	0	0	0	0	0	0	0	0	0	0	0	0	0	0	0	0	0	0	0	0	0	0	0	0	-0.299708333333333	0	0	0	0	0	0	0	0	0	0	0	0	0	0	0	0	0	0	0	0	0	0
0.08272499999999999	0	0.356158333333333	0	0.09435833333333299	0.11828333333333296	0.14728333333333293	0	0	0	0	0	0.324075	0.307833333333333	0	0.350925	0	0	0.11366666666666697	0.058425000000000005	-0.03284166666666699	0.299541666666667	0.19921666666666704	0.322933333333333	0	0.12732500000000002	0.130091666666667	0.204133333333333	0.29945	0	0	0	0	0	0	0	0	0	0	0	0	0	0	0	0	0	0	0	0	0	0	0	-0.209225	0	0	0	0	0	0	0	0	0	0	0	0	0	0	0	0	0	0	0	0	0	0	0	0	0	0	0	0	0	0	0	0	0	0	0	0	0	0	0	0	0	0	0	0	0	0	0	0	0	0	0	0	0	0	0	0	0	0	0	0	0	0	0	0	0	0	0	0	0	0	0.258308333333333	0	0.315858333333333	0	0.25135	0	0.248166666666667	0	0	0	0	0	0.274366666666667	-0.2505	0.252825	0.3177	0	0	0.296991666666667	0	0	0.308675	0.309991666666667	0	0	0.037624999999999964	0.330141666666667	-0.261016666666667	0	0	0	0	0	0	0	0	0	0	0	0	0	0	0	0	0	0	0	0	0	0	0	0	0	0	0	0	0	0	0.375466666666667	0	0	0	0	0	0	0	0	0	0	0	0	0	0	0	0	0	0	0	0	0	0	0	0	0	0	0	0	0	0	0	0	0	0	0	0	0	0	0	0.1371	0	0	0	0.265991666666667	0	0	0	0	-0.346675	0	0	0	0	0	0	0	0	0	0	0	0	0	0	0	0	0	0	0	0	0	0	0	0	0	0	0	0	0	0	0	0	0
0.325416666666667	0	0.11869166666666603	0	0.419583333333333	0.036333333333333995	0.013541666666667007	-0.08553333333333402	0.334766666666667	0	0	0	-0.014133333333332998	-0.299016666666667	-0.393666666666667	0.08561666666666701	0	-0.029791666666666994	0.07388333333333302	-0.342583333333333	-0.10844166666666599	0.445891666666667	0.03540000000000004	0.331475	-0.349541666666667	0.348366666666667	0.423433333333333	0.12728333333333297	0.370141666666667	-0.276391666666667	-0.309358333333333	0	0	-0.283783333333333	-0.292716666666667	0	0	0	0	0.311141666666667	0	0	0	0	0	0	0	0	0	0	0	0	0.08428333333333299	0	0	0	0	0	-0.2135	0	0	0.318475	0	0	0	0	0	0	0	0	0	0	0	0	0	0	0	0	0	0	0	0	0	0	0	0	0	0	0	0	0	0	0	0	0	0	0	0	0	0	0	0	0	0	0	0	0	0	0	0	0	0	0	0	0	0	0	0	0	0	0	0	0	0	0	0	0	0	0	0	0	0	0	0	0	0	0	0	0	0	0	0	0	0	0	0.233733333333333	0	0	0	0	0	0	0	0	0	0	0	0	0	0	0	0	0	0	0	0	0	0	0	0	0	0	0	0	0	0	0	0	0	0	0	0.351366666666667	0	0	0	0	0	0	0	0	0	0	0	0	0	0	0	0	0	0	0	0	0	0	0	0	0	0	0	0	0	0	0	0	0	0	0	0	0	0	0	0	0	0	0	0	0	0	0	0	0	0	0	0	-0.284716666666667	0	0	0	0	0	0	0	0	0	0	0	0	0	0	0	0	0	0	0	0	0	0	0	0	0	0	0	0	0
0	0	-0.03821666666666701	-0.281841666666667	-0.299391666666667	0	0	0.08777500000000005	-0.046408333333333995	0	0	0	-0.385666666666667	-0.05200833333333299	-0.06895833333333401	-0.424225	0.006450000000000011	-0.035566666666667024	0.31265	0	0.029058333333333963	-0.145175	-0.0378	-0.11059166666666703	-0.06833333333333402	0	-0.10654166666666598	-0.477308333333333	-0.10963333333333297	0.0011916666666659803	-0.421208333333333	0	0	-0.397491666666667	0	0	0	0	-0.297541666666667	0	0	0	0	0.280233333333333	0	0	0	0	0	0	0	0	0	0	0	0	0	0	-0.007749999999999979	0	0	0.274883333333333	0	0	0	0	0	0	0	0	0	0	0	0	0	0	0	0	0	0	0	0	0	0	0	0	0	0	0	0	0	0	0	0	0	0	0	0	0	0	0	0	0	-0.334891666666667	0	0	0	0	0	-0.238433333333333	0	0	0	0	0	0	0	-0.285275	0	0	0	0	0	0	0	0	0	0	0	0	0	0	0	0	0	0	0	0	0	0	0	0	0	0	0	0	0	0	0	0	0	0	0	0	0	0	0	0	0	0	0	0	0	0	0	0	0	0	0	0	0	0	0	0	0	0	0	0	0	0	0	0	0	0	0	0	0	0	0	0	0	0	0	0	0	0	0	0	0	0	0	0	0	0	0	0	0	0	0	0	0	0	0	0	0	-0.3005	0	0	0	0	0	0	0	0	0	0	-0.06275833333333303	0	0	0	0	0.243791666666667	0	0	0	0	0	0	0	0	0	-0.246991666666667	0	0	0	0	0	0	0	0	0	0	0	0	0	0	0	0	0	0	0	0	0	0
-0.18330833333333302	0	0.04429166666666601	-0.042533333333333034	0	-0.311216666666667	-0.005625000000000047	-0.406041666666667	0.015666666666666995	0.324075	-0.014133333333332998	-0.385666666666667	0	-0.473908333333333	0	-0.060633333333332984	-0.037441666666666984	-0.09801666666666703	0.02405833333333396	-0.0016666666666669827	-0.16922499999999996	-0.09918333333333301	-0.368791666666667	0.026749999999999996	-0.349458333333333	0.328033333333333	-0.278358333333333	0.01435000000000003	-0.09731666666666694	-0.03659166666666602	-0.33835	0	0	-0.274058333333333	0	0	-0.399166666666667	-0.350075	0	0.347166666666667	0	0	0	0	0	0	0	0	0	0	0	-0.0701	0	0	0	0	0.256175	-0.2912	0	-0.306533333333333	-0.10209166666666702	0	0	0	0	0	0	0	0	0	0	0	0	0	0	0	0	0	0	0	0	0	0	0	0	0	0	0	0	0	0	0	0	0	0	0	0	0	0	0	0	0	0	0.228333333333333	0	0	0	0	0	0	0	0	0	0	0	0	0	0	0	0	0	0	0	0	0	0	0	0	0	0	0	0	0	0	0	0	0	0	0	0	0	0	0	0	0	0	0	0	0	0	0	0	0	0	0	0	0	0	0	0	0	0	0	0	0	0	0	0	0	0	0	0	0	0	0	0	0	0	0	0	0	0	0	0	0	0	0	0	0	0	0	0	0	0	0	0	0	0	0	0	0	0	0	0	0	0	0	0	0	0	0	0	0	0	0	-0.307	-0.346791666666667	0	0	0	0	0	-0.260116666666667	0	0	-0.041716666666666014	-0.309125	0	0	0	0.044616666666667026	-0.310516666666667	0	0	0	0	0	0	0	0	0	0	0	0	0	0	0	0	0	0	0	0	0	0	0	0	0	0	0	0	0	0	0	0
0	0	-0.05961666666666704	-0.12166666666666598	0	0.273083333333333	-0.314466666666667	-0.022199999999999998	0.012199999999999989	0.307833333333333	-0.299016666666667	-0.05200833333333299	-0.473908333333333	0	-0.399675	-0.287983333333333	-0.047008333333333985	-0.04515000000000002	0	-0.287833333333333	-0.126625	0	-0.322608333333333	-0.016183333333332994	-0.447808333333333	0	0.269858333333333	0	-0.10930000000000001	-0.038691666666666014	-0.07619999999999999	-0.284658333333333	-0.341466666666667	-0.04799999999999999	0.03624999999999995	0	-0.09568333333333401	-0.07048333333333401	0	0	0	0	0	-0.303408333333333	0	0	0	0	0	0	0	0	0	-0.319466666666667	0	0	-0.236516666666667	0	-0.04113333333333302	-0.349458333333333	5.000000000000004e-4	0	0	0	0	0	0	0	0	0	0	0	0	0	0	0	0	0	0	0	0	0	0	0	0	0	0	0	0	0	0	0	0	0	0	0	0	0	0	0	0	0	0	-0.287283333333333	0	0	0	0	0	0	0	0	0	0	0	0	0	0	0	0	0	0	0	0	0	0	0	0	0	0	0	0	0	-0.244241666666667	0	0	0	0	0	0	0	0	0	0	0	0	0	0	0	0	0	0	0	0	0	0	0	0	0	0	0	0	0	0	0	0	0	0	0	0	0	0	0	0	0	0	0	0	0	0	0	0	0	0	0	0	0	0	0	0	0	0	0	0	0	0	0	0	0	0	0	0	0	0	0	0	0	0	0	0	0	0	0	0	0	-0.266366666666667	0	0	0	0	0	0	0	0	0	0	-0.39745	0	0	0	0	-0.300308333333333	0	0	0	0	0	0	0	0	0	0	0	0	0	0	0	0	0	0	0	0	0	0	0	0	0	0	0	0	0	0	0	0
0	0	-0.359566666666667	0	0	0	-0.28205	-0.05789999999999995	0	0	-0.393666666666667	-0.06895833333333401	0	-0.399675	0	0	0	0	0	0	-0.136008333333333	0	0	0	-0.23725833333333401	0.381141666666667	0.276708333333333	0.0031666666666670396	0	-0.366441666666667	0	0	0	-0.249491666666667	0	0	0	0	0	0	0	0	0	0	0	0	0	0	0	0	0	0	0	0	0	0	0	0	0	-0.247541666666667	0	0	0	0	0	0	0	0	0	0	0	0	0	0	0	0	0	0	0	0	0	0	0	0	0	0	0	0	0	0	0	0	0	0	0	0	0	0	0	0	0	0	0	0	0	0	0	0	0	0	0	0	0	0	0	0	0	0	0	0	0	0	0	0	0	0	0	0	0	0	0	0	0	0	0	0	0	0	0.223483333333333	0	0	0	0	0	0	0	0	0	0	0.236975	0	0	0	0	0	0	0	0	0	0	0	0	0	0	0	0	0	0	0	0	0	0	0	0	0	0	0	0	0	0	0	0	0	0	0	0	0	0	0	0	0	0	0	0	0	0	0	0	0	0	0	0	0	0	0	0	0	0	0	0	0	0	0	0	0	0	0	0	0	0	0	0	0	0	0	0	0	0	0	0	0	0	0	0	0	0	0	0	0	0	0	0	0	0	0	0	0	0	0	0	0	0	0	0	0	0	0	0	0	0	0	0	0	0
0.333891666666667	0	0.03749166666666598	-0.06413333333333304	0.033283333333333	0.076658333333333	0.453008333333333	-0.283291666666667	-0.356016666666667	0.350925	0.08561666666666701	-0.424225	-0.060633333333332984	-0.287983333333333	0	0	-0.28175	-0.13025000000000003	0.08542500000000003	0	0	-0.028041666666665965	-0.005741666666666978	-0.080591666666666	-0.325583333333333	0.32585	0.0033833333333330162	-0.061666666666667036	-0.034816666666666995	0	-0.374108333333333	-0.04981666666666698	0	-0.365375	-0.265516666666667	0	0	0	0	0.304583333333333	0	0	0	0	0	0	0	0	0	0.087216666666667	0	-0.029391666666665983	-0.337441666666667	0	-0.02093333333333297	0	0	0	-0.034125000000000016	-0.4094	-0.242533333333333	0	0	0	0	0	0	0	0	0	0	0	0	0	0	0	0	0	0	0	0	0	0	0	0	0	0	0	0	0	0	0	0	0	0	0	0	0	0	0	0	0	0	-0.334166666666667	0	0	0	0	0	-0.246283333333333	0	0	0	0	0	0	0	0	0	0	0	0	0	0	0	0	0	0	0	0	0	0	0	0	0	0	0	0	0	0	0	0	0	0	0	0	0	0	0	0	0	0	0	0	0	0	0	0	0	0	0	0	0	0	0	0	0	0	0	0	0	0	0	0	0	0	0	0	0	0	0	0	0	0	0	0	0	0	0	0	0	0	0	0	0	0	0	0	0	0	0	0	0	0	0	0	0	0	0	0	0	0	0	0	0	-0.0519	-0.022149999999999948	0	0	0	0	0	0	0	0	0	0	0	0	0	0	0	0	0	0	0	0	0	0	0	0	0	0	0	0	0	0	0	0	0	0	0	0	0	0	0	0	0	0	0	0	0	0	0
0	0	-0.32215	-0.03595833333333398	0.260733333333333	0	0	0.048150000000000026	0.3443	0	0	0.006450000000000011	-0.037441666666666984	-0.047008333333333985	0	-0.28175	0	-0.279675	-0.310933333333333	0	-0.046383333333334	0	-0.06763333333333402	-0.015416666666666967	0	0	-0.274808333333333	-0.37655	-0.07687499999999997	-0.08993333333333303	-0.289825	0	-0.323391666666667	0	0.271425	0	-0.249733333333333	-0.0011749999999999816	0	-0.270475	0	-0.2886	0	0	0	0	0	0	0	0	0	0.04469166666666702	0.264625	-0.300833333333333	0	0	0	0.275166666666667	0.017483333333333018	-0.278925	-0.34205	0	0	0	0	0	0	0	0	0	0	0	0	0	0	0	0	0	0	0	0	0	0	0	0	0	0	0	0	0	0	0	0	0	0	0	0	0	0	0	0	0	0	0	0	0	0	0	0	0	0	0	0	0	0	0	0	0	0	0	0	0	0	0	0	0	0	0	0	0	0	0	0	0	0	0	0.264	0	0	0	0	0	0	-0.210825	0	0	0	0	0	0	0	0	0	0	0	0	0	0	0	0	0	0	0	0	0	0	0	0	0	0	0	0	0	0	0	0	0	0	0	0	0	0	0	0	0	0	0	0	0	0	0	0	0	0	0	0	0	0	0	0	0	0	0	0	0	0	0	0	0	0	0	0	0	-0.206308333333333	0	0	0	0	0	0	0	0	-0.26455	0	0	0	-0.309008333333333	0	0	0	0	-0.27255	0	0	0	0	0	0	0	0	0	0	0	0	0	0	0	0	0	0	0	0	0	0	0	0	0	0	0	0	0	0	0	0
-0.370825	0	0.06427499999999997	0.300066666666667	0.277258333333333	0	-0.029466666666666974	5.333333333339962e-4	-0.388333333333333	0	-0.029791666666666994	-0.035566666666667024	-0.09801666666666703	-0.04515000000000002	0	-0.13025000000000003	-0.279675	0	0	0.03865000000000002	-0.08371666666666594	-0.14989166666666603	-0.348816666666667	0.026883333333333037	-0.047750000000000015	0	0	0.335533333333333	-0.3918	0.021933333333334026	-0.3534	-0.251341666666667	0.184716666666667	-0.316483333333333	-0.2965	0	0	0.323458333333333	0	0	0	0	0	0.22985	0	-0.20095	0	0	0	0	0	0	0	0	0	0	0	0.023616666666665953	0	0	-0.020491666666665964	0	0	0	0	0	0	0	0	0	0	0	0	0	0	0	0	0	0	0	0	0	0	0	0	0	0	0	0	0	0	0	0	0	0	0	0	0	0	0	0	0	0	0	0	0	0	0	0	0	0	0	0	0	0	0	0	0	0	0	0	0	0	0	0	0	0	0	-0.286166666666667	0	-0.211866666666667	0	0	0	-0.220783333333333	0	0	0.019674999999999998	0	0	0	0	0	0	0	0	0	0	0	-0.282216666666667	0	0	0	0	0	0	0	0	0	0	0	0	0	0	0	0	0	0	0	-0.242491666666667	0	0	0	0	0	0	0	0	0	0	0	-0.300308333333333	0	0	0	0	0	0	0	0	0	0	0	0	0	0	0	0	0	0	0	0	0	0	0	0	0	0	0	0	0	0	0	0	0	0	-0.30685	0	0	0	0	0	-0.307091666666667	0	0	-0.320958333333333	0.029249999999999998	0	0	0	0	0	0	0	0	0	0	0	0	0	0	0	0	0	0	0	0	0	0	0	0	0	0	0	0	0	0	0	0	0	0	0	0	0
0.330008333333333	0	0.427608333333333	0	0.116458333333333	0.08776666666666699	0.16518333333333401	0	0.284408333333333	0.11366666666666697	0.07388333333333302	0.31265	0.02405833333333396	0	0	0.08542500000000003	-0.310933333333333	0	0	-0.009008333333332952	0	0.064575	0.03768333333333301	0.31295	0	0.344825	0.11012499999999997	-0.0192500000000001	0.07045000000000001	0	0	0	0	-0.310075	0	0	0	0	0	0	0	0	0	0	0	0	0	0	0	-0.246566666666667	0	0.302133333333333	-0.229533333333333	0	0.01571666666666599	0	0	0	0	0	0	-0.236433333333333	0	0	0	0	0	0	0	0	0	0	0	0	0	0	0	0	0	0	0	0	0	0	0	0	0	0	0	0	0	0	0	0	0	0	0	0	0	0	0	0	0	0	0	0	0	0	0	0	0	0	0	0	0	0	0	0	0	0	0	0	0	0	0	0	0	0	0	0	0	0	0	0	0	0	0	0	0	0	0	0	0	0	0	0	0	0	0	0	0	0	0	0	0	0	0	0	0	0	0	0	0	0	0	0	0	0	0	0	0	0	0	0	0	0	0	0	0	0	0	0	0	0	0	0	0	0	0	0	0	0	0	0	0	0	0	0	0	0	0	0	0	0	0	0	0	0	0	0	0	0	0	0	0	0.269125	0	0	0	0	0	0	0	0	0	0	0	0	0	0	0	0	0	0	0	0	0	0	0	0	0	0	0	0	0	0	0	0	0	0	0	0	0	0	0	0	0	0	0	0	0	0	0	0
-0.046933333333332994	0	0.308316666666667	0	-0.004616666666665992	0.015958333333334018	0	-0.376783333333333	0	0.058425000000000005	-0.342583333333333	0	-0.0016666666666669827	-0.287833333333333	0	0	0	0.03865000000000002	-0.009008333333332952	0	-0.384625	-0.317058333333333	-0.09785833333333305	0.360108333333333	0	0.03394166666666698	-0.264941666666667	0.07753333333333401	0	-0.324066666666667	0	0	0	0	-0.271175	0	-0.316333333333333	-0.326275	0	0	0	0	0	0	0	0	0	0	0	0	0	0	0	0	0	0	0	0	0	0	0	0	0	0	0	0	0	0	0	0	0	0	0	0	0	0	0	0	0	0	0	0	0	0	0	0	0	0	0	0	0	0	0	0	0	0	0	0	0	0	0	0	0	0	0	0	0	0	0	0	0	0	0	0	0	0	0	0	0	0	0	0	0	0	0	0	0	0	0	0	0	0	0	0	0	0	0	0	0	0	0	0	0	0	0	0	0	0	0	0	0	0	0	0	0	0	0	0	0	0	0	0	0	0	0	0	0	0	0	0	0	0	0	0	0	0	0	0	0	0	0	0	0	0	0	0	0	0	0	0	0	0	0	0	0	0	0	0	0	0	0	0	0	0	0	0	0	0	0	0	0	0	0	0	0	0	0	0	0	0	0	0	0	0	0	0.257025	0.23145	0	0	0	0	0	0	0	0	0	0	0	0	0	0	0	0	0	0	0	0	0	0	0	0	0	0	0	0	0	0	0	0	0	0	0	0	0
-0.316275	0	-0.060524999999999995	0	0	-0.314783333333333	-0.340775	0.005199999999999982	-0.049199999999999966	-0.03284166666666699	-0.10844166666666599	0.029058333333333963	-0.16922499999999996	-0.126625	-0.136008333333333	0	-0.046383333333334	-0.08371666666666594	0	-0.384625	0	0	-0.347175	-0.07047499999999995	-0.465216666666667	0	0	0.293758333333333	-0.19428333333333303	-0.01585000000000003	-0.390441666666667	-0.27405	0	-0.338158333333333	-0.367333333333333	0	-0.07805000000000001	0	-0.271033333333333	0	0	0	0	-0.3058	0	0	0	0	0	0	0	0	0	-0.333983333333333	0	0	0	-0.330191666666667	-0.280716666666667	-0.287566666666667	-0.021874999999999978	0.218616666666667	0	0	0	0	0	0	0	0	0	0	0	0	0	0	0	0	0	0	0	0	0	0	0	0	0	0	0	0	0	0	0	0	0	0	0	0	0	0	0	0	0	0	0	0	0	0	0	0	0	0	0	0	0	0	0	0	0	0	0	0	0	0	0	0	0	0	0	0	0	0	0	0	0	0	0.24	0	0	0	0	-0.262908333333333	0	0	0	0	-0.257283333333333	-0.238775	-0.250366666666667	0	0	0	0	0	0	0	0	0	0	0	0	0	0	0	0	0	0	0	0	0	0	0	0	0	0	0	0	0	0	0	0	0	0	0	0	0	0	0	0	0	0	0	0	0	0	0	0	0	0	0	0	0	0	0	0	0	0	0	0	0	0	0	0	0	0	-0.276916666666667	0	-0.234125	0	0	0	0	0	-0.298433333333333	-0.315833333333333	-0.256991666666667	-0.11580833333333401	0	0	0	0	0	0	0	-0.283625	0	0	0	0	0	0	0	0	0	0	0	0	0	0	0	0	0	0	0	0	0	0	0	0	0	0	0	0	0
-0.301141666666667	0	0.10238333333333405	-0.3051	0.13035833333333302	0.055308333333333015	0.053408333333333	-0.3116	-0.333025	0.299541666666667	0.445891666666667	-0.145175	-0.09918333333333301	0	0	-0.028041666666665965	0	-0.14989166666666603	0.064575	-0.317058333333333	0	0	0.038258333333334005	-0.055991666666666995	-0.336058333333333	0.287891666666667	0.041825	-0.05332500000000001	-0.02984166666666599	0	0	-0.2956	0	-0.376008333333333	0	0	0	0	0	-0.254525	0	0	0	-0.253141666666667	0	0	0	0	0	0.07948333333333402	0	-0.025508333333333966	-0.321541666666667	0	-0.009974999999999956	0	0	0	-0.056050000000000044	-0.36435	0	0	0	0	0	0	0	0	0	0	0	0	0	0	0	0	0	0	0	0	-0.03695833333333304	0	0	0	0	0	0	0	0	0	0	0	0	0	0	0	0	0	0	0	0	0	0	-0.292925	0	0	0	0	0	0	0	0	0	0	0	0	0	0	0	0	0	0	0	0	0	0	0	0	-0.199108333333333	0	0	0	0	0	0	0	0	0	0	0	0	0	0	0	0	0	0	0	0	0	0	0	0	0	0	0	0	0	0	0	0	0	0	0	0	0	0	0	0	0	0	0	0	0	0	0	0	0	0	0	0	-0.34185	0	0	0	0	0	0	0	0	0	0	0	0	0	0	0	0	0	0	0	0	0	0	0	0	0	0	0	0	0	0	0	0	0	-0.316516666666667	-0.3475	0	0	0	0	0	0	0	0	0	0	0	0	0	0	0	0	0	0	0	0	0	0	0	0	0	0	0	0	0	0	0	0	0	0	0	0	0	0	0	0	0	0	0	0	0	0	0
0.0061750000000000416	0	0.02300833333333302	0	0.13988333333333297	0.07137500000000002	0.447583333333333	-0.3899	-0.291375	0.19921666666666704	0.03540000000000004	-0.0378	-0.368791666666667	-0.322608333333333	0	-0.005741666666666978	-0.06763333333333402	-0.348816666666667	0.03768333333333301	-0.09785833333333305	-0.347175	0.038258333333334005	0	-0.372008333333333	-0.3478	0.12240833333333301	0.04876666666666696	0.02293333333333397	-0.383108333333333	-0.294358333333333	-0.369108333333333	0	0	-0.346725	-0.253283333333333	0	0	-0.285766666666667	0.03235833333333299	0.323425	0	0	0	0	0	0	0	0	0	0.016849999999999976	0	0	0	0	0.270225	0	0	0	0	0	-0.279766666666667	-0.258675	0	0	0	0	0	0	0	0	0	0	0	0	0	0	0	0	0	0	0	0	0	0	0	0	0	0	0	0	0	0	0	0	0	0	0	0	0	0	0	0	0	0	0	0	0	0	0	0	0	0	0	0	0	0	0	0	0	0	0	0	0	0	0	0	0	0	0	0	0	0	0	-0.237691666666667	0	0	0	0	0	0	0	0.220216666666667	0.208733333333333	0	0	0	0	0	-0.241675	0	0	0	0	0	0	0	0	0	0	0	0	0	0	0	0	0	0	0	0	0	0	0	0	0	0	0	0	0	0	0	0	0.296325	0	0	0	0	0	0	0	0	0	0	0	0	0	0	0	0	0	0	0	0	0	0	0	0	0	0	0	0	0	0	0	0	0	0	-0.26275	0	0	0	0	0	0	0	-0.25715	0	0	0	0	0	0	0	0	0	0	0	0	0	0	0	0	0	0	0	0	0	0	0	0	0	0	0	0	0	0	0	0	0	0	0	0	0	0	0
0.243991666666667	0	0.084725	0.393358333333333	-0.312525	0.01729166666666604	0.361966666666667	0.01956666666666701	0.06828333333333403	0.322933333333333	0.331475	-0.11059166666666703	0.026749999999999996	-0.016183333333332994	0	-0.080591666666666	-0.015416666666666967	0.026883333333333037	0.31295	0.360108333333333	-0.07047499999999995	-0.055991666666666995	-0.372008333333333	0	-0.08057500000000001	0.316308333333333	-0.07484999999999997	-0.08135000000000003	-9.583333333329502e-4	-0.0022166666666659784	0	-0.2637	-0.332433333333333	0	0	0	0	-0.380116666666667	0	0	0	0	0	0	0	0	0	0	0	-0.251116666666667	0	0	0	0	0	0	0	0	-0.293191666666667	-0.288783333333333	0	0	0	0	0	0	0	0	0	0	0	0	0	0	0	0	0	0	0	0	0	0	0	0	0	0	0	0	0	0	0	0	0	0	0	0	0	0	0	0	0	0	0	-0.298325	0	0	0	0	0	0	0	0	0	0	0	0	0	0	0	0	0	0	0	0	0	0	0	0	0	0	0	0	0	0.245008333333333	0	0	0	0	0	0	0	0	0	0	0	0	0	0	0	0	0	0	0	0	0	0	0	0	0	0	0	0	0	0	0	0	0	0	0	0	0	0	0	0	0	0	0	0	0	0	0	0	0	0	0	0	0	0	0	0	0	0	0	0	0	0	0	0	0	0	0	0	0	0	0	0	0	0	0	0	0	0	0	0	0	0	0	0	0	0	0	0	-0.243016666666667	0	0	0	0	0	0	0	0	-0.295683333333333	0	0	0	0	0	0	0	0	0	0	0	0	0	0	0	0	0	0	0	0	0	0	0	0	0	0	0	0	0	0	0	0
0	0	-0.148733333333333	-0.021625000000000005	0	0	-0.336733333333333	-0.04727500000000001	-0.10827500000000001	0	-0.349541666666667	-0.06833333333333402	-0.349458333333333	-0.447808333333333	-0.23725833333333401	-0.325583333333333	0	-0.047750000000000015	0	0	-0.465216666666667	-0.336058333333333	-0.3478	-0.08057500000000001	0	0	0	-0.372341666666667	-0.372	-0.3423	0	0	0	0	0	0	0	0	0	-0.276116666666667	0	0	0	-0.282575	0	0	0	0	0	0	0	0	0	0	0	0	0	0	0	-0.256016666666667	0	0	0	0	0	0	0	0	0	0	0	0	0	0	0	0	0	0	0	0	0	0	0	0	0	0	0	0	0	0	0	0	0	0	0	0	0	0	0	0	0	0	0	-0.295058333333333	0	0	0	0	0	0	0	0	0	0	0	0	0	0	0	0	0	0	0	0	0	0	0	0	0	0	0	0	0	0	0	0	0	0	0	0	0	0	0	0	0	0	0	0	0	0	0	0	0	0	0	0	0	0	0	0	0	0	0	0	0	0	0	0	0	0	0	0	0	0	0	0	0	0	0	0	0	0	0	0	0	0	0	0	0	0	0	0	0	0	0	0	0	0	0	0	0	0	0	0	0	0	0	0	0	0	0	0	0	0	0	0	0	0	0	0	0	0	0	0	0	0	0	0	0	0	0	0	0	0	0	0	0	0	0	0	0	0	0	0	0	0	0	0	0	0	0	0	0	0	0	0	0	0	0	0	0	0	0	0
0.394116666666667	0	0.389341666666667	0	0.3897	0.104783333333333	0.07567499999999999	-0.252566666666667	0	0.12732500000000002	0.348366666666667	0	0.328033333333333	0	0.381141666666667	0.32585	0	0	0.344825	0.03394166666666698	0	0.287891666666667	0.12240833333333301	0.316308333333333	0	0	0.422316666666667	0.4399	0.308016666666667	0	0	0	0	0	0	0	0	0	0	0.314491666666667	0	0	0	0	0	0	0	0	0	0	0	0	0.285733333333333	0	0	0.232466666666667	0	0	0	0	0	0	0	0	0	0	0	0	0	0	0	0	0	0	0	0	0	0	0	0	0	0	0	0	0	0	0	0	0	0	0	0	0	0	0	0	0	0	0	0	0	0	0	0	0	0	0	0	0	0	0	0	0	0	0	0	0	0	0	0	0	0	0	0.220191666666667	0	0	0	0	0	0	0	0	0	0	0	0	0	0	0	0	0	0	0	0	0	0.258791666666667	0	0	0	0	0	0	0	0	0	0	0	0	0	0	0	0	0	0	0	0	0	0	0	0	0	0	0	0	0	0	0	0	0	0	0	0.336475	0	0	0	0	0	0	0	0	0	0	0	0	0	0	0	0	0	0	0	0	0	0	0	0	0	0	0	0	0	0	0	0	0	0	0	0	0	0	0	0	0	0	0	0	0	0	0	0	-0.07530833333333298	0	0	0	0	0	0	0	0	0	0	0	0	0	0	0	0	0	0	0	0	0	0	0	0	0	0	0	0	0	0	0	0	0
0.033483333333332976	0	0.01915	-0.262883333333333	0.04835833333333295	0.06267500000000004	0.11525833333333402	-0.3828	0	0.130091666666667	0.423433333333333	-0.10654166666666598	-0.278358333333333	0.269858333333333	0.276708333333333	0.0033833333333330162	-0.274808333333333	0	0.11012499999999997	-0.264941666666667	0	0.041825	0.04876666666666696	-0.07484999999999997	0	0.422316666666667	0	-0.05264166666666692	-0.017691666666666994	0	-0.421908333333333	0	-0.292116666666667	-0.399116666666667	-0.3105	0	0	0	0	-0.266083333333333	0	0	0	0	0	0	0	0	0	0.0016249999999999876	0	-0.04384166666666703	-0.309908333333333	0	0.288975	0	0	0	0	-0.324275	0	0.012641666666666995	0.242458333333333	-0.241641666666667	0	0	0	0	0	0	0	0	0	0	0	0	0	0	0	0	0	0	0	0	0	0	0	0	0	0	0	0	0	0	0	0	0	0	0	0	0	0	0	0.275	0	0	0	0	0	0	0	0	0	0	0	0	0	0	0	0	0	0	0	0	0	0	0	0	0	0	0	0	0	0	0	0	0	0	0	0	0	0	0	0	0	0.265083333333333	0	0	0	0	0	0	0	0	0	0	0	0	0	0	0	0	0	0	0	0	0	0	0	0	0	0	0	0	0	0	0	0	0	0	0	0	0	0	0	0	0	0	0	0	0	0	0	0	0	0	0	0	0	0	0	0	0	0	0	0	0	0	0	0	0	0	0	0	0	0	0	0	0	0	0	0	0	0	-0.273116666666667	0	0	0	0	0	0	0	0	0	0	0	0	0	0	0	0	0	0	0	0	0	0	0	0	0	0	0	0	0	0	0	0	0	0	0	0	0	0	0
0.04477500000000001	0	0.017525000000000013	-0.07402499999999995	0.08240833333333297	0.06189166666666701	0.06839166666666602	-0.397425	-0.018175000000000052	0.204133333333333	0.12728333333333297	-0.477308333333333	0.01435000000000003	0	0.0031666666666670396	-0.061666666666667036	-0.37655	0.335533333333333	-0.0192500000000001	0.07753333333333401	0.293758333333333	-0.05332500000000001	0.02293333333333397	-0.08135000000000003	-0.372341666666667	0.4399	-0.05264166666666692	0	-0.011516666666666009	0	-0.4523	-0.2767	-0.07179166666666698	-0.406916666666667	0	0	0	-0.05610833333333398	0	0.04047499999999998	0	0	0	0	0	-0.239241666666667	0	0	0	-0.06795833333333301	0	-0.10776666666666598	-0.014308333333333034	0	-0.02308333333333301	0	0	0	-0.2939	-0.07894166666666697	-0.288175	-0.059158333333334034	0	-0.2741	0	0	0	0	0	0	0	0	0	0	0	0	0	0	0	0	0.232166666666667	0	0	0	0	0	0	0	0	0	0	0	0	0	0	0	0	0	0	0	0	0	0	0	0	0	0	0	0	0	0	0	0	0	0	0	0	0	0	0	0	0	0	0	0	0	0	0	0	0	0	0	0	0	0	0	0	0	0	0	0	0	0	0	0	0	-0.288516666666667	0	0	0.252858333333333	0	0	0	0	0	0	0	0	0	0	0	0	0	0	0	0	0	0	0	0	0	0	0	0	0	0	0	0	0	0	0	0.33465	0	0	0	0	0	0	0	0	0	0	0	0	0	0	0	0	0	0	0	0	0	0	0	0	0	0	0	0	0	0	0	0	0	-0.023941666666665973	-0.317525	0	0	0	0	0	0	0	0	0	0	0	0	0	0	0.234141666666667	0	0	0	0	0	0	0	0	0	0	0	0	0	0	0	0	0	0	0	0	0	0	0	0	0	0	0	0	0	0	0	0
0	0	-0.00393333333333401	-0.031183333333334007	-0.03873333333333301	-0.08050833333333302	0.014558333333334006	-0.099766666666667	0.03349166666666603	0.29945	0.370141666666667	-0.10963333333333297	-0.09731666666666694	-0.10930000000000001	0	-0.034816666666666995	-0.07687499999999997	-0.3918	0.07045000000000001	0	-0.19428333333333303	-0.02984166666666599	-0.383108333333333	-9.583333333329502e-4	-0.372	0.308016666666667	-0.017691666666666994	-0.011516666666666009	0	-0.05134999999999995	-0.457916666666667	-0.311266666666667	-0.354358333333333	-0.380916666666667	0	0	-0.227191666666667	-0.11063333333333397	0	-0.236266666666667	0	0	0	0	0	0	0	0	0	0.05001666666666704	0	0.340833333333333	-0.315158333333333	0	0.06366666666666698	0	0	0	-0.02984166666666699	0.356675	-0.263225	0	0	0	0	0	0	0	0	0	0	0	0	0	0	0	0	0	0	0	0	0	0	0	0	0	0	0	0	0	0	0	0	0	0	0	0	0	0	0	0	0	0	-0.368508333333333	-0.307641666666667	0	0	0	0	0	0	0	0	0	0	0	0	0	0	0	0	0	0	0	0	0.296866666666667	0	0	0	0	0	0	0	0	0	0	0	0	0	0	0	0	0	0	0	0	0	0	0	0	0	0	0	0	0	0	0	0	0	0	0	0	0	0	0	0	0	0	0	0	0	0	0	0	0	0	0	0	0	0	0	-0.05654999999999999	0	0	0	0	0	0	0	0	0	0	0	0	0	0	0	0	0	0	0	0	0	0	0	0	0	0	0	0	0	0	0	0	0	-0.278483333333333	-0.3471	0	0	0	0	0	-0.29385	0	0	0	0	0	0	0	0	-0.052408333333332974	0	0	0	0	0	0	0	0	0	0	0	0	0	0	0	0	0	0	0	0	0	0	0	0	0	0	0	0	0	0	0	0
0	0	-0.04003333333333298	-0.323116666666667	-0.225066666666667	0	0	-0.03304166666666697	0.06223333333333397	0	-0.276391666666667	0.0011916666666659803	-0.03659166666666602	-0.038691666666666014	-0.366441666666667	0	-0.08993333333333303	0.021933333333334026	0	-0.324066666666667	-0.01585000000000003	0	-0.294358333333333	-0.0022166666666659784	-0.3423	0	0	0	-0.05134999999999995	0	-0.278366666666667	0	-0.2395	0	0	0	-0.005191666666666983	-0.04025833333333301	0	-0.227941666666667	0	0	0	-0.260716666666667	0	0	0	0	0	0	0	-0.26905	0	-0.318791666666667	0	0	0	-0.273891666666667	0	0	-0.015100000000000002	0	0	0	0	0	0	0	0	0	0	0	0	0	0	0	0	0	0	0	0	0	0	0	0	0	0	0	0	0	0	0	0	0	0	0	0	0	0	0	0	0	0	0	0	0	0	0	0	0	0	0	0	0	0	0	0	0	0	0	0	0	0	0	0	0	0	0	0	0	-0.242641666666667	0	0	0	0	0	-0.284091666666667	0	0	0	0	0	0	-0.295258333333333	0	0	-0.258783333333333	0	0	0	0	0	-0.245425	0	-0.250008333333333	0	0	0	0	0	0	-0.206866666666667	0	0	0	0	0	0	0	0	0	0	0	0	0	0	0	0	0	0	0	0	0	0	0	0	0	0	0	0	0	0	0	0	0	0	0	0	0	0	0	0	0	0	0	0	0	0	0	0	0	0	0	0	0	0	0	0	0	0	0	0	0	-0.335933333333333	-0.255233333333333	0	-0.10376666666666601	-0.232583333333333	0	0.250558333333333	0	-0.07333333333333303	0	0	0	0	0	0	0	0	0	0	0	0	0	0	0	0	0	0	0	0	0	0	0	0	0	0	0	0	0	0	0	-0.277516666666667
0	0	-0.358866666666667	0	-0.11376666666666696	-0.351225	-0.418658333333333	-0.49865	0	0	-0.309358333333333	-0.421208333333333	-0.33835	-0.07619999999999999	0	-0.374108333333333	-0.289825	-0.3534	0	0	-0.390441666666667	0	-0.369108333333333	0	0	0	-0.421908333333333	-0.4523	-0.457916666666667	-0.278366666666667	0	-0.06563333333333299	-0.020808333333333096	0.03769166666666701	0.024516666666667075	0	0	0	0	0	0	0	0	-0.284841666666667	0	0	0	0	0	0	0	0.01934166666666698	-0.317016666666667	0	0.348366666666667	0	0	-0.303883333333333	0.12465833333333404	0.06585833333333296	-0.11603333333333399	0	0	0	0	0	0	0.221125	0	0	0	0	0	0	0	0	0	0	0	0	0	0	0	0	0	0	0	0	0	0	0	0	0	0	0	0	0	0	0	0	0	0	0	-0.022608333333334008	-0.046274999999999955	0	0	0	0	-0.260383333333333	0	0	0	0	0	0	0	-0.066525	0	0	0	0	0	0	0	0.24485	0	0	0	0	0	0	0	0	0	0	0	0	0	0	0	0	0	0	0	0.217	-0.2375	0	0	0	0	0	0	0	0	0	0	0	0	0	0	0	0	0	0	-0.309733333333333	0	0	0	0	0	0	0	0	0	0	0	0	0	0	0	-0.276125	0	0	0	0	0	0	0	0	0	0	0	0	0	0	0	0	0	0	0	0	0	0	0	0	0	0	0	0	0	0	0.270183333333333	0	0	-0.05174999999999996	-0.05943333333333295	-0.027841666666666987	0	0	0.224266666666667	0	-0.366841666666667	0	-0.341666666666667	0	0	0	0	0	0	0	0	0	0	0	0	0	0	0	0	0	0	0	0	0	0	0	0	0	0	0	0	0	0	0	0	0	0	0	0	0	0	-0.247591666666667
0	0	0	0	0	0	-0.295475	-0.313391666666667	-0.290108333333333	0	0	0	0	-0.284658333333333	0	-0.04981666666666698	0	-0.251341666666667	0	0	-0.27405	-0.2956	0	-0.2637	0	0	0	-0.2767	-0.311266666666667	0	-0.06563333333333299	0	-0.256833333333333	0.04675833333333296	0.0030333333333329993	0	0	0	0	0	0	0	0	-0.2866	0	0	0	0	0	0	0	0.322583333333333	-0.302333333333333	0.273125	-0.260925	0	0	0	0.373775	0.14629999999999999	0.263358333333333	0	0	0	0	0	0	0	0	0	0	0	0	0	0	0	0	0	0	0	0	0	0	0	0	0	0	0	0	0	0	0	0	0	0	0	0	0	0	0	0	0	0	-0.277441666666667	0	0	0	0	0	0	0	0	0	0	0	0	0	0	0	0	0	0	0	0	0	0	0	0	0	0	0	0	0	0	0	0	0	0	0	0	0	0	0	0	0	0	0	0	0	0	0	0	0	0	0	0	0	0	0	0	0	0	0	0	0	0	0	0	0	0	0	0	0	0	0	0	0	0	0	0	0	0	0	0	0	0	0	0	0	0	0	0	0	0	0	0	0	0	0	0	0	0	0	0	0	0	0	0	0	0	0	0	0	0	0	-0.284916666666667	-0.306891666666667	-0.306375	0	0	0	0	0	0	0	0	0	0	0	0	0	0	0	0	0	0	0	0	0	0	0	0	0	0	0	0	0	0	0	0	0	0	0	0	0	0	0	0	0	0	0	0	0	0
0	0	0	0	-0.313516666666667	0	0	-0.354291666666667	0	0	0	0	0	-0.341466666666667	0	0	-0.323391666666667	0.184716666666667	0	0	0	0	0	-0.332433333333333	0	0	-0.292116666666667	-0.07179166666666698	-0.354358333333333	-0.2395	-0.020808333333333096	-0.256833333333333	0	0.02746666666666603	0.115358333333334	0	0	0	0	0	0	0	0	0	0	0	0	0	0	0	0	-0.311425	0	0	-0.246566666666667	0	0	0.255933333333333	0.01842499999999997	0.0055083333333340034	-0.301608333333333	0	0	0	0	0	0	0	0	0	0	0	0	0	0	0	0	0	0	0	0	0	0	0	0	0	0	0	0	0	0	0	0	0	0	0	0	0	0	0	0	0	0	0	0	0	0	0	0	0	0	0	0	0	0	0	0	0	0	0	0	0	0	0	0	0	0	0	0	0	-0.241916666666667	-0.247458333333333	0	0	0	0	-0.251808333333333	0	0	0	0	0	0	-0.263683333333333	0	0	0	0	0	-0.270983333333333	0	0	0	0	0	0	0.25345	0	0	0	0	0	0	0	-0.280766666666667	0	0	0	0	0	0	0	0	0	0	0	0	0	0	0	0	0	0	0	0	0	0	0	0	0	0	0	0	0	0	0	0	0	0	0	0	0	0	0	0	0	0	0	0	0	0	0	0	0	0	-0.320583333333333	-0.255583333333333	0	-0.263266666666667	0	0	0	-0.293916666666667	0	0	0	0	0	0	0	0	0	0	0	0	0	0	0	0	0	0	0	0	0	0	0	0	0	0	0	0	0	0	0	0	0	0	0	0	0	0	0	0	0
0	0	-0.366766666666667	-0.2723	-0.083133333333333	0	-0.350233333333333	-0.389008333333333	0	0	-0.283783333333333	-0.397491666666667	-0.274058333333333	-0.04799999999999999	-0.249491666666667	-0.365375	0	-0.316483333333333	-0.310075	0	-0.338158333333333	-0.376008333333333	-0.346725	0	0	0	-0.399116666666667	-0.406916666666667	-0.380916666666667	0	0.03769166666666701	0.04675833333333296	0.02746666666666603	0	0.10963333333333303	0	0	0	0	-0.259291666666667	0	0	0	0	0	0	0	0	0	0	0	0.008808333333332974	-0.274075	0	0	0	0	-0.324725	0.043658333333332966	0.034516666666665974	-0.33775	0	0	0	0	0	0	0.258975	0	0	0	0	0	0	0	0	0	0	0	0	0	0	0	0	0	0	0	0	0	0	0	0	0	0	0	0	0	0	0	0	0	0	0	0.07800833333333301	0	0	0	0	0	0	0	0	0	0	0	0	0	0.271291666666667	0	0	0	0	0	0	0	0	0	0	0	0	-0.267741666666667	0	0	0	0	0	0	0	0	0	0	0	0	0	0	0	0	0	0	0	0	0	0	0	0	0	0	0	0	0	0	0	0	0	0	0	0	0	0	0	0	0	0	0	0	0	0	0	0	0	0	-0.237108333333333	0	0	0	0	0	0	0	0	0	0	0	0	0	0	0	0	0	0	0	0	0	0	0	0	0	0	0	0	0	0	0	0	0	0	-0.302183333333333	0.257575	0	0	0	0	-0.253633333333333	0	-0.286391666666667	0	-0.254558333333333	0	0	0	0	0	0	0	0	0	0	0	0	0	0	0	0	0	0	0	0	0	0	0	0	0	0	0	0	0	0	0	0	0	0	0	0	0
0	0	0	0	0	0	-0.336808333333333	-0.424041666666667	-0.294133333333333	0	-0.292716666666667	0	0	0.03624999999999995	0	-0.265516666666667	0.271425	-0.2965	0	-0.271175	-0.367333333333333	0	-0.253283333333333	0	0	0	-0.3105	0	0	0	0.024516666666667075	0.0030333333333329993	0.115358333333334	0.10963333333333303	0	0	0	0	0	0	0	0	0	0	0	0	0	0	0	0	0	-0.271458333333333	0	0	-0.231166666666667	0	0	0.236975	0.03570833333333401	0.01955833333333301	-0.04156666666666703	0	0	0	0	0	0	0	0	0	0	0	0	0	0	0	0	0	0	0	0	0	0	0	0	0	0	0	0	0	0	0	0	0	0	0	0	0	0	0	0	0	0	0.296941666666667	0.257933333333333	0	0	0	0	0	0	0	0	0	0	0.23925	0	0	0	0	0	0	0	0	0	0	0	0	0	0	-0.284566666666667	0	0	0	0	0	0	0	0	0	0	0	0	0	0	0	0	0	0	-0.235158333333333	0	0	0	0	0	0	0	0	0	0	0	0	0	0	0	0	0	0	0	0	0	0	0	0	0	0	0	0	0	0	0	0	0	0	0	0	0	0	0	0	0	0	0	0	0	0	0	0	0	0	0	0	0	0	0	0	0	0	0	0	0	0	0	0	0	0	0	0	0	0	0.181125	0	0.222725	0	-0.283891666666667	0	0	0	0	0	0	0	0	0	0	0	0	0	0	0	0	0	0	0	0	0	0	0	0	0	0	0	0	0	0	0	0	0	0	0	0	0	0	0
0	0	0	0	0	0	0	0	0	0	0	0	0	0	0	0	0	0	0	0	0	0	0	0	0	0	0	0	0	0	0	0	0	0	0	0	0	0	-0.267925	0	0	0	0.044333333333333	0	0	0	0	-0.040616666666665996	0	0	0	0	0	0	0	0	0	0	0	0	0	0	0	0	0	0	0	0	0	0	0	0	0	0	0	0	0	0	0	0	0	0	0	0	0	0	0	0	0	0	0	0	0	0	0	0	0	0	0	0	0	0	0	0	0	0	0	0	0	0	0	0	0	0	0	0	0	0	0	0	0	0	0	0	0	0	0	0	0	0	0	0	0	0	0	0	0	0	0	0	0	0	0	0	0	0	0	0	0	0	0	0	0	0	0	0	-0.05172500000000002	0	0.25405	0	0	0	0	0	0	0.0378	0.291433333333333	0	0	0	0	0	0	0	0	0	0	0	0	0	0	0	0	0	0	0	0.302975	-0.27645	0	0	0	-0.06997500000000001	0	0	0	0	0	0	0	0	0	0	0	0	0	0	0	0	0	0	0	0	0	0	0	0	0	0	0	0	0.3214	0	0	0	0	0	-0.211133333333333	0	0	0	0	-0.317533333333333	0	0	0	0	0	0	0	0	0	0	0	0	0	0	0	0	0	0	0	0	0	0	0	0	0	0	0	0	0	0	0	0
-0.30705	0	0	-0.307908333333333	0	0	0	-0.390008333333333	0	0	0	0	-0.399166666666667	-0.09568333333333401	0	0	-0.249733333333333	0	0	-0.316333333333333	-0.07805000000000001	0	0	0	0	0	0	0	-0.227191666666667	-0.005191666666666983	0	0	0	0	0	0	0	0	0	0	0	0	0	-0.299933333333333	0	0	0	0	0	0	0.302991666666667	-0.254466666666667	0	-0.027175000000000005	0	0	-0.263341666666667	-0.011041666666667005	0	0.208683333333333	-0.11828333333333302	0	0	0	0	0	0	0	0	0	0	0	0	0	0	0	0	0	0	0	0	0	0	0	0	0	0	0	0	0	0	0	0	0	0	0	0	0	0	0	0	0	0	0	0	0	0	0	0	0	0	0	0	0	0	0	0	0	0	0	0	0	0	0	0	0	0	0	0	0	0	0	0	0	0	0	0	0	0	0	0	0	0	0	0	0	0	0	0	0	0	0	0	0	0	0	0	0	0	0	0	0.287683333333333	0	0	0	0	0	0	0	0	0	0	0	0	0	0	0	0	0	0	0	0	0	0	0	0	0	0	0	0	0	0	0	0	0	0	0	0	0	0	0	0	0	0	0	0	0	0	0	0	0	0	0	0	0	-0.25745	0	0	0	0	0	0.295866666666667	0	0	0	-0.319733333333333	-0.305725	0	0	0	0	-0.07195000000000001	0	0	0	0	0	0	0	0	0	0	0	0	0	0	0	0	0	0	0	0	0	0	0	0	0	0	0	0	0	0	0	0
