0	0	0.38864	0.35532	0.349753333333333	0	0	0	0	0	0	0	0
0	0	0	0	0	0	0	0	0	0	0	0	0.3247
0.38864	0	0	0.5622	0.24514	0	0	0	0	0	0	0.23912	0
0.35532	0	0.5622	0	0	0	0	0	0	0	0	0	0
0.349753333333333	0	0.24514	0	0	0	0	0	0	0	0	0	0
0	0	0	0	0	0	0.28978	0	0.347806666666667	0	0.27622	0	0
0	0	0	0	0	0.28978	0	0	0.316046666666667	0	0	0.412593333333333	0.393166666666667
0	0	0	0	0	0	0	0	0.26278	0.41308	0.3866	0	0
0	0	0	0	0	0.347806666666667	0.316046666666667	0.26278	0	0.383986666666667	0	0.352573333333333	0.33592
0	0	0	0	0	0	0	0.41308	0.383986666666667	0	0	0	0
0	0	0	0	0	0.27622	0	0.3866	0	0	0	0	0
0	0	0.23912	0	0	0	0.412593333333333	0	0.352573333333333	0	0	0	0.420586666666667
0	0.3247	0	0	0	0	0.393166666666667	0	0.33592	0	0	0.420586666666667	0
