0	0	0	0.306	0	0	0	0.42552	0	0	0.295886666666667	0.420673333333333	0.362526666666667	0
0	0	0	0	0	0	0	0	0	0	0.20756	0	0	0
0	0	0	0	0	0	0	0	0	0	0	0	0	0
0.306	0	0	0	0	0	0.3098	0	0	0	0	0	0	0
0	0	0	0	0	0.228553333333333	0	0	0	0	0	0	0	0
0	0	0	0	0.228553333333333	0	0	0	0	0	0.3189	0	0	0.342633333333333
0	0	0	0.3098	0	0	0	0	0	0	0	0	0	0.28542
0.42552	0	0	0	0	0	0	0	0	0.332526666666667	0.230366666666667	0.292393333333333	0.28164	0.325026666666667
0	0	0	0	0	0	0	0	0	0.278313333333333	0.289866666666667	0	0	0.26786
0	0	0	0	0	0	0	0.332526666666667	0.278313333333333	0	0.42212	0	0	0.497106666666667
0.295886666666667	0.20756	0	0	0	0.3189	0	0.230366666666667	0.289866666666667	0.42212	0	0	0	0.491886666666667
0.420673333333333	0	0	0	0	0	0	0.292393333333333	0	0	0	0	0	0
0.362526666666667	0	0	0	0	0	0	0.28164	0	0	0	0	0	0
0	0	0	0	0	0.342633333333333	0.28542	0.325026666666667	0.26786	0.497106666666667	0.491886666666667	0	0	0
