0	0	0.405853333333333	0.373506666666667	0.40642	0	0	0	0	0	0	0	0
0	0	0.236126666666667	0.282773333333333	0	0	0.299993333333333	0	0	0	0	0.293586666666667	0.334226666666667
0.405853333333333	0.236126666666667	0	0.62476	0	0	0	0	0	0	0	0	0
0.373506666666667	0.282773333333333	0.62476	0	0	0	0	0	0	0	0	0	0.273933333333333
0.40642	0	0	0	0	0	0	0	0	0	0	0	0
0	0	0	0	0	0	0.429233333333333	0.294806666666667	0.411046666666667	0	0.33878	0.30444	0.272766666666667
0	0.299993333333333	0	0	0	0.429233333333333	0	0.253086666666667	0.458853333333333	0	0	0.469253333333333	0.509433333333333
0	0	0	0	0	0.294806666666667	0.253086666666667	0	0.3213	0.495513333333333	0.464406666666667	0	0
0	0	0	0	0	0.411046666666667	0.458853333333333	0.3213	0	0.44508	0	0.475946666666667	0.413393333333333
0	0	0	0	0	0	0	0.495513333333333	0.44508	0	0.3223	0	0
0	0	0	0	0	0.33878	0	0.464406666666667	0	0.3223	0	0	0
0	0.293586666666667	0	0	0	0.30444	0.469253333333333	0	0.475946666666667	0	0	0	0.419886666666667
0	0.334226666666667	0	0.273933333333333	0	0.272766666666667	0.509433333333333	0	0.413393333333333	0	0	0.419886666666667	0
