0	0	0	0.306	0	0	0	0.0011800000000000144	0	0	0.295886666666667	0.420673333333333	0.04062666666666698	0
0	0	0	0	0	0	0	0	0	0	0.20756	0	0	0
0	0	0	0	0	0	0	0	0	0	0	0	0	0
0.306	0	0	0	0	0	0.3098	0	0	0	0	0	0	0
0	0	0	0	0	0.228553333333333	0	0	0	0	0	0	0	0
0	0	0	0	0.228553333333333	0	0	0	0	0	0.3189	0	0	-0.003926666666666967
0	0	0	0.3098	0	0	0	0	0	0	0	0	0	0.28542
0.0011800000000000144	0	0	0	0	0	0	0	0	-0.03323999999999999	0.230366666666667	0.01565333333333302	0.28164	0.325026666666667
0	0	0	0	0	0	0	0	0	0.278313333333333	0.289866666666667	-0.28656	-0.223853333333333	-0.030153333333333032
0	0	0	0	0	0	0	-0.03323999999999999	0.278313333333333	0	0.42212	-0.349353333333333	0	0.084353333333334
0.295886666666667	0.20756	0	0	0	0.3189	0	0.230366666666667	0.289866666666667	0.42212	0	-0.327066666666667	0	0.096453333333334
0.420673333333333	0	0	0	0	0	0	0.01565333333333302	-0.28656	-0.349353333333333	-0.327066666666667	0	0	-0.381573333333333
0.04062666666666698	0	0	0	0	0	0	0.28164	-0.223853333333333	0	0	0	0	-0.2459
0	0	0	0	0	-0.003926666666666967	0.28542	0.325026666666667	-0.030153333333333032	0.084353333333334	0.096453333333334	-0.381573333333333	-0.2459	0
