1	0.213980929973796	0.513154554577797	0.18608918327405	0.0261219184580218	0.148365315839491	0.151663703773999	0.241936894315202	0.229019151387429	0.0330524160112761	0.0488353168068048	0	0.118072458280371	0	0.061685778620456	0	0	0	0.0897342553770795	0.152297843450675	0	0.0410452646408848	0.264175424216242	0.0245657124788584	0.0951960200098618	0.103737406270555	0.161496540406369	0	0	0.229491666278518	0	0.0569046760454111	0	0.170921506216196	0	0.0744030937533429	0.0532942892305619	0	0	0.201323526024924	0.04837646359535	0.00985684474125456	0.259317436438474	0.0365074305266604	0.0975700711426835	0.284255733984075	0.0444336286589931	0.0282685137432845	0.205637995102248	0	0.229506034954911	0.0385348796701335	0.056126727006274	0	0.0284072386928292	0.0673002235052449	0.00673786638716334	0
0.213980929973796	1	0.579535991564422	0.0568942667884674	0.313559253020316	0.223216440198744	0.454619366648046	0.657277969355977	0.529835616586618	0.0140173963012289	0.335145940379665	0.259002363323278	0	0	0	0	0	0.0235634866518932	0.145458211213034	0.138251566202728	0	0.00714500406995685	0.135080789835174	0.141670753432379	0.273254520655381	0.0387277018575963	0	0.342376515570396	0.292521397026263	0.0486924100681086	0.285780834588103	0.248165219976716	0.344542309849409	0	0.00605661733300354	0.0217813020293576	0.162341371672927	0.0211905932568864	0.0382552959368283	0	0.0790689206899438	0	0.014860733921073	0	0.1663176663476	0.0798778764943566	0.00439705376298733	0.042670115136984	0.207028340072584	0	0.186072065913574	0	0	0.0975115985275766	0.106112039834219	0.102136548821058	0	0
0.513154554577797	0.579535991564422	1	0.0673386614976076	0.0423241200325507	0.379949159750902	0.492891798858964	0.651958580399445	0.651377521204025	0.090427926406444	0.154633006252243	0.255312195679606	0.0362157328066892	0	0.0862528989955498	0.0845113546106165	0	0	0.122352836187759	0.10868547047099	0	0	0.153398198964114	0.212672332333886	0.303698919945066	0.299212085103753	0.138683550730656	0.265030518155394	0.0915769194247498	0.283498790731419	0.354041560733893	0.281850541836327	0.272300167404536	0.0946350128616284	0.0176157606417226	0.032164402601697	0.134616472979155	0.00251051448997951	0	0.183727155752123	0.115313527193259	0.0232346021465417	0.239668094655528	0.080857643532916	0.34832274749396	0.192709419549458	0.0521119831623229	0	0.297036759606478	0	0.272370914011758	0.22773882741198	0.226839725412753	0	0.230684935020946	0	0	0
0.18608918327405	0.0568942667884674	0.0673386614976076	1	0	0.0501897554490562	0.00470653180641851	0	0.0339604998337253	0.132135999254709	0.0687145942024046	0.022893190562322	0	0	0	0	0	0.114875791599967	0	0	0	0	0	0.192246387871446	0.00275006728413552	0	0	0.0920023682111171	0.0763177815039592	0	0	0	0.162004395623163	0.15317839241287	0	0	0.00127766904283921	0	0.0813563460209663	0	0	0	0	0	0.0188309627206991	0.0167808916156614	0	0	0.192271997764326	0	0.104615675394165	0	0	0.0486467813439166	0.0427407051927572	0	0.186518114454524	0.0446023081647907
0.0261219184580218	0.313559253020316	0.0423241200325507	0	1	0	0.210496063408119	0.402621502798638	0	0.0917754621651444	0.308590255447233	0	0.0317750797750104	0	0	0	0	0	0.239254070396324	0.346915834925418	0	0	0.271226779077965	0.138834820810856	0.0377424556246888	0.0750042788132597	0	0.296153654548842	0.314792322643656	0.130227702172065	0.194028148660336	0.301942088670251	0.230876790454377	0	0.0203765856344918	0.031235936147524	0.011934851799381	0	0	0	0	0.0123656192219248	0	0	0	0	0	0.0656906471884568	0.196073721970569	0	0.175573434666666	0	0	0.375623970638141	0.212091522736807	0.171567855868855	0.0759039908088524	0
0.148365315839491	0.223216440198744	0.379949159750902	0.0501897554490562	0	1	0.460775588080675	0.040714531652348	0.207219514024901	0.296332935470244	0	0.30894908110294	0	0	0.339552954349372	0	0	0.327102394364782	0	0	0	0	0	0	0	0.185987817647705	0.145686022832127	0	0	0.0805655333346822	0.324609730153543	0.131267229036679	0.0289017075829982	0	0.185336594317284	0	0.0119103248059868	0.0860187958790969	0.378377322849871	0	0	0	0	0	0.00147130497764706	0.129517102940488	0.0661439866637913	0	0	0.00694322728128061	0.0076392708848792	0	0.182567950521533	0.0102397376698809	0	0	0	0.0426830081185102
0.151663703773999	0.454619366648046	0.492891798858964	0.00470653180641851	0.210496063408119	0.460775588080675	1	0.348175483684683	0.378039803108273	0.273242640915732	0.152729198729755	0.238135549633924	0.00654507405255674	0	0	0	0	0	0	0.0170691536282238	0	0	0	0.116409922621535	0.0187016031219223	0.101826683770411	0	0.156714966198421	0.36809060473057	0.0716951889162453	0.33462977512278	0.37187430142751	0.326114441193815	0.0458997429340796	0.157636344707189	0	0	0	0.215521790597363	0.143476348769199	0.00491641857769341	0.0217018715651356	0	0	0	0.0191637675793644	0.0163692298617982	0.00774960341949831	0	0.0424140494871262	0.0488458104014567	0	0.0206906734641429	0	0.0902407179089353	0	0	0
0.241936894315202	0.657277969355977	0.651958580399445	0	0.402621502798638	0.040714531652348	0.348175483684683	1	0.701057407379244	0.0410371633917654	0.233524583726647	0.127920261010945	0	0	0	0.120281963916528	0.0178796145754896	0	0.266483067379201	0.285586375240595	0	0	0.443875787989093	0.320412301381653	0.397415057034016	0.300824206846916	0	0.366917446197615	0.185890884771467	0.329947725142681	0.297301475683076	0.332969554965575	0.255217474679119	0.133299418373838	0	0.204952087280046	0.181452339903894	0	0	0.0198837321441452	0.124141179250405	0.143500730377884	0.191699477622241	0.124633927891368	0.354953020327786	0	0.0030431573687375	0.0810128247448337	0.290191457789056	0	0.298702580466776	0.255428475368011	0.170281990410031	0.0902232354697116	0.27859691720775	0.273412430310868	0	0
0.229019151387429	0.529835616586618	0.651377521204025	0.0339604998337253	0	0.207219514024901	0.378039803108273	0.701057407379244	1	0	0.142775081058247	0.343286859915076	0	0	0.175512739401299	0.145260556108501	0.141699933556123	0	0.0464216162256223	0.012881923891017	0	0	0.207290165401108	0.226373754335011	0.35467891036687	0.172818270067817	0	0.26397113617124	0.096053066729941	0.250827525133685	0.192356890863463	0.200306771095434	0.283535523019981	0.150074946109859	0	0.0734872746178573	0.200447307872348	0.0237506468814247	0	0.0953128242245325	0.162700550345634	0.0905982347985283	0.160949452077536	0.140254283053326	0.328422800872546	0	0.107849377608994	0.0863919660001804	0.110630754213853	0	0.0665687970562699	0.263440964627905	0.262865057957732	0	0.154222315054973	0.0902517120340211	0	0.0135676478891764
0.0330524160112761	0.0140173963012289	0.090427926406444	0.132135999254709	0.0917754621651444	0.296332935470244	0.273242640915732	0.0410371633917654	0	1	0	0	0.0987435825164514	0	0	0.107377762559156	0.0398571002000416	0	0.0101306782881968	0.131346430657297	0	0.0599193281512264	0.133055127052302	0.211288393886652	0	0	0	0.00636670271364195	0.0108323191211751	0.071593785086769	0	0	0	0.102442661497228	0.217460271805664	0.0821871533445997	0.172685782971904	0.00552409822562041	0.161941917800958	0.230606597371688	0.0788566960362973	0	0.116215978886785	0.15518179710226	0.037720835661614	0	0	0.231374986340484	0.148206489469101	0.363966398828314	0.12772265666162	0.216685006404831	0.220842058629247	0.0471999942603042	0.210963952119066	0.125783148267757	0.0929604087727454	0.233794068934413
0.0488353168068048	0.335145940379665	0.154633006252243	0.0687145942024046	0.308590255447233	0	0.152729198729755	0.233524583726647	0.142775081058247	0	1	0.0804098781335477	0	0	0	0.185433026229838	0.0400074959525505	0	0	0	0	0	0.109298770750406	0.0582227421598731	0	0	0	0.371245236023658	0.458981886056663	0	0.157939789959371	0.264433198844162	0.321526159705804	0	0.119633832480679	0	0	0	0	0	0	0	0	0	0.037365168676986	0.018876339131223	0.0802231670543337	0.132406156058148	0	0.0513442019633335	0.1188352802304	0.0928488311575175	0	0.182379105322946	0.258091988742608	0	0.200563002013143	0.0362059797747274
0	0.259002363323278	0.255312195679606	0.022893190562322	0	0.30894908110294	0.238135549633924	0.127920261010945	0.343286859915076	0	0.0804098781335477	1	0	0	0.321372271780413	0.00752797992342205	0.266951050889028	0.487122303166184	0.00866797457957295	0	0	0	0	0.0521749035509956	0.241474688674598	0.266111717810472	0.0903690270190849	0.233967289636095	0.193073766454265	0.129222433041736	0.236399012920978	0.186976891812101	0.363194566126931	0.224373818026829	0.239491704220496	0	0	0.338814860833253	0.214252095440539	0	0.081873650831883	0	0	0	0	0.0706567991206141	0.130835813611134	0	0	0	0	0	0.187282433621237	0	0	0	0	0.0872234527881426
0.118072458280371	0	0.0362157328066892	0	0.0317750797750104	0	0.00654507405255674	0	0	0.0987435825164514	0	0	1	0	0.0320313894108124	0.265766027671947	0.0776330648573633	0	0.0931524915413614	0.119701202987353	0	0.158630512454043	0.0241749404957901	0.164507315413681	0.142645188248572	0.0817130543608672	0.0726996003261255	0.0234488627155306	0.0914563121379488	0.053379811627214	0	0.154829916051503	0	0.162832981403259	0.23306745956123	0.241560552280778	0	0.0409990967696073	0.242414479344743	0.474140653570916	0.214641563066424	0.103272148450977	0.40929714740946	0.0382848799059028	0.114356599139218	0	0	0.192534298664124	0.0696290990361973	0.163893626549501	0	0.190468862046039	0.116129479020243	0.0340684315276481	0.101946799482076	0.172124523265734	0.121130527852864	0.0581353214498811
0	0	0	0	0	0	0	0	0	0	0	0	0	1	0	0	0	0	0	0	0	0	0	0	0	0	0	0	0	0	0	0	0	0	0	0	0	0	0	0	0	0	0	0	0	0	0	0	0	0	0	0	0	0	0	0	0	0
0.061685778620456	0	0.0862528989955498	0	0	0.339552954349372	0	0	0.175512739401299	0	0	0.321372271780413	0.0320313894108124	0	1	0	0	0.228465766542477	0	0	0	0.170618011007883	0	0	0	0.25211457210153	0.1384427297613	0	0	0.074750633538792	0	0	0	0	0	0	0.0155497650526989	0.247664666238607	0.222930399123362	0	0	0	0	0	0	0.00469599751601069	0.0963218682622109	0.0573507701816742	0	0	0	0	0.0786220945452399	0	0	0	0	0
0	0	0.0845113546106165	0	0	0	0	0.120281963916528	0.145260556108501	0.107377762559156	0.185433026229838	0.00752797992342205	0.265766027671947	0	0	1	0.142904502058255	0	0.0293317632884809	0	0	0.0300299051246147	0.151119139724435	0.2288686683723	0.134013859944441	0	0.0878506132369535	0.246111647157113	0.158023923057088	0	0.104364136743225	0.0190988201617139	0.144463829552002	0.167314946828638	0.0610223978636855	0.236512928387565	0	0	0	0.31903971922698	0.230046185253006	0.273622360184735	0.262804056551891	0.0101314135132985	0.0179842958206713	0	0	0.0321469235553246	0.0717333365939295	0.0784166204679939	0	0.480387321585963	0	0	0.316443658488636	0.0485351871369708	0.0855774328578456	0.0941429181456424
0	0	0	0	0	0	0	0.0178796145754896	0.141699933556123	0.0398571002000416	0.0400074959525505	0.266951050889028	0.0776330648573633	0	0	0.142904502058255	1	0	0.373668336806624	0.351583727486559	0	0	0.107264123226051	0.354660801096337	0.362063064233663	0.0605996638060207	0.0997218831887613	0.226990092045697	0.193853644998001	0.1254021492544	0	0	0.087468563690334	0.152007459439822	0	0.494371852906468	0	0.135480231760522	0	0.42993098931679	0.411863838237593	0.314499556287367	0.385279050020026	0.346959819634448	0	0	0.0477619438877466	0.0634303919535711	0	0.140751993942747	0	0.327790978710427	0.310316654506969	0	0.24808723388045	0.358782615184055	0.112074621875966	0.135522550289234
0	0.0235634866518932	0	0.114875791599967	0	0.327102394364782	0	0	0	0	0	0.487122303166184	0	0	0.228465766542477	0	0	1	0	0	0	0	0	0	0	0.0543697752123415	0.00990556162430544	0.0738030084708537	0.0415161069164351	0	0.155510799066057	0	0.227672506759084	0.0301597675343944	0.11408795450284	0	0	0.368010585214933	0.542053722549919	0	0	0	0	0	0	0.0936646640926577	0	0	0	0	0	0	0.0485667865613896	0	0	0	0.0497368841331102	0.173156933991183
0.0897342553770795	0.145458211213034	0.122352836187759	0	0.239254070396324	0	0	0.266483067379201	0.0464216162256223	0.0101306782881968	0	0.00866797457957295	0.0931524915413614	0	0	0.0293317632884809	0.373668336806624	0	1	0.718027845478326	0	0.0208742182784944	0.253908614299682	0.36534404617229	0.467662888040733	0.11982845763523	0.240887592439378	0.330034748304227	0.136697401990002	0.191069069685318	0	0	0.156077561006794	0.305908641379511	0	0.702423487398289	0.0603735127993639	0.322779880213005	0	0.4265190066188	0.607390949230436	0.478188702953396	0.494615040065475	0.493902756766417	0	0	0	0	0.292484129381895	0	0.18633040308245	0.174290327917727	0.328437806359883	0	0.299434151845471	0.508195374338934	0.131874615037025	0
0.152297843450675	0.138251566202728	0.10868547047099	0	0.346915834925418	0	0.0170691536282238	0.285586375240595	0.012881923891017	0.131346430657297	0	0	0.119701202987353	0	0	0	0.351583727486559	0	0.718027845478326	1	0	0.106774676774497	0.272165045930556	0.412436786004056	0.431198587797054	0.129318642300101	0.259410237592705	0.150024740633237	0.240061505891993	0.385119117572473	0	0	0.048782046816827	0.386746129571802	0	0.589859306697613	0.207948856334601	0.244567121501171	0	0.390579233224495	0.530894627693983	0.358219008141184	0.438486923485603	0.639633845168342	0	0	0	0	0.368472777146281	0	0.20370678065422	0.102828676657111	0.267716723131451	0.0852715411081419	0.394363057586584	0.442280197349558	0.0474330352514256	0
0	0	0	0	0	0	0	0	0	0	0	0	0	0	0	0	0	0	0	0	1	0	0	0	0	0	0	0	0	0	0	0	0	0	0	0	0	0	0	0	0	0	0	0	0	0	0	0	0	0	0	0	0	0	0	0	0	0
0.0410452646408848	0.00714500406995685	0	0	0	0	0	0	0	0.0599193281512264	0	0	0.158630512454043	0	0.170618011007883	0.0300299051246147	0	0	0.0208742182784944	0.106774676774497	0	1	0.0169675278395076	0.0360694402606064	0.00309804586413957	0	0.00650359366794103	0	0	0.017437642562009	0	0	0	0.160950694180428	0	0.106762843246685	0.170651996314365	0.0455631700666425	0	0.196735060062647	0.269881300796112	0	0.0376054859255674	0.146949878932635	0.0819326383587114	0	0.0463721475181187	0.0941296349408578	0.0924643438826489	0.133832641531783	0	0	0.0712737121088968	0.0777705745406666	0.137182480779677	0.108365815216333	0.0827689495438961	0
0.264175424216242	0.135080789835174	0.153398198964114	0	0.271226779077965	0	0	0.443875787989093	0.207290165401108	0.133055127052302	0.109298770750406	0	0.0241749404957901	0	0	0.151119139724435	0.107264123226051	0	0.253908614299682	0.272165045930556	0	0.0169675278395076	1	0.136626443389616	0.155098394815182	0	0	0.268432387981837	0	0.281355348713816	0	0	0	0.0314295891915925	0	0.386012804703849	0.375279830146001	0	0	0.104109618824656	0.132857402157652	0.204148565476477	0.366359079799378	0.310809241250522	0.312946794005189	0	0.0379018847856066	0.233544575504867	0.193913739442067	0.00606425074107414	0.460517654719806	0.277029586853719	0.171097402561649	0.0771663686210381	0.184588463697457	0.313606103485815	0.111071717770621	0
0.0245657124788584	0.141670753432379	0.212672332333886	0.192246387871446	0.138834820810856	0	0.116409922621535	0.320412301381653	0.226373754335011	0.211288393886652	0.0582227421598731	0.0521749035509956	0.164507315413681	0	0	0.2288686683723	0.354660801096337	0	0.36534404617229	0.412436786004056	0	0.0360694402606064	0.136626443389616	1	0.350697783697854	0.238040151368392	0.185602385746959	0.31710674425384	0.163492513855766	0.456782650177552	0.289432806947877	0.265655580294809	0.100108290029294	0.619495163610064	0.066641088461242	0.452375867032022	0.226828408422087	0	0	0.31693413907794	0.280633333651511	0.132441138217595	0.278863582906348	0.251351451425379	0.156727964548275	0	0	0	0.396874187930341	0.0675620513555584	0.243581805511039	0.234023325390414	0.091262765558404	0.135829813095699	0.451847114677755	0.44968736994977	0.11682775945594	0.0916066823789937
0.0951960200098618	0.273254520655381	0.303698919945066	0.00275006728413552	0.0377424556246888	0	0.0187016031219223	0.397415057034016	0.35467891036687	0	0	0.241474688674598	0.142645188248572	0	0	0.134013859944441	0.362063064233663	0	0.467662888040733	0.431198587797054	0	0.00309804586413957	0.155098394815182	0.350697783697854	1	0.254051255459771	0.0409831014456002	0.397037867363023	0.343965272968157	0.123854934869908	0	0	0.237157845997554	0.382929031227903	0	0.532831612964218	0.119721656463162	0.364864108015154	0	0.337595305838132	0.588185666207892	0.355838056328152	0.444214027214797	0.422288402093039	0.132993602178369	0.0299979522322369	0	0	0.271367252544987	0	0.0970910241407604	0.0168068708355225	0.269741786894899	0	0.234247662724623	0.323163466671989	0	0
0.103737406270555	0.0387277018575963	0.299212085103753	0	0.0750042788132597	0.185987817647705	0.101826683770411	0.300824206846916	0.172818270067817	0	0	0.266111717810472	0.0817130543608672	0	0.25211457210153	0	0.0605996638060207	0.0543697752123415	0.11982845763523	0.129318642300101	0	0	0	0.238040151368392	0.254051255459771	1	0.377250964279897	0	0	0.501053776943316	0.404707581839258	0.316795281981952	0	0.24463948105749	0.0201586511070643	0.0619193848354582	0	0.152167990696286	0.0594151198944523	0.0709126167371672	0	0	0.0495329476562544	0	0.263691906899184	0.158219575191819	0.0163161043896972	0	0.126288486454082	0	0.161964706231355	0	0.0944465475587866	0.0712831351977289	0	0.153477053698414	0	0
0.161496540406369	0	0.138683550730656	0	0	0.145686022832127	0	0	0	0	0	0.0903690270190849	0.0726996003261255	0	0.1384427297613	0.0878506132369535	0.0997218831887613	0.00990556162430544	0.240887592439378	0.259410237592705	0	0.00650359366794103	0	0.185602385746959	0.0409831014456002	0.377250964279897	1	0	0	0.565128196303098	0.167885095634798	0	0	0.254140042060532	0	0.216523231381815	0.0806814917952715	0.150992681026208	0	0.173571987052125	0.147324844943143	0.237171463535575	0.209782389725493	0.132457684234885	0	0.10845782399087	0	0	0	0	0	0.0380730000383466	0.194742642211789	0	0.0589711371659044	0	0.0293656723596151	0
0	0.342376515570396	0.265030518155394	0.0920023682111171	0.296153654548842	0	0.156714966198421	0.366917446197615	0.26397113617124	0.00636670271364195	0.371245236023658	0.233967289636095	0.0234488627155306	0	0	0.246111647157113	0.226990092045697	0.0738030084708537	0.330034748304227	0.150024740633237	0	0	0.268432387981837	0.31710674425384	0.397037867363023	0	0	1	0.540242434166833	0.0108404010207478	0.231844227041088	0.267815600129454	0.705596905665554	0.152068350813592	0.0113062629689821	0.244040059307133	0.0544513594260116	0	0.0483417540604874	0.0881428779856251	0.21289190535564	0.252824856646192	0.180605256101689	0.0524486898275979	0.0925099806851443	0.00734156032221827	0	0	0.119078957549392	0	0.231911683909664	0.23782935034604	0.0360609959046277	0	0.24922473535719	0.185217915418082	0.0619576534067277	0
0	0.292521397026263	0.0915769194247498	0.0763177815039592	0.314792322643656	0	0.36809060473057	0.185890884771467	0.096053066729941	0.0108323191211751	0.458981886056663	0.193073766454265	0.0914563121379488	0	0	0.158023923057088	0.193853644998001	0.0415161069164351	0.136697401990002	0.240061505891993	0	0	0	0.163492513855766	0.343965272968157	0	0	0.540242434166833	1	0	0	0.208967948128376	0.50713414160128	0.12860204435993	0	0.155093395103946	0	0.000158859493787421	0.0438747120230762	0.192801736538743	0.268163412803494	0.124637214428145	0.117811552560146	0.039176962273924	0	0	0	0	0.0440730497786349	0	0	0	0	0.0223583828536143	0.138196269317738	0.184904876551439	0.202692841915498	0
0.229491666278518	0.0486924100681086	0.283498790731419	0	0.130227702172065	0.0805655333346822	0.0716951889162453	0.329947725142681	0.250827525133685	0.071593785086769	0	0.129222433041736	0.053379811627214	0	0.074750633538792	0	0.1254021492544	0	0.191069069685318	0.385119117572473	0	0.017437642562009	0.281355348713816	0.456782650177552	0.123854934869908	0.501053776943316	0.565128196303098	0.0108404010207478	0	1	0.1921496884849	0	0	0.380302491776679	0	0.211316041087331	0.359276193225912	0	0	0.098225790485899	0.0516152117211084	0	0.150123951982568	0.184973058244649	0.169371650585327	0.106975654652737	0.0235396317021456	0	0.150950431190981	0	0.228330797948114	0.0725996024579887	0.190607092321995	0.171223825073454	0.190472823218683	0.0895034814397259	0.0826170465925561	0
0	0.285780834588103	0.354041560733893	0	0.194028148660336	0.324609730153543	0.33462977512278	0.297301475683076	0.192356890863463	0	0.157939789959371	0.236399012920978	0	0	0	0.104364136743225	0	0.155510799066057	0	0	0	0	0	0.289432806947877	0	0.404707581839258	0.167885095634798	0.231844227041088	0	0.1921496884849	1	0.501935536430106	0.316617165967317	0.0276610288786533	0.170185627726716	0	0.00617112581781864	0	0.0449417441276756	0	0	0	0	0	0.110606457182518	0.0859304241857967	0	0	0.13706496568067	0	0.0546869411505637	0.0999413827759547	0	0.089631424581386	0.0890803115137469	0	0	0
0.0569046760454111	0.248165219976716	0.281850541836327	0	0.301942088670251	0.131267229036679	0.37187430142751	0.332969554965575	0.200306771095434	0	0.264433198844162	0.186976891812101	0.154829916051503	0	0	0.0190988201617139	0	0	0	0	0	0	0	0.265655580294809	0	0.316795281981952	0	0.267815600129454	0.208967948128376	0	0.501935536430106	1	0.315245311701485	0.129339254577636	0.423156896648087	0	0	0	0.0563287079618283	0.00919710588857421	0	0	0	0	0.157220392704207	0.0524177034640423	0.025607605215239	0.0905405085068007	0.0486340846790347	0.10216861070846	0.0109071162401634	0	0	0.167094254285397	0.217291703344937	0.0169571899366076	0	0.195848867509512
0	0.344542309849409	0.272300167404536	0.162004395623163	0.230876790454377	0.0289017075829982	0.326114441193815	0.255217474679119	0.283535523019981	0	0.321526159705804	0.363194566126931	0	0	0	0.144463829552002	0.087468563690334	0.227672506759084	0.156077561006794	0.048782046816827	0	0	0	0.100108290029294	0.237157845997554	0	0	0.705596905665554	0.50713414160128	0	0.316617165967317	0.315245311701485	1	0.0560617415315458	0	0.0133100914427241	0	0	0.226590022017266	0.00760230599749823	0.114375587383118	0.145479643147454	0	0	0.0703857840960428	0.0276546523690713	0.0953778690998323	0.0266749192471627	0.0983935040370855	0	0.0969994058108274	0.0556304855571496	0	0	0.158666847939334	0	0.00255816022250702	0
0.170921506216196	0	0.0946350128616284	0.15317839241287	0	0	0.0458997429340796	0.133299418373838	0.150074946109859	0.102442661497228	0	0.224373818026829	0.162832981403259	0	0	0.167314946828638	0.152007459439822	0.0301597675343944	0.305908641379511	0.386746129571802	0	0.160950694180428	0.0314295891915925	0.619495163610064	0.382929031227903	0.24463948105749	0.254140042060532	0.152068350813592	0.12860204435993	0.380302491776679	0.0276610288786533	0.129339254577636	0.0560617415315458	1	0.13880912441873	0.33455628121912	0.196756803989513	0.165014492954785	0.0231180815097918	0.244966464554811	0.348661406266131	0.0814738292493711	0.182507847260339	0.249336490684926	0.130673031476304	0.140466469351727	0	0	0.262232591917087	0	0.135182074458136	0	0.0983278746350375	0.228340743510425	0.242343433525653	0.286425230532537	0.169633001316442	0.0351394732836152
0	0.00605661733300354	0.0176157606417226	0	0.0203765856344918	0.185336594317284	0.157636344707189	0	0	0.217460271805664	0.119633832480679	0.239491704220496	0.23306745956123	0	0	0.0610223978636855	0	0.11408795450284	0	0	0	0	0	0.066641088461242	0	0.0201586511070643	0	0.0113062629689821	0	0	0.170185627726716	0.423156896648087	0	0.13880912441873	1	0	0	0	0.351037010393994	0.112083335878862	0	0	0	0	0.121099923509901	0	0.35812412508515	0.305594417423951	0	0.347651763403955	0	0.00826015771789179	0.0752817842799953	0.311690777227204	0.221070031046249	0	0.11177938431208	0.330707527372291
0.0744030937533429	0.0217813020293576	0.032164402601697	0	0.031235936147524	0	0	0.204952087280046	0.0734872746178573	0.0821871533445997	0	0	0.241560552280778	0	0	0.236512928387565	0.494371852906468	0	0.702423487398289	0.589859306697613	0	0.106762843246685	0.386012804703849	0.452375867032022	0.532831612964218	0.0619193848354582	0.216523231381815	0.244040059307133	0.155093395103946	0.211316041087331	0	0	0.0133100914427241	0.33455628121912	0	1	0.208887508899981	0.164744613461744	0	0.549559321356021	0.686431274159729	0.651246905021559	0.662128602700984	0.583947716784541	0	0	0	0.0028794655191356	0.306899851265609	0.0436387954644912	0.180009985388018	0.234885465672321	0.28430799699373	0	0.221269613806851	0.623342216391557	0.149166564028937	0
0.0532942892305619	0.162341371672927	0.134616472979155	0.00127766904283921	0.011934851799381	0.0119103248059868	0	0.181452339903894	0.200447307872348	0.172685782971904	0	0	0	0	0.0155497650526989	0	0	0	0.0603735127993639	0.207948856334601	0	0.170651996314365	0.375279830146001	0.226828408422087	0.119721656463162	0	0.0806814917952715	0.0544513594260116	0	0.359276193225912	0.00617112581781864	0	0	0.196756803989513	0	0.208887508899981	1	0.00178868035004299	0	0	0.148696624033281	0.111179151478634	0.251171484920261	0.454189487608158	0.201260652811978	0.225603581591288	0	0	0.265821335658589	0	0.328885867566823	0.130376133590643	0.191204851317042	0	0	0.0116942312622149	0	0
0	0.0211905932568864	0.00251051448997951	0	0	0.0860187958790969	0	0	0.0237506468814247	0.00552409822562041	0	0.338814860833253	0.0409990967696073	0	0.247664666238607	0	0.135480231760522	0.368010585214933	0.322779880213005	0.244567121501171	0	0.0455631700666425	0	0	0.364864108015154	0.152167990696286	0.150992681026208	0	0.000158859493787421	0	0	0	0	0.165014492954785	0	0.164744613461744	0.00178868035004299	1	0.0474775396409254	0.0992492462504574	0.304817417685165	0.0532500907603591	0.145395641472041	0.24235734701419	0	0	0	0	0	0	0	0	0.302983794435823	0	0	0.0440478575720702	0.0110388636795398	0.0762688875601854
0	0.0382552959368283	0	0.0813563460209663	0	0.378377322849871	0.215521790597363	0	0	0.161941917800958	0	0.214252095440539	0.242414479344743	0	0.222930399123362	0	0	0.542053722549919	0	0	0	0	0	0	0	0.0594151198944523	0	0.0483417540604874	0.0438747120230762	0	0.0449417441276756	0.0563287079618283	0.226590022017266	0.0231180815097918	0.351037010393994	0	0	0.0474775396409254	1	0.091923553312488	0	0	0	0	0.0754393295979939	0.0807089270230506	0.0987949772355142	0.0996195551480799	0	0	0	0	0.109237679179459	0	0	0	0.0184571416649897	0.0830723526715287
0.201323526024924	0	0.183727155752123	0	0	0	0.143476348769199	0.0198837321441452	0.0953128242245325	0.230606597371688	0	0	0.474140653570916	0	0	0.31903971922698	0.42993098931679	0	0.4265190066188	0.390579233224495	0	0.196735060062647	0.104109618824656	0.31693413907794	0.337595305838132	0.0709126167371672	0.173571987052125	0.0881428779856251	0.192801736538743	0.098225790485899	0	0.00919710588857421	0.00760230599749823	0.244966464554811	0.112083335878862	0.549559321356021	0	0.0992492462504574	0.091923553312488	1	0.626506461523321	0.41503189604005	0.671009030083099	0.452914922416846	0.108746230147703	0	0	0.120261276363575	0.164075827039053	0.213373800542482	0	0.285970826301415	0.271691750533404	0	0.256965763262671	0.32099724097176	0.0602320577208474	0.0793370567926963
0.04837646359535	0.0790689206899438	0.115313527193259	0	0	0	0.00491641857769341	0.124141179250405	0.162700550345634	0.0788566960362973	0	0.081873650831883	0.214641563066424	0	0	0.230046185253006	0.411863838237593	0	0.607390949230436	0.530894627693983	0	0.269881300796112	0.132857402157652	0.280633333651511	0.588185666207892	0	0.147324844943143	0.21289190535564	0.268163412803494	0.0516152117211084	0	0	0.114375587383118	0.348661406266131	0	0.686431274159729	0.148696624033281	0.304817417685165	0	0.626506461523321	1	0.523576909226253	0.645177041832123	0.617919159380973	0	0	0	0	0.273802892849147	0.0401586869066545	0	0.205307309220499	0.432142159177811	0	0.205623398898526	0.3692932548512	0.0447745915112141	0.00679964550128982
0.00985684474125456	0	0.0232346021465417	0	0.0123656192219248	0	0.0217018715651356	0.143500730377884	0.0905982347985283	0	0	0	0.103272148450977	0	0	0.273622360184735	0.314499556287367	0	0.478188702953396	0.358219008141184	0	0	0.204148565476477	0.132441138217595	0.355838056328152	0	0.237171463535575	0.252824856646192	0.124637214428145	0	0	0	0.145479643147454	0.0814738292493711	0	0.651246905021559	0.111179151478634	0.0532500907603591	0	0.41503189604005	0.523576909226253	1	0.46766280032618	0.438226235825956	0	0	0	0	0.118485423926552	0.0215019735488873	0.121607698737204	0.263537343320361	0.111905020159253	0	0.149048392808105	0.301737968579301	0	0
0.259317436438474	0.014860733921073	0.239668094655528	0	0	0	0	0.191699477622241	0.160949452077536	0.116215978886785	0	0	0.40929714740946	0	0	0.262804056551891	0.385279050020026	0	0.494615040065475	0.438486923485603	0	0.0376054859255674	0.366359079799378	0.278863582906348	0.444214027214797	0.0495329476562544	0.209782389725493	0.180605256101689	0.117811552560146	0.150123951982568	0	0	0	0.182507847260339	0	0.662128602700984	0.251171484920261	0.145395641472041	0	0.671009030083099	0.645177041832123	0.46766280032618	1	0.631158204408993	0.222231460692948	0.0229505211330596	0	0.0453442983332072	0.367169246340184	0.0124686569741876	0.184091005832857	0.427363294660933	0.407920235214426	0	0.114079184710716	0.304995806663666	0.0469877208171623	0
0.0365074305266604	0	0.080857643532916	0	0	0	0	0.124633927891368	0.140254283053326	0.15518179710226	0	0	0.0382848799059028	0	0	0.0101314135132985	0.346959819634448	0	0.493902756766417	0.639633845168342	0	0.146949878932635	0.310809241250522	0.251351451425379	0.422288402093039	0	0.132457684234885	0.0524486898275979	0.039176962273924	0.184973058244649	0	0	0	0.249336490684926	0	0.583947716784541	0.454189487608158	0.24235734701419	0	0.452914922416846	0.617919159380973	0.438226235825956	0.631158204408993	1	0.18560304789488	0.0880344928821906	0	0	0.384563372069862	0	0.216266841562676	0.233631129978687	0.388999554309616	0	0.184216442450301	0.290626368365316	0	0
0.0975700711426835	0.1663176663476	0.34832274749396	0.0188309627206991	0	0.00147130497764706	0	0.354953020327786	0.328422800872546	0.037720835661614	0.037365168676986	0	0.114356599139218	0	0	0.0179842958206713	0	0	0	0	0	0.0819326383587114	0.312946794005189	0.156727964548275	0.132993602178369	0.263691906899184	0	0.0925099806851443	0	0.169371650585327	0.110606457182518	0.157220392704207	0.0703857840960428	0.130673031476304	0.121099923509901	0	0.201260652811978	0	0.0754393295979939	0.108746230147703	0	0	0.222231460692948	0.18560304789488	1	0.187510548842682	0.299714168392967	0.182695252809712	0.308983523502435	0.0431624636864986	0.381685758895964	0.230751006731251	0.266376512258113	0.0987435819483187	0.171156721676419	0.140642254656639	0	0.0370376172241939
0.284255733984075	0.0798778764943566	0.192709419549458	0.0167808916156614	0	0.129517102940488	0.0191637675793644	0	0	0	0.018876339131223	0.0706567991206141	0	0	0.00469599751601069	0	0	0.0936646640926577	0	0	0	0	0	0	0.0299979522322369	0.158219575191819	0.10845782399087	0.00734156032221827	0	0.106975654652737	0.0859304241857967	0.0524177034640423	0.0276546523690713	0.140466469351727	0	0	0.225603581591288	0	0.0807089270230506	0	0	0	0.0229505211330596	0.0880344928821906	0.187510548842682	1	0.0126597170332683	0	0.0960094906617316	0	0.142226347550929	0	0	0	0	0	0	0
0.0444336286589931	0.00439705376298733	0.0521119831623229	0	0	0.0661439866637913	0.0163692298617982	0.0030431573687375	0.107849377608994	0	0.0802231670543337	0.130835813611134	0	0	0.0963218682622109	0	0.0477619438877466	0	0	0	0	0.0463721475181187	0.0379018847856066	0	0	0.0163161043896972	0	0	0	0.0235396317021456	0	0.025607605215239	0.0953778690998323	0	0.35812412508515	0	0	0	0.0987949772355142	0	0	0	0	0	0.299714168392967	0.0126597170332683	1	0.628320288685961	0	0.238730480246826	0.0928671443331029	0.0970007581215828	0.298628425777572	0.0304623777383902	0	0.0598420303377257	0.260684649639308	0.162096327989453
0.0282685137432845	0.042670115136984	0	0	0.0656906471884568	0	0.00774960341949831	0.0810128247448337	0.0863919660001804	0.231374986340484	0.132406156058148	0	0.192534298664124	0	0.0573507701816742	0.0321469235553246	0.0634303919535711	0	0	0	0	0.0941296349408578	0.233544575504867	0	0	0	0	0	0	0	0	0.0905405085068007	0.0266749192471627	0	0.305594417423951	0.0028794655191356	0	0	0.0996195551480799	0.120261276363575	0	0	0.0453442983332072	0	0.182695252809712	0	0.628320288685961	1	0	0.402786957824837	0.0611102103065316	0.146374983651335	0.169759242569612	0.134205871294597	0.193553845003098	0.323873865849675	0.401475170080417	0.279636880821153
0.205637995102248	0.207028340072584	0.297036759606478	0.192271997764326	0.196073721970569	0	0	0.290191457789056	0.110630754213853	0.148206489469101	0	0	0.0696290990361973	0	0	0.0717333365939295	0	0	0.292484129381895	0.368472777146281	0	0.0924643438826489	0.193913739442067	0.396874187930341	0.271367252544987	0.126288486454082	0	0.119078957549392	0.0440730497786349	0.150950431190981	0.13706496568067	0.0486340846790347	0.0983935040370855	0.262232591917087	0	0.306899851265609	0.265821335658589	0	0	0.164075827039053	0.273802892849147	0.118485423926552	0.367169246340184	0.384563372069862	0.308983523502435	0.0960094906617316	0	0	1	0.0474464867281306	0.489092490095942	0.0665546388403213	0.00082013202954605	0	0.278888114798066	0.165854298779977	0	0
0	0	0	0	0	0.00694322728128061	0.0424140494871262	0	0	0.363966398828314	0.0513442019633335	0	0.163893626549501	0	0	0.0784166204679939	0.140751993942747	0	0	0	0	0.133832641531783	0.00606425074107414	0.0675620513555584	0	0	0	0	0	0	0	0.10216861070846	0	0	0.347651763403955	0.0436387954644912	0	0	0	0.213373800542482	0.0401586869066545	0.0215019735488873	0.0124686569741876	0	0.0431624636864986	0	0.238730480246826	0.402786957824837	0.0474464867281306	1	0.0937620350796257	0.159273925003722	0.1655981328616	0.00717181247883921	0.43724023543504	0.258303816892215	0.228314403558241	0.434798088120876
0.229506034954911	0.186072065913574	0.272370914011758	0.104615675394165	0.175573434666666	0.0076392708848792	0.0488458104014567	0.298702580466776	0.0665687970562699	0.12772265666162	0.1188352802304	0	0	0	0	0	0	0	0.18633040308245	0.20370678065422	0	0	0.460517654719806	0.243581805511039	0.0970910241407604	0.161964706231355	0	0.231911683909664	0	0.228330797948114	0.0546869411505637	0.0109071162401634	0.0969994058108274	0.135182074458136	0	0.180009985388018	0.328885867566823	0	0	0	0	0.121607698737204	0.184091005832857	0.216266841562676	0.381685758895964	0.142226347550929	0.0928671443331029	0.0611102103065316	0.489092490095942	0.0937620350796257	1	0	0.0147099344404432	0.166546421305198	0.179956836359146	0.20596611884721	0.0294479961521988	0
0.0385348796701335	0	0.22773882741198	0	0	0	0	0.255428475368011	0.263440964627905	0.216685006404831	0.0928488311575175	0	0.190468862046039	0	0	0.480387321585963	0.327790978710427	0	0.174290327917727	0.102828676657111	0	0	0.277029586853719	0.234023325390414	0.0168068708355225	0	0.0380730000383466	0.23782935034604	0	0.0725996024579887	0.0999413827759547	0	0.0556304855571496	0	0.00826015771789179	0.234885465672321	0.130376133590643	0	0	0.285970826301415	0.205307309220499	0.263537343320361	0.427363294660933	0.233631129978687	0.230751006731251	0	0.0970007581215828	0.146374983651335	0.0665546388403213	0.159273925003722	0	1	0.368964303251903	0	0.183036466606811	0.105193933996502	0.0429655739600167	0.208876583762594
0.056126727006274	0	0.226839725412753	0	0	0.182567950521533	0.0206906734641429	0.170281990410031	0.262865057957732	0.220842058629247	0	0.187282433621237	0.116129479020243	0	0.0786220945452399	0	0.310316654506969	0.0485667865613896	0.328437806359883	0.267716723131451	0	0.0712737121088968	0.171097402561649	0.091262765558404	0.269741786894899	0.0944465475587866	0.194742642211789	0.0360609959046277	0	0.190607092321995	0	0	0	0.0983278746350375	0.0752817842799953	0.28430799699373	0.191204851317042	0.302983794435823	0.109237679179459	0.271691750533404	0.432142159177811	0.111905020159253	0.407920235214426	0.388999554309616	0.266376512258113	0	0.298628425777572	0.169759242569612	0.00082013202954605	0.1655981328616	0.0147099344404432	0.368964303251903	1	0	0.0526727348424589	0.152046876721888	0.0816524620202286	0.278184908414455
0	0.0975115985275766	0	0.0486467813439166	0.375623970638141	0.0102397376698809	0	0.0902232354697116	0	0.0471999942603042	0.182379105322946	0	0.0340684315276481	0	0	0	0	0	0	0.0852715411081419	0	0.0777705745406666	0.0771663686210381	0.135829813095699	0	0.0712831351977289	0	0	0.0223583828536143	0.171223825073454	0.089631424581386	0.167094254285397	0	0.228340743510425	0.311690777227204	0	0	0	0	0	0	0	0	0	0.0987435819483187	0	0.0304623777383902	0.134205871294597	0	0.00717181247883921	0.166546421305198	0	0	1	0.107959584757147	0.0988195589448141	0.30928143756758	0.00121991225799289
0.0284072386928292	0.106112039834219	0.230684935020946	0.0427407051927572	0.212091522736807	0	0.0902407179089353	0.27859691720775	0.154222315054973	0.210963952119066	0.258091988742608	0	0.101946799482076	0	0	0.316443658488636	0.24808723388045	0	0.299434151845471	0.394363057586584	0	0.137182480779677	0.184588463697457	0.451847114677755	0.234247662724623	0	0.0589711371659044	0.24922473535719	0.138196269317738	0.190472823218683	0.0890803115137469	0.217291703344937	0.158666847939334	0.242343433525653	0.221070031046249	0.221269613806851	0	0	0	0.256965763262671	0.205623398898526	0.149048392808105	0.114079184710716	0.184216442450301	0.171156721676419	0	0	0.193553845003098	0.278888114798066	0.43724023543504	0.179956836359146	0.183036466606811	0.0526727348424589	0.107959584757147	1	0.385706418692791	0	0.212191651795157
0.0673002235052449	0.102136548821058	0	0	0.171567855868855	0	0	0.273412430310868	0.0902517120340211	0.125783148267757	0	0	0.172124523265734	0	0	0.0485351871369708	0.358782615184055	0	0.508195374338934	0.442280197349558	0	0.108365815216333	0.313606103485815	0.44968736994977	0.323163466671989	0.153477053698414	0	0.185217915418082	0.184904876551439	0.0895034814397259	0	0.0169571899366076	0	0.286425230532537	0	0.623342216391557	0.0116942312622149	0.0440478575720702	0	0.32099724097176	0.3692932548512	0.301737968579301	0.304995806663666	0.290626368365316	0.140642254656639	0	0.0598420303377257	0.323873865849675	0.165854298779977	0.258303816892215	0.20596611884721	0.105193933996502	0.152046876721888	0.0988195589448141	0.385706418692791	1	0.213896156078088	0.114299950892402
0.00673786638716334	0	0	0.186518114454524	0.0759039908088524	0	0	0	0	0.0929604087727454	0.200563002013143	0	0.121130527852864	0	0	0.0855774328578456	0.112074621875966	0.0497368841331102	0.131874615037025	0.0474330352514256	0	0.0827689495438961	0.111071717770621	0.11682775945594	0	0	0.0293656723596151	0.0619576534067277	0.202692841915498	0.0826170465925561	0	0	0.00255816022250702	0.169633001316442	0.11177938431208	0.149166564028937	0	0.0110388636795398	0.0184571416649897	0.0602320577208474	0.0447745915112141	0	0.0469877208171623	0	0	0	0.260684649639308	0.401475170080417	0	0.228314403558241	0.0294479961521988	0.0429655739600167	0.0816524620202286	0.30928143756758	0	0.213896156078088	1	0.164023608162638
0	0	0	0.0446023081647907	0	0.0426830081185102	0	0	0.0135676478891764	0.233794068934413	0.0362059797747274	0.0872234527881426	0.0581353214498811	0	0	0.0941429181456424	0.135522550289234	0.173156933991183	0	0	0	0	0	0.0916066823789937	0	0	0	0	0	0	0	0.195848867509512	0	0.0351394732836152	0.330707527372291	0	0	0.0762688875601854	0.0830723526715287	0.0793370567926963	0.00679964550128982	0	0	0	0.0370376172241939	0	0.162096327989453	0.279636880821153	0	0.434798088120876	0	0.208876583762594	0.278184908414455	0.00121991225799289	0.212191651795157	0.114299950892402	0.164023608162638	1
