1	0.331624653685105	0.616954461337827	0.431820188881231	0.167347532714792	0.371434580979728	0.481189375743744	0.0558005526818305	0.0388334855652671
0.331624653685105	1	0.310047601130704	0.294289357899494	0.140949525263613	0.242175456051797	0.151134727328397	0.193007220101623	0.171397758449669
0.616954461337827	0.310047601130704	1	0.590358633955452	0.0551505441945357	0.477233540313974	0.707484166934327	0.200063376281608	0.302377825305842
0.431820188881231	0.294289357899494	0.590358633955452	1	0.161034423635512	0.444233723709734	0.546342554455068	0.299550020255083	0.394744676633002
0.167347532714792	0.140949525263613	0.0551505441945357	0.161034423635512	1	0.0114701091793565	0.00419774253782653	0	0.198457145330803
0.371434580979728	0.242175456051797	0.477233540313974	0.444233723709734	0.0114701091793565	1	0.501770209156323	0.374377798715277	0.236900284368381
0.481189375743744	0.151134727328397	0.707484166934327	0.546342554455068	0.00419774253782653	0.501770209156323	1	0.239046576202568	0.134664357362151
0.0558005526818305	0.193007220101623	0.200063376281608	0.299550020255083	0	0.374377798715277	0.239046576202568	1	0.0364817848294332
0.0388334855652671	0.171397758449669	0.302377825305842	0.394744676633002	0.198457145330803	0.236900284368381	0.134664357362151	0.0364817848294332	1
