1	0.00995118362778887	0.419690139787524	0.71227862354612	0.094256489831314	0.0455669028979978	0.19975009844549	0.228421005606071	0.109942091547637
0.00995118362778887	1	0	0	0.253066430047504	0	0.391365421813626	0.186213998932299	0
0.419690139787524	0	1	0.375703682439756	0.253594284646613	0	0.417514763512472	0.211592974313003	0.0341098434686049
0.71227862354612	0	0.375703682439756	1	0.0681830242283292	0.0456917731646618	0.303810479138798	0.356167575435114	0.265348780721846
0.094256489831314	0.253066430047504	0.253594284646613	0.0681830242283292	1	0	0.257632117399603	0	0
0.0455669028979978	0	0	0.0456917731646618	0	1	0	0.242932363055493	0.228207709186055
0.19975009844549	0.391365421813626	0.417514763512472	0.303810479138798	0.257632117399603	0	1	0.270190669391628	0
0.228421005606071	0.186213998932299	0.211592974313003	0.356167575435114	0	0.242932363055493	0.270190669391628	1	0.290573462452585
0.109942091547637	0	0.0341098434686049	0.265348780721846	0	0.228207709186055	0	0.290573462452585	1
