1	0	0.26321835973476	0.494923811421563	0.0227716495013933	0.0886417352729405	0.299229324838503	0.245163940429608	0.0956437876833395
0	1	0.056607693860086	0.106864288082461	0.266728173567182	0.245062832039742	0	0.309544182696663	0
0.26321835973476	0.056607693860086	1	0.0923225850670865	0.287275085426628	0.160815076943802	0.0258267716741155	0.048611508655547	0.0908247152611504
0.494923811421563	0.106864288082461	0.0923225850670865	1	0	0.0209241444889121	0.299826800953096	0.366381539015837	0.191327793586143
0.0227716495013933	0.266728173567182	0.287275085426628	0	1	0.133694244219493	0.00554600522459557	0.261694493420702	0
0.0886417352729405	0.245062832039742	0.160815076943802	0.0209241444889121	0.133694244219493	1	0	0.169325239798846	0.0169058067255059
0.299229324838503	0	0.0258267716741155	0.299826800953096	0.00554600522459557	0	1	0.287762484440953	0.0984127373382194
0.245163940429608	0.309544182696663	0.048611508655547	0.366381539015837	0.261694493420702	0.169325239798846	0.287762484440953	1	0
0.0956437876833395	0	0.0908247152611504	0.191327793586143	0	0.0169058067255059	0.0984127373382194	0	1
