1	0.521630512449533	0.561228825807311	0.330373712007986	0.0190676882151663	0.480421358744875	0.645762121922652	0.146227942678461	0.346150362269902
0.521630512449533	1	0.535865409719807	0	0	0.757607609863054	0.752896213618815	0.371347683475896	0.410452907921089
0.561228825807311	0.535865409719807	1	0.0862564699153367	0.179303691597209	0.474337967438338	0.617108220579308	0.211390469171462	0.438022423334798
0.330373712007986	0	0.0862564699153367	1	0	0	0.243534513746222	0	0.0206456888088456
0.0190676882151663	0	0.179303691597209	0	1	0	0	0	0.157990228398876
0.480421358744875	0.757607609863054	0.474337967438338	0	0	1	0.694621235389584	0.475502588646448	0.362758485014467
0.645762121922652	0.752896213618815	0.617108220579308	0.243534513746222	0	0.694621235389584	1	0.237261778754927	0.365403068866679
0.146227942678461	0.371347683475896	0.211390469171462	0	0	0.475502588646448	0.237261778754927	1	0.398670938188459
0.346150362269902	0.410452907921089	0.438022423334798	0.0206456888088456	0.157990228398876	0.362758485014467	0.365403068866679	0.398670938188459	1
