1	0.0162856835885862	0.126167639754071	0.540192295992433	0	0	0.0197360971006895	0.164071989879019	0
0.0162856835885862	1	0.237437603272723	0.128971819744759	0	0	0.227268782727986	0	0.255796543295918
0.126167639754071	0.237437603272723	1	0.0932643069577211	0.0930529458461531	0	0	0	0.147066907426482
0.540192295992433	0.128971819744759	0.0932643069577211	1	0.0462417298806777	0.185791573622183	0.181934737519443	0.179511964101776	0
0	0	0.0930529458461531	0.0462417298806777	1	0.0520516198051346	0	0.00178509397597748	0
0	0	0	0.185791573622183	0.0520516198051346	1	0.202037232453151	0.525846824730379	0.047362002528784
0.0197360971006895	0.227268782727986	0	0.181934737519443	0	0.202037232453151	1	0	0.185206991581608
0.164071989879019	0	0	0.179511964101776	0.00178509397597748	0.525846824730379	0	1	0
0	0.255796543295918	0.147066907426482	0	0	0.047362002528784	0.185206991581608	0	1
