1	0.230889006779126	0.318230835939873	0.280180706658316	0.234099409628801	0.137073549517158	0.00694122230641715	0	0.43288444755985
0.230889006779126	1	0.236343830214896	0.128902624536163	0.166705818811051	0.356677545894616	0.0269808259763598	0	0.176558839902457
0.318230835939873	0.236343830214896	1	0.105282221075692	0.381854130140896	0.0736306875706895	0.0940367997132183	0	0.132619466250643
0.280180706658316	0.128902624536163	0.105282221075692	1	0.091035642282141	0.040940732065285	0.0412386210876295	0	0.0278418516115426
0.234099409628801	0.166705818811051	0.381854130140896	0.091035642282141	1	0	0.256765381636835	0	0.169033345555985
0.137073549517158	0.356677545894616	0.0736306875706895	0.040940732065285	0	1	0.241655213561419	0	0
0.00694122230641715	0.0269808259763598	0.0940367997132183	0.0412386210876295	0.256765381636835	0.241655213561419	1	0	0
0	0	0	0	0	0	0	1	0
0.43288444755985	0.176558839902457	0.132619466250643	0.0278418516115426	0.169033345555985	0	0	0	1
