1	0.688468807065844	0.654755901997926	0.253598394257664	0.534796190229151	0.359345768913004	0.147985588693792	0.128501016803108	0
0.688468807065844	1	0.555319498432444	0.228550157065762	0.40565416184837	0.312021529706114	0.183757066579483	0.346669577342709	0
0.654755901997926	0.555319498432444	1	0	0.59761112341316	0.114126160341518	0.305083122209692	0	0
0.253598394257664	0.228550157065762	0	1	0	0.311776179153605	0.124874053591103	0.481600082117636	0
0.534796190229151	0.40565416184837	0.59761112341316	0	1	0.361750714043513	0.250485700134978	0	0.208641632892042
0.359345768913004	0.312021529706114	0.114126160341518	0.311776179153605	0.361750714043513	1	0.330801568116479	0.28149208394033	0
0.147985588693792	0.183757066579483	0.305083122209692	0.124874053591103	0.250485700134978	0.330801568116479	1	0.162483218200646	0.0394148838047757
0.128501016803108	0.346669577342709	0	0.481600082117636	0	0.28149208394033	0.162483218200646	1	0
0	0	0	0	0.208641632892042	0	0.0394148838047757	0	1
