1	0.468951274272325	0.480726094993225	0.630365519860268	0.541583500180033	0.386999265813531	0.675494708661716	0.271198110353016	0
0.468951274272325	1	0.711897116758316	0.748598154870457	0.637642515459749	0.180206676121292	0.585625600309907	0.527565587161019	0.184555333266088
0.480726094993225	0.711897116758316	1	0.826923914975591	0.765807857260063	0.257719397207742	0.428998958055383	0.506304440947595	0.204154524663502
0.630365519860268	0.748598154870457	0.826923914975591	1	0.728374684941762	0.319883033856672	0.682529584208266	0.444426277795605	0.140236886093527
0.541583500180033	0.637642515459749	0.765807857260063	0.728374684941762	1	0.250948522450708	0.504651331526769	0.508265616694094	0.0860327192893963
0.386999265813531	0.180206676121292	0.257719397207742	0.319883033856672	0.250948522450708	1	0.424318052872944	0.258379571603625	0
0.675494708661716	0.585625600309907	0.428998958055383	0.682529584208266	0.504651331526769	0.424318052872944	1	0.313056769017483	0.0921639595963869
0.271198110353016	0.527565587161019	0.506304440947595	0.444426277795605	0.508265616694094	0.258379571603625	0.313056769017483	1	0.348155366665738
0	0.184555333266088	0.204154524663502	0.140236886093527	0.0860327192893963	0	0.0921639595963869	0.348155366665738	1
