1	0.0924600037223049	0.416226014809432	0.233492269883371	0.00844669392239173	0.190838336116225	0.271818903568285	0.42997987600862	0.127196395556192
0.0924600037223049	1	0.00978980309230574	0.23998693677141	0	0	0	0.304881801575619	0
0.416226014809432	0.00978980309230574	1	0.195355009654996	0.0195894025597495	0.510218237035828	0.356678739067994	0.326453891077597	0.278179213338522
0.233492269883371	0.23998693677141	0.195355009654996	1	0.128373414558609	0	0.00757600191540531	0.307255391503188	0.152500449847362
0.00844669392239173	0	0.0195894025597495	0.128373414558609	1	0	0	0	0.0653867399909544
0.190838336116225	0	0.510218237035828	0	0	1	0.455451679650879	0.225869177593739	0.182910360364505
0.271818903568285	0	0.356678739067994	0.00757600191540531	0	0.455451679650879	1	0.383412356427897	0
0.42997987600862	0.304881801575619	0.326453891077597	0.307255391503188	0	0.225869177593739	0.383412356427897	1	0.298668558677503
0.127196395556192	0	0.278179213338522	0.152500449847362	0.0653867399909544	0.182910360364505	0	0.298668558677503	1
