1	0.301707703264139	0.710356993757533	0.367672142841133	0	0.0157922126729905	0.177228918032732	0.181962656206186	0
0.301707703264139	1	0.283685835141693	0.578529802254366	0.0927644577477553	0.261757894693774	0.664763349420113	0.360565658771305	0.072738463091996
0.710356993757533	0.283685835141693	1	0.492623628237972	0	0.179555644212887	0.332029612866949	0.195864387346025	0
0.367672142841133	0.578529802254366	0.492623628237972	1	0	0.354804103613422	0.721953467888634	0.10590799544431	0.0477725706505506
0	0.0927644577477553	0	0	1	0.0100676646899583	0	0.477565226881948	0.059423797806933
0.0157922126729905	0.261757894693774	0.179555644212887	0.354804103613422	0.0100676646899583	1	0.572043130072404	0.246833114607095	0.37611635460997
0.177228918032732	0.664763349420113	0.332029612866949	0.721953467888634	0	0.572043130072404	1	0.204144664007305	0.107658895457748
0.181962656206186	0.360565658771305	0.195864387346025	0.10590799544431	0.477565226881948	0.246833114607095	0.204144664007305	1	0
0	0.072738463091996	0	0.0477725706505506	0.059423797806933	0.37611635460997	0.107658895457748	0	1
