1	0.139633311344304	0.351282125863618	0.377585213870889	0.260232480999298	0	0.403857041625832	0.275455669764705	0.053860940590366
0.139633311344304	1	0.239053173050525	0.183519200409196	0.0866536975455116	0.216595730212645	0.211982049423582	0.183709427440516	0
0.351282125863618	0.239053173050525	1	0	0.221000314397748	0.234897543521124	0.0394792246576117	0.0782129723482859	0.0238991334809743
0.377585213870889	0.183519200409196	0	1	0.0735954621415328	0	0.563482205831346	0.219976698835187	0
0.260232480999298	0.0866536975455116	0.221000314397748	0.0735954621415328	1	0	0.0594464394666459	0.359100714711005	0
0	0.216595730212645	0.234897543521124	0	0	1	0	0	0
0.403857041625832	0.211982049423582	0.0394792246576117	0.563482205831346	0.0594464394666459	0	1	0.387498300937889	0.212559064649652
0.275455669764705	0.183709427440516	0.0782129723482859	0.219976698835187	0.359100714711005	0	0.387498300937889	1	0.151807838442966
0.053860940590366	0	0.0238991334809743	0	0	0	0.212559064649652	0.151807838442966	1
