1	0.545536822873884	0.549938499191231	0.381217213411001	0.612007014049995	0.503404082413722	0.548287168701186	0.281074562320553	0.172479644482208
0.545536822873884	1	0.562564904988868	0.227165969021899	0.400065160245604	0.44784883559339	0.46260578887943	0.19659757855538	0.111698082161418
0.549938499191231	0.562564904988868	1	0.34213879939304	0.390471298227576	0.411248520971648	0.483798699279697	0.265481938373008	0.359068722351639
0.381217213411001	0.227165969021899	0.34213879939304	1	0.414997501429578	0.0389739978103978	0.269986480707184	0.133699543973394	0
0.612007014049995	0.400065160245604	0.390471298227576	0.414997501429578	1	0.365548612325446	0.562870561095789	0.171831677617768	0.0151894256920165
0.503404082413722	0.44784883559339	0.411248520971648	0.0389739978103978	0.365548612325446	1	0.35248762416497	0.493906139147301	0.0926141364165861
0.548287168701186	0.46260578887943	0.483798699279697	0.269986480707184	0.562870561095789	0.35248762416497	1	0.133755385805028	0.0806415270845336
0.281074562320553	0.19659757855538	0.265481938373008	0.133699543973394	0.171831677617768	0.493906139147301	0.133755385805028	1	0.195729170316685
0.172479644482208	0.111698082161418	0.359068722351639	0	0.0151894256920165	0.0926141364165861	0.0806415270845336	0.195729170316685	1
