1	0.154145729083861	0.0500895474604373	0.611934000955577	0	0.347095508106187	0	0	0.155617692216645
0.154145729083861	1	0.00289553980925197	0.174257515816594	0	0.524652507042344	0	0	0
0.0500895474604373	0.00289553980925197	1	0	0.529826859874283	0	0.693179086825014	0	0.0861514722818277
0.611934000955577	0.174257515816594	0	1	0.0279217175809612	0.379511804356152	0	0	0.154819531942446
0	0	0.529826859874283	0.0279217175809612	1	0	0.51318763861287	0.161898251993458	0
0.347095508106187	0.524652507042344	0	0.379511804356152	0	1	0	0	0.108725664277065
0	0	0.693179086825014	0	0.51318763861287	0	1	0	0.182126722315136
0	0	0	0	0.161898251993458	0	0	1	0
0.155617692216645	0	0.0861514722818277	0.154819531942446	0	0.108725664277065	0.182126722315136	0	1
