1	0.294634713993566	0	0.512774803524877	0.0206361040420715	0	0.405161631951163	0	0
0.294634713993566	1	0.10971956634177	0.247258678982112	0	0	0.352764093365917	0.0107078007214122	0
0	0.10971956634177	1	0	0.100692007127869	0	0	0.103123149728338	0
0.512774803524877	0.247258678982112	0	1	0	0	0.250522466754104	0.00103248860245411	0
0.0206361040420715	0	0.100692007127869	0	1	0.0469275133648088	0	0	0.0730013257375539
0	0	0	0	0.0469275133648088	1	0.112411344215387	0.337677981509896	0.300377677231803
0.405161631951163	0.352764093365917	0	0.250522466754104	0	0.112411344215387	1	0.0313853121777218	0
0	0.0107078007214122	0.103123149728338	0.00103248860245411	0	0.337677981509896	0.0313853121777218	1	0
0	0	0	0	0.0730013257375539	0.300377677231803	0	0	1
