1	0.240260313508848	0.391963302093214	0.400454558770281	0.428064604175011	0.227649353653835	0.138896517330752	0.28327678648947	0.300560743288241
0.240260313508848	1	0.29942823430677	0	0.464731133415137	0.385309480496637	0.52054176439255	0.400652724376386	0
0.391963302093214	0.29942823430677	1	0.121903673939763	0.582185168891539	0.14879321918129	0.0867724118738105	0.067297281720993	0.0533024762061806
0.400454558770281	0	0.121903673939763	1	0.0662736327571362	0.243062455853067	0	0.0900525871055724	0.25982168171476
0.428064604175011	0.464731133415137	0.582185168891539	0.0662736327571362	1	0.332586599223769	0.120010592084136	0.318000331121049	0
0.227649353653835	0.385309480496637	0.14879321918129	0.243062455853067	0.332586599223769	1	0.0890862697340336	0.301465596986781	0
0.138896517330752	0.52054176439255	0.0867724118738105	0	0.120010592084136	0.0890862697340336	1	0.0606079048292282	0.249734647369709
0.28327678648947	0.400652724376386	0.067297281720993	0.0900525871055724	0.318000331121049	0.301465596986781	0.0606079048292282	1	0
0.300560743288241	0	0.0533024762061806	0.25982168171476	0	0	0.249734647369709	0	1
