1	0	0.365805131372822	0.344805135719111	0.243761150805665	0.126165422907093	0.19014074749915	0.116943539374826	0.0474697547248603
0	1	0.0223914018440775	0	0.406643524647861	0.240323291331933	0.261774896852667	0.656006354966978	0
0.365805131372822	0.0223914018440775	1	0.445017371540745	0.146167765153582	0.369677545663916	0.219651797978208	0	0
0.344805135719111	0	0.445017371540745	1	0	0.202684596692264	0.15135921606871	0	0
0.243761150805665	0.406643524647861	0.146167765153582	0	1	0.141840986798899	0.262222285858142	0.699500869689481	0.159254699458804
0.126165422907093	0.240323291331933	0.369677545663916	0.202684596692264	0.141840986798899	1	0.306884571662901	0.00846367380132746	0
0.19014074749915	0.261774896852667	0.219651797978208	0.15135921606871	0.262222285858142	0.306884571662901	1	0.442616743341659	0.0120807684030295
0.116943539374826	0.656006354966978	0	0	0.699500869689481	0.00846367380132746	0.442616743341659	1	0.234397883781587
0.0474697547248603	0	0	0	0.159254699458804	0	0.0120807684030295	0.234397883781587	1
