1	0.202001269935284	0	0.0760213143506849	0	0.394189239123386	0.00973619631507751	0	0.0957574734652598
0.202001269935284	1	0.368652156586047	0	0.359409644633535	0.0713823184203967	0.173642106938777	0	0
0	0.368652156586047	1	0.169215184072244	0.508248036800096	0	0.0150604330643534	0.115107330751129	0
0.0760213143506849	0	0.169215184072244	1	0	0.083169268839662	0.185216257646488	0.378243642179463	0.0328256015523935
0	0.359409644633535	0.508248036800096	0	1	0.00831384270785743	0	0.0917089489945285	0
0.394189239123386	0.0713823184203967	0	0.083169268839662	0.00831384270785743	1	0	0	0.0961889941399954
0.00973619631507751	0.173642106938777	0.0150604330643534	0.185216257646488	0	0	1	0.0730962738402241	0.0995075895334043
0	0	0.115107330751129	0.378243642179463	0.0917089489945285	0	0.0730962738402241	1	0
0.0957574734652598	0	0	0.0328256015523935	0	0.0961889941399954	0.0995075895334043	0	1
