1	0	0.167979038859122	0.141771579530786	0	0	0	0.108564984391042	0
0	1	0.112052053701056	0.0129466709716583	0.00744758600938064	0.0105919000288483	0.525056907058645	0.13551129144862	0
0.167979038859122	0.112052053701056	1	0.348047298421781	0.470608382049071	0.0673147509047356	0.162881544096546	0.144675802046038	0.170002393017757
0.141771579530786	0.0129466709716583	0.348047298421781	1	0.131810149141171	0.363471218233904	0.168241422867932	0.262064231561434	0.237671085967005
0	0.00744758600938064	0.470608382049071	0.131810149141171	1	0.0796674332814916	0.156068438677347	0.0731774857064055	0
0	0.0105919000288483	0.0673147509047356	0.363471218233904	0.0796674332814916	1	0.314382284358932	0.479640575733199	0.0482693787081409
0	0.525056907058645	0.162881544096546	0.168241422867932	0.156068438677347	0.314382284358932	1	0	0.242227517082828
0.108564984391042	0.13551129144862	0.144675802046038	0.262064231561434	0.0731774857064055	0.479640575733199	0	1	0
0	0	0.170002393017757	0.237671085967005	0	0.0482693787081409	0.242227517082828	0	1
