1	0.550657365029193	0.0656062208792997	0.435528547607177	0.175600944085494	0	0	0.205013079021497	0
0.550657365029193	1	0.178338750479697	0.244331163929822	0.146133974619228	0	0.0789121492289811	0	0
0.0656062208792997	0.178338750479697	1	0.162931254366235	0.461921821044833	0.197538659804426	0	0	0.0240783031657275
0.435528547607177	0.244331163929822	0.162931254366235	1	0.0142248068184091	0	0	0.0857095883179483	0
0.175600944085494	0.146133974619228	0.461921821044833	0.0142248068184091	1	0	0	0.0130626873201666	0
0	0	0.197538659804426	0	0	1	0.0391326200214058	0.0366324962718263	0.411658807620237
0	0.0789121492289811	0	0	0	0.0391326200214058	1	0	0.280384836286204
0.205013079021497	0	0	0.0857095883179483	0.0130626873201666	0.0366324962718263	0	1	0
0	0	0.0240783031657275	0	0	0.411658807620237	0.280384836286204	0	1
