1	0.00647642600862718	0	0.111482984072723	0	0.132410020571346	0.158117007830688	0.207893296856196	0.0248555139473298
0.00647642600862718	1	0.184383554199592	0.165353199302368	0.170060011379928	0.0205261422796412	0.0179292417791646	0.319162129657282	0.0959741649283229
0	0.184383554199592	1	0	0.256793077049284	0	0	0.181972894023263	0.0220394948470262
0.111482984072723	0.165353199302368	0	1	0	0.0354815222826602	0	0.149867375248985	0
0	0.170060011379928	0.256793077049284	0	1	0	0.0497984886162201	0.104042830924108	0
0.132410020571346	0.0205261422796412	0	0.0354815222826602	0	1	0.596021003216712	0.335834384230317	0.0449135020322138
0.158117007830688	0.0179292417791646	0	0	0.0497984886162201	0.596021003216712	1	0.284765581914236	0
0.207893296856196	0.319162129657282	0.181972894023263	0.149867375248985	0.104042830924108	0.335834384230317	0.284765581914236	1	0.267081499371958
0.0248555139473298	0.0959741649283229	0.0220394948470262	0	0	0.0449135020322138	0	0.267081499371958	1
