1	0.122151337260219	0.139717278267745	0.419088069327264	0.0808865756738137	0.117697295444271	0.198955475035949	0.289102624498823	0
0.122151337260219	1	0	0	0	0.0143593875281629	0.142637024701631	0.164101677616304	0
0.139717278267745	0	1	0.354746564025353	0.158381349942919	0.0597501304189426	0.33235900596361	0.211861059468069	0.0288349619498973
0.419088069327264	0	0.354746564025353	1	0.0935216901367272	0.260504704436248	0.589349095946697	0.276992134175216	0.146610894067158
0.0808865756738137	0	0.158381349942919	0.0935216901367272	1	0	0	0	0
0.117697295444271	0.0143593875281629	0.0597501304189426	0.260504704436248	0	1	0.170720242675044	0.144531804581688	0.304645218230942
0.198955475035949	0.142637024701631	0.33235900596361	0.589349095946697	0	0.170720242675044	1	0.46861454649522	0.19092734830345
0.289102624498823	0.164101677616304	0.211861059468069	0.276992134175216	0	0.144531804581688	0.46861454649522	1	0.0441643723359821
0	0	0.0288349619498973	0.146610894067158	0	0.304645218230942	0.19092734830345	0.0441643723359821	1
