1	0.333978319934127	0.416112415221344	0.531220630245092	0.028056600738128	0.185028745526364	0.371301326845945	0.0866364043129553	0.165299038756696
0.333978319934127	1	0.197189879811576	0.301314044151857	0.190436096916048	0.458671218854087	0.601500710145042	0.235328465068542	0.272354298745907
0.416112415221344	0.197189879811576	1	0.353399395462019	0.00486719534674312	0.142610340339991	0.167044773934368	0.0535997325466596	0.140469976255712
0.531220630245092	0.301314044151857	0.353399395462019	1	0.0627629028929146	0	0.565453817345976	0	0.435687930843638
0.028056600738128	0.190436096916048	0.00486719534674312	0.0627629028929146	1	0.327211331612162	0.217455788552216	0	0
0.185028745526364	0.458671218854087	0.142610340339991	0	0.327211331612162	1	0.139198902303371	0.206043838232766	0
0.371301326845945	0.601500710145042	0.167044773934368	0.565453817345976	0.217455788552216	0.139198902303371	1	0.0295488682643894	0.364387980498417
0.0866364043129553	0.235328465068542	0.0535997325466596	0	0	0.206043838232766	0.0295488682643894	1	0
0.165299038756696	0.272354298745907	0.140469976255712	0.435687930843638	0	0	0.364387980498417	0	1
