1	0	0	0	0	0.10913976155211	0	0.204180389851419	0
0	1	0.240062525279171	0.392922758721089	0	0	0.188873863168341	0.0175861270678541	0.103500906464493
0	0.240062525279171	1	0.416103798393021	0.122793406757794	0	0	0	0
0	0.392922758721089	0.416103798393021	1	0.0566688230128933	0	0.210600380450653	0.0729988757119526	0.147067839775244
0	0	0.122793406757794	0.0566688230128933	1	0.214007958599952	0	0.136062180634701	0.145824958096466
0.10913976155211	0	0	0	0.214007958599952	1	0.326133591678211	0.319302478474078	0.0400587059359836
0	0.188873863168341	0	0.210600380450653	0	0.326133591678211	1	0	0
0.204180389851419	0.0175861270678541	0	0.0729988757119526	0.136062180634701	0.319302478474078	0	1	0.308638252434924
0	0.103500906464493	0	0.147067839775244	0.145824958096466	0.0400587059359836	0	0.308638252434924	1
