1	0.0625616709341364	0.216209385674998	0.36572623142568	0.122918387958298	0.307775621234609	0	0.360369247196548	0
0.0625616709341364	1	0.0509381923805883	0	0.0490854747698843	0	0	0.387873696891852	0
0.216209385674998	0.0509381923805883	1	0	0.506778605661001	0	0.268397426341222	0.106541624665717	0.0642535754748128
0.36572623142568	0	0	1	0.093698995140278	0.52062092423817	0	0.106413918467674	0
0.122918387958298	0.0490854747698843	0.506778605661001	0.093698995140278	1	0.047385580575217	0.233547803014173	0.0760692520194254	0
0.307775621234609	0	0	0.52062092423817	0.047385580575217	1	0.0520022130671601	0.0488781464814339	0.0193345788323875
0	0	0.268397426341222	0	0.233547803014173	0.0520022130671601	1	0	0.0820800347491164
0.360369247196548	0.387873696891852	0.106541624665717	0.106413918467674	0.0760692520194254	0.0488781464814339	0	1	0.133082609046875
0	0	0.0642535754748128	0	0	0.0193345788323875	0.0820800347491164	0.133082609046875	1
