1	0	0	0.0509741525556579	0.0552458916577527	0.0993494368395894	0	0.0324746728964556	0
0	1	0	0	0.0913287007326071	0	0	0.0129525959205916	0.117257750811861
0	0	1	0	0	0	0	0.136546735144453	0.157143981269542
0.0509741525556579	0	0	1	0	0	0.238651351214438	0	0
0.0552458916577527	0.0913287007326071	0	0	1	0	0	0	0.137618734926606
0.0993494368395894	0	0	0	0	1	0.0163907753740999	0	0.125380605043793
0	0	0	0.238651351214438	0	0.0163907753740999	1	0.357727463343215	0.143526623469501
0.0324746728964556	0.0129525959205916	0.136546735144453	0	0	0	0.357727463343215	1	0
0	0.117257750811861	0.157143981269542	0	0.137618734926606	0.125380605043793	0.143526623469501	0	1
