1	0.210560929370811	0.522569696615838	0.0104233050980425	0	0.0490926381873592	0	0	0
0.210560929370811	1	0	0.198240828900924	0	0	0	0.416413087155119	0
0.522569696615838	0	1	0	0	0	0	0.46037019907943	0.156936095388458
0.0104233050980425	0.198240828900924	0	1	0.240608179650104	0.324860805188185	0	0	0.0561689450602073
0	0	0	0.240608179650104	1	0	0	0.0947412268106678	0.198409599099372
0.0490926381873592	0	0	0.324860805188185	0	1	0	0.196159619090535	0
0	0	0	0	0	0	1	0	0
0	0.416413087155119	0.46037019907943	0	0.0947412268106678	0.196159619090535	0	1	0
0	0	0.156936095388458	0.0561689450602073	0.198409599099372	0	0	0	1
