1	0	0	0	0.0280188257240608	0.0334333622190183	0	0	0.183317276796777
0	1	0	0	0.220894164374282	0.159748056804828	0	0.195609602408676	0
0	0	1	0	0	0.39838894560447	0.0541456957789425	0.364519375419108	0
0	0	0	1	0	0	0	0	0.114125056518996
0.0280188257240608	0.220894164374282	0	0	1	0	0.137494583706478	0	0.0472071665913981
0.0334333622190183	0.159748056804828	0.39838894560447	0	0	1	0	0	0
0	0	0.0541456957789425	0	0.137494583706478	0	1	0.0274637620328108	0
0	0.195609602408676	0.364519375419108	0	0	0	0.0274637620328108	1	0.193250822438894
0.183317276796777	0	0	0.114125056518996	0.0472071665913981	0	0	0.193250822438894	1
