1	0	0	0	0	0.127205755456582	0	0.0426281560477128	0
0	1	0	0	0	0	0.0443386914854427	0	0
0	0	1	0	0	0.326561913580062	0	0.287708628733236	0
0	0	0	1	0	0	0.149883403768495	0	0.0441145405114336
0	0	0	0	1	0	0	0.0398057158429607	0.0957243035985786
0.127205755456582	0	0.326561913580062	0	0	1	0.377273053683977	0	0.0242192574067189
0	0.0443386914854427	0	0.149883403768495	0	0.377273053683977	1	0.404931826712531	0
0.0426281560477128	0	0.287708628733236	0	0.0398057158429607	0	0.404931826712531	1	0.0287249560194777
0	0	0	0.0441145405114336	0.0957243035985786	0.0242192574067189	0	0.0287249560194777	1
