1	0	0.0950762185819309	0	0	0.214438548518992	0	0.230685142559957	0.292100133673043
0	1	0	0	0.272060185628722	0.185976259847749	0	0	0.304437104814602
0.0950762185819309	0	1	0.0586398005300863	0	0.179625229272007	0.119026392466671	0	0.0623969972441739
0	0	0.0586398005300863	1	0.327491624373758	0.142080176561979	0	0	0.229278386816523
0	0.272060185628722	0	0.327491624373758	1	0	0.0518550052900018	0.0108798253857722	0
0.214438548518992	0.185976259847749	0.179625229272007	0.142080176561979	0	1	0	0	0
0	0	0.119026392466671	0	0.0518550052900018	0	1	0	0.486096796331801
0.230685142559957	0	0	0	0.0108798253857722	0	0	1	0.114544743603021
0.292100133673043	0.304437104814602	0.0623969972441739	0.229278386816523	0	0	0.486096796331801	0.114544743603021	1
