1	0	0	0	0	0.431522388953564	0.0731583573108157	0	0.138980380877317
0	1	0	0	0	0.300172869288759	0	0.0427115522612755	0.185391130967021
0	0	1	0	0	0	0.0454339041022008	0.105628720285946	0
0	0	0	1	0	0.275243099989252	0.166561503745035	0	0.173838475054245
0	0	0	0	1	0.071784585498657	0.198717578149033	0	0.36013107917363
0.431522388953564	0.300172869288759	0	0.275243099989252	0.071784585498657	1	0	0	0
0.0731583573108157	0	0.0454339041022008	0.166561503745035	0.198717578149033	0	1	0.342918110227545	0
0	0.0427115522612755	0.105628720285946	0	0	0	0.342918110227545	1	0.0572495983374443
0.138980380877317	0.185391130967021	0	0.173838475054245	0.36013107917363	0	0	0.0572495983374443	1
