1	0.255363181408328	0.0289909932030045	0.0338035163980574	0.0166261525138957	0	0.164981987012191	0	0.206646638569086
0.255363181408328	1	0	0	0.0394641815157016	0.047790320420114	0	0	0
0.0289909932030045	0	1	0	0	0.155380010061166	0.0352368114286801	0.04541361870621	0.0353043530136737
0.0338035163980574	0	0	1	0	0.0559330512858958	0	0	0
0.0166261525138957	0.0394641815157016	0	0	1	0	0.086108720874408	0	0
0	0.047790320420114	0.155380010061166	0.0559330512858958	0	1	0	0	0
0.164981987012191	0	0.0352368114286801	0	0.086108720874408	0	1	0.127292462327341	0.151044677490448
0	0	0.04541361870621	0	0	0	0.127292462327341	1	0
0.206646638569086	0	0.0353043530136737	0	0	0	0.151044677490448	0	1
