1	0	0.152242704847473	0	0.0594048978113985	0	0	0.269124887668519	0
0	1	0	0.0472309330123344	0	0	0	0.354972397160364	0.213018960899116
0.152242704847473	0	1	0	0	0.0836650339837656	0	0	0.408566288162293
0	0.0472309330123344	0	1	0.157690224706561	0	0	0	0
0.0594048978113985	0	0	0.157690224706561	1	0	0.125979285060445	0	0.263050858061039
0	0	0.0836650339837656	0	0	1	0.227177713243853	0.0648432837932865	0
0	0	0	0	0.125979285060445	0.227177713243853	1	0	0
0.269124887668519	0.354972397160364	0	0	0	0.0648432837932865	0	1	0.101417886369027
0	0.213018960899116	0.408566288162293	0	0.263050858061039	0	0	0.101417886369027	1
