1	0.233075022960679	0	0	0.0863261370590749	0	0	0.262402450173792	0
0.233075022960679	1	0	0.0363442606822851	0.00787787532886539	0.158355802915308	0.19137906163185	0	0.171376045772066
0	0	1	0	0.219188635478646	0	0	0	0
0	0.0363442606822851	0	1	0	0	0	0.124472949373155	0.0349541821339271
0.0863261370590749	0.00787787532886539	0.219188635478646	0	1	0.215046486761991	0	0	0.131226316429458
0	0.158355802915308	0	0	0.215046486761991	1	0	0.216567019704899	0
0	0.19137906163185	0	0	0	0	1	0.304002402027666	0
0.262402450173792	0	0	0.124472949373155	0	0.216567019704899	0.304002402027666	1	0.0368719283398453
0	0.171376045772066	0	0.0349541821339271	0.131226316429458	0	0	0.0368719283398453	1
