1	0	0	0.0274431511512807	0	0	0.241478347141713	0	0.25396098265627	0.00781723348936089	0	0	0	0	0.221505880067265	0.175085723535335	0.00667577467829947	0	0.287670169270811	0	0	0.0771669663518019	0	0	0	0	0	0	0	0	0	0	0.0489901337823571	0	0	0	0	0.172613612921168	0	0	0	0	0.317752679169079	0	0.272066257004996	0	0	0	0.0621178668543642	0	0.0152872738726817	0	0.0957630336141747	0.0100135568034764	0.0219216130072676	0.172341093255948	0.177788255708866	0.260066937453727	0.0330934193761257	0.142581107948271	0.25860361841157	0.121713375651638	0	0	0.10757333921148	0.044840789600469	0	0	0.0577965665877859	0	0	0	0.0220740965343936	0	0.184300909584432	0	0	0.204050632168692	0	0	0	0	0.177898706690097	0	0	0.158192233502085	0	0	0.0313965747886842	0	0	0	0	0	0	0.0760370566756251	0.168420209845861	0.0481125560748283	0.0150655248979424	0	0	0	0.205139725086012	0	0.103122275252184	0.210093656386332	0.0931073939974026	0	0.331044282768359	0.0994054536938992	0.311671837055437	0	0.269488662473815	0.211950958636132	0.368838354593032	0.0616728746856317	0	0	0	0	0	0.0346412458230409	0.101209805571145	0	0	0	0.136068130804546	0	0	0.0324285983835739	0	0.0325721949802924	0	0	0	0	0	0	0	0	0	0	0	0	0	0	0	0	0	0	0	0	0	0	0	0	0	0.0672543673923734	0	0	0	0	0	0	0	0	0	0	0	0	0	0	0	0.16383916355609	0	0.0858588351302897	0	0.140461793178529	0	0	0.0863584045332709	0	0	0.133744292852409	0.169756842923844	0	0	0	0.109854221759708	0	0.0445931965597196	0	0	0	0.0143070773567583	0.197372025467654	0	0	0	0.112568966709707	0	0.184370718416456	0	0	0	0	0.250388334853939	0.00264768935519091	0	0.14454539102992	0.0499404043907679	0.0389763795512185	0.0119415558192266	0	0.198387309226165	0.316321648255782	0.146352760915187	0.056902288390188	0	0.367328666079784	0.227327324122495	0.0665559535522178	0	0.0508598129414401	0.150998841946212	0	0.138096787000303	0.0816113209480217	0.125635437466767	0.244832074832106	0	0.266750256694622	0	0.0968073446846975	0	0	0.240856314927352	0.1409658737483	0	0.04035460216386	0.0264489276338014	0.119551461743319	0	0	0	0	0.0307994703357209	0.135524538550639	0.110833403921156	0.297258645802785	0	0	0	0	0	0	0	0	0	0	0	0	0	0
0	1	0	0.215216298420712	0	0	0	0	0.149787768070339	0	0	0	0.0903652072194785	0.00960540241770524	0.190492839393151	0.0291402955975749	0.109176587901233	0	0.231843735509805	0	0	0.29285196121391	0	0.322719871380389	0	0.0582384232144136	0	0.238892264088193	0.300721552911951	0.298854871158694	0	0	0	0.0974979869439998	0	0	0	0.0284493314134217	0.0248739639216974	0.0231832238542297	0	0.0891444485514217	0	0.101110580205059	0.312121407460232	0	0.118491045392512	0	0.169334420762928	0.248411798149886	0	0	0.100550478056363	0.0789274397331543	0	0.121075961523445	0	0.136160366233031	0	0.151855045932821	0.212885627342292	0.0644996951333331	0	0	0	0	0	0	0.0649609858489116	0	0	0	0	0.0252514650439527	0	0	0	0	0.169066991821842	0	0	0	0	0	0	0	0.00340427633517806	0	0.213752205516654	0	0	0	0.0363114082957395	0.146909856723075	0	0.0482978819000888	0.0916627857456965	0.109494732566923	0.0482029322406784	0	0	0.00351901267600223	0.263646021113284	0.0186490385582068	0.244773649161226	0.134404571717519	0.236659576176871	0	0.453295961300004	0.269514045291826	0.149207163684608	0.0938593683169915	0.2236021961681	0.175276960207214	0.337629209570706	0.0350745727432039	0	0	0.10446203913239	0.0917214518364581	0.0870787932487905	0	0.290994092615567	0	0	0	0	0.215743849593551	0.198452270509255	0	0	0.021892922525126	0	0.143554824093275	0	0.321390786301193	0	0	0	0	0	0	0	0.113959515694283	0.147426343199322	0	0	0	0	0	0.0611647457840921	0.124068808363152	0.172879662817829	0	0.189781123165141	0	0.00489263741034521	0.160225715869747	0	0	0	0	0.0799898259809365	0.0992953563984685	0	0	0.0891057573164971	0.0246002481808976	0.203614572038789	0	0.103897410617863	0	0	0.014537617199149	0.128003842844726	0.0162447878721975	0.0431278087648734	0	0.146721597422765	0	0.0842639413632269	0	0	0	0	0	0	0	0	0.211259338310517	0.15137698007553	0.125366365326527	0	0.0267147162521584	0.309228582961551	0.121668454041638	0.180828730145152	0	0	0.124198999507377	0	0.0352946081257765	0	0	0	0	0.131761560792795	0	0	0.053608204484324	0	0.101960876274623	0	0	0.108265396220262	0	0.141726198841448	0	0	0.231496520713796	0.0162690097574589	0	0	0.0951701949002317	0.202596420204991	0.0801191993791128	0.0175522577261046	0.173653253491611	0	0.224513386680269	0	0.0710441430247149	0	0	0	0	0.0597236284872233	0.101849008085573	0.0295047002265545	0.25752476556858	0	0	0	0	0	0.0876498080358151	0.0509061767551826	0.0773747065145753	0.0863252408281118	0.0497807677017893	0	0.0919539624988816	0	0.027600273049964	0	0	0	0	0	0	0	0	0	0.0449911892728882
0	0	1	0.0633771712280951	0	0	0	0	0.280603690021838	0	0	0	0	0.243799009914042	0.246511196015405	0	0.017800847637638	0	0.355177097270697	0	0	0.0481448800277974	0.119568853472943	0.336086913306238	0	0	0.129501200657001	0.22811504145346	0	0	0	0	0.0503565106074559	0	0.0556350518707921	0	0	0.158731242100519	0	0.0748283815912016	0	0	0	0.0653411998004918	0.0508438480818851	0.116296459963341	0.087837536943197	0	0.201172816411639	0.0509652893984262	0.0480624237230719	0	0	0	0.0153327131031614	0	0	0.286153082014992	0	0.0804096666599158	0.35352571757685	0	0.0123773195082236	0	0	0	0	0	0.0991920654064326	0	0	0	0.108750427074667	0	0.256337346674539	0.183426510791253	0.0830804821442359	0	0.231590105368368	0	0.0733108602572983	0.190247850457298	0.133944011061617	0.109135763077564	0.0724378542009689	0.105629824246072	0	0	0.139100648582429	0.0623662647740363	0	0	0.130062004743363	0.0820339510540205	0	0	0.261291626985412	0.244846841173256	0.214511614521731	0.174355812273505	0	0.204398577550162	0.262595952593002	0.270539661822291	0.355965734218382	0.454397594843568	0.111722139735614	0	0.428051802764991	0	0.2699114764399	0	0.0536263199102259	0.30442004413222	0.397908920718258	0.177348269236115	0.206809643844726	0	0.230814385092087	0.0610619376958125	0.329323306453936	0	0.0182282917953513	0	0.0648825190766151	0	0.0426833819261665	0.210783394635865	0.221357877019283	0	0.1692354124243	0.103466747317062	0	0.154931008431969	0	0	0.00202888365130219	0.156188779511697	0.143085746782584	0	0.114267379359938	0.0458733263825103	0	0	0.0925091077882055	0	0	0	0	0.0847845202557983	0.218383612909408	0	0	0	0	0	0	0.167402060520564	0	0	0	0	0	0.127065807309925	0	0	0	0	0	0	0	0.053210067436034	0	0	0	0.0520951682519664	0	0	0	0	0.0252376009890557	0	0.026029864244557	0.0276688691339011	0	0	0.288467247510683	0	0.0184102321276774	0.0423676002368163	0	0	0	0	0	0	0.00417962385244516	0.115341680909231	0	0	0	0.12506014141655	0	0	0	0	0	0	0	0	0	0	0	0	0	0	0	0	0	0.187337677359287	0.228063146041499	0	0	0.100731752281484	0	0.0690863309930651	0	0	0.0119939321589458	0	0	0.108592885628515	0	0	0	0.111060986557071	0.17855224916659	0.216572510219761	0.147036665179247	0.150153531876563	0.141370950181193	0.259850846346887	0	0	0	0.0255625597101351	0	0	0.249580758874394	0.210261811372839	0.00373516929373672	0.0843554437401642	0	0.0110845972930346	0	0	0	0.0525261086932555	0	0	0.0261180397781146	0	0	0
0.0274431511512807	0.215216298420712	0.0633771712280951	1	0	0	0.134955990064526	0	0	0.0429634752362303	0	0.123020703882316	0	0	0	0.137300918009507	0	0	0	0	0	0	0	0	0.0371493783924748	0.0144133467817496	0.0564561311910663	0	0	0	0.0194594040165639	0	0	0	0.221725813479049	0	0.0747363530219344	0.103116738600122	0.0968360873331401	0	0.0412240051506863	0	0.0941894840865142	0	0	0	0.173523712402931	0.118561680353935	0	0	0	0.186277020995742	0.0493083202714801	0	0	0.147898132473866	0.0441141730661595	0.102477060547497	0.23153757801045	0	0	0	0.0847642499243194	0.149969066086707	0.0313800005441766	0.0874246239368604	0	0	0.0997578428937868	0	0.112984059554313	0	0	0	0.347097039059549	0	0	0.211519682110399	0	0	0	0	0.142116864755387	0	0	0	0	0	0	0	0.0530346105299125	0.00621710633352898	0.0784090576504658	0	0.0298833540415795	0.0074408172845792	0.0116085653698498	0	0	0	0	0	0	0	0	0	0	0	0	0	0	0	0	0	0	0	0	0.0231254210926278	0	0.202305658892907	0	0.102378586401168	0.0466053537517827	0.0740071605430133	0.238443166153259	0.235048844253532	0.0315918858047821	0.00473006456181896	0.102263797559625	0	0	0	0	0	0.115095033618492	0	0.0431253293106239	0	0.0152188821269783	0.111525884912387	0.0653708333365397	0.180273717589955	0.00504346396578692	0	0	0	0.101918611025507	0.101649321835379	0	0.124661970986458	0	0	0	0	0	0.127564348989834	0	0.0379704284530014	0.277833570575988	0	0	0.0173496189242358	0	0	0.206612538549115	0.104683952552183	0.00392140580248239	0.0308392045330104	0.0635638109702818	0	0	0.153424326714298	0.368324917665894	0	0.0145302120530544	0.121867016357714	0	0	0	0.0480808405007099	0.206286358357137	0	0.0295208806082315	0	0.104863194188799	0.0618003750881565	0.114524000891449	0.187218123294077	0.197757812955482	0	0	0.153595030188706	0	0.0121349644886686	0.023383518302923	0	0	0	0.165239751061985	0	0	0.187854638151085	0	0.121589627076521	0	0.0646848345284096	0.315375672316441	0.078493486726426	0	0.153316791300575	0.0827030107360703	0	0.315855345055141	0.120195173269291	0.183448402827382	0.166995309802143	0.100362444288394	0.196763584034878	0	0.281278840638545	0	0	0.0872625020130116	0	0	0	0	0	0	0	0	0.184050193282202	0	0	0	0	0	0	0	0	0.0553101870830313	0.0619283465878469	0	0.0732619056517018	0.228711687620581	0	0.0684843285295374	0.142785329882	0.224661422870296	0.172439925586857	0.0371347304671231	0	0	0.0401698664194736	0.0860975787821549	0.267488497257365	0	0	0	0.187239000308255	0.109762990873494	0.293819239708521	0	0
0	0	0	0	1	0	0.200739944707712	0	0.0033154805284838	0	0	0.00462944190950732	0	0.184471680866115	0	0	0.0351843588501715	0	0.181910110572396	0.0414648084419668	0.0189471480028569	0.139851870845957	0	0.00703099899371079	0	0.0596137548153855	0.132360566661871	0	0	0	0	0	0	0	0.140512163656174	0	0	0.357267348047911	0	0	0	0	0.262221706960716	0	0	0	0	0	0.0186349163320326	0	0	0.0301217369293031	0	0	0.0145906932681692	0.0485177815094284	0.112385011365571	0.086968514126434	0.294151221691473	0.0151091884341857	0.221912725845961	0	0	0	0.020850538743422	0	0	0	0.271979875211925	0.0927231860217082	0.101217687166676	0	0.159604254551059	0	0.434609546904281	0.202757314331581	0	0	0	0	0.00963556589779496	0.119411455111528	0.201489716427806	0.0430472059426484	0	0	0	0	0.0817519652735585	0	0	0	0	0	0	0	0.25346954218781	0.213985448141123	0.107443319758729	0	0	0	0.321082391170076	0	0	0.342084263693983	0	0	0.170516971165611	0	0.0935741382358192	0	0.157161190064717	0.363064977642841	0.372528837349277	0.0973559982443599	0	0	0	0	0.191541593397384	0	0.21777329227651	0	0.231989605002119	0.114285167397342	0	0.225173537981051	0.190363419617086	0	0.0404644798491391	0.0531717697240117	0	0.0565009368549755	0	0	0.0443943952058814	0	0	0	0.0775524642418694	0.0523580869839145	0	0	0	0	0	0	0	0	0	0	0	0	0	0	0	0.231287227536958	0	0.012284823006261	0	0	0	0	0.104560424966997	0	0	0	0	0	0	0.0459823634003253	0.141299736181463	0	0	0	0	0	0	0	0.230652405889452	0	0.0217283708793536	0	0	0	0.0487240725621935	0.14143890454216	0.182570188861287	0.0265260220408918	0	0.0981742055509228	0	0	0	0	0	0	0	0	0	0.233868710012588	0	0	0	0	0.362124892446907	0	0	0.142991754876622	0	0	0	0	0.138963549882815	0.0521268891306966	0.0828371249743683	0	0	0.435206525499652	0	0	0.0259784951405872	0	0	0.019042290793179	0	0	0.0101243394375779	0	0	0.116978688606474	0	0	0	0	0.00525636643645936	0	0.098124345299336	0.1438122850954	0.097695369655498	0	0	0	0.0425068749886228	0	0.181181318342524	0.118527186180643	0.432684551219796	0.551712334448951	0	0	0	0	0	0	0.00848754644258024	0	0.137059216052522	0	0.186927673590038	0	0.195800154560827	0
0	0	0	0	0	1	0	0.0438233390767614	0.16258553858263	0.15596717904173	0.0823432199596065	0	0.145447355357148	0	0	0	0.0163437726716281	0	0.150063999286582	0	0	0	0	0	0	0	0	0	0	0.158202210987348	0	0	0	0	0.0152382202352937	0	0	0.0756266093478417	0.0263372592546135	0	0.145101086401557	0	0	0.104340386203301	0	0	0.236134958801389	0	0	0	0.12308088892568	0	0	0.109360535761454	0	0.141591232404845	0.119699164064281	0.0528332083408266	0.215650750915693	0.166600565729049	0.00559618610807372	0	0	0	0.0110312014351726	0	0	0	0.0863557553408739	0	0.108361809776837	0	0	0	0.114333871211884	0	0	0.0335510651160428	0	0.0210534112355657	0	0	0.243599072198264	0	0	0	0	0	0	0	0	0	0.0538821698351532	0	0	0.150661681602117	0.0985041788386649	0.205210381062971	0	0	0.0167015802561045	0	0.155539341225229	0	0	0	0.056208463209976	0	0.130728214942325	0.168327440625767	0.185709223204219	0	0.114664476227254	0.0521070331650576	0	0	0	0	0.0715244337214513	0.13435664535409	0.0887101073683945	0	0.188606067129036	0.179499002862135	0.045767406284823	0.0442776600231143	0	0	0	0	0	0.143836632042348	0	0.0149910437142121	0	0.110306003613794	0	0	0	0	0	0	0	0	0.11746092008529	0.0861681299656022	0	0	0	0.0469404206242762	0.0844116223519244	0.142970773633053	0.204362896699447	0	0	0.0446787916419372	0	0.0602317080892838	0.122253433170262	0	0.0588815232867369	0.0614540360118784	0	0.202501222079243	0	0.00357092192536306	0.19289388884668	0.0156964923956089	0	0	0.0028970185437474	0.154828788226224	0.00160955771937754	0.0280162657689104	0	0	0	0	0.24306926645033	0	0.31907076551018	0	0.110365094061907	0	0	0	0.0563246192325458	0	0.0510389588983762	0	0	0	0	0.0328671516030307	0	0.0117925230700174	0.0609209301806225	0	0	0	0	0.308557202027837	0	0	0	0.140620355987605	0.0252878712512752	0.0617579788512372	0	0.300972877607745	0	0	0.120169242620015	0	0	0.0143060567122141	0.0823366115988987	0.182475640855174	0	0.335178191875794	0	0	0.209849136016301	0	0	0	0.173166141513725	0	0	0.0353981060085216	0.069253170630898	0	0.0845009949136332	0.195286963508857	0.10760543647248	0	0.16069566384887	0.19311752690014	0.165452443701413	0	0	0	0	0.108028468613952	0	0.175193166569056	0.315738404422914	0.260235316029135	0.180888499796247	0.10114919350225	0	0	0	0.16175244972768	0	0	0	0	0	0.0391411473056502	0.19641916039971	0.0381481025801625	0	0.0538154399038223
0.241478347141713	0	0	0.134955990064526	0.200739944707712	0	1	0	0.158965447059736	0.217000517375991	0	0	0.118946291965408	0.0646789089853008	0.0739990158670271	0	0.097120639580911	0.0373296948680094	0.178761373149347	0.000136832763982197	0.0240920898901501	0	0.33052077921982	0.238730306044096	0	0.085041907745625	0.0392973513001375	0.206051241995487	0.122407348127831	0.170326692682621	0.0292505108102751	0.0784632352519663	0	0.2645132572502	0.0701449034885012	0	0.0358197245960227	0	0.134691335849152	0.0935995965073104	0.217593050397376	0	0	0.236162868097574	0.13860007593592	0	0.197283132615567	0	0.188215542872334	0.281739094413825	0	0	0	0.0422218666526448	0.027669114157241	0	0	0.0592635556500745	0	0.168557975764158	0.020400620251568	0	0	0.0630572811292426	0	0	0.122559079848189	0	0	0	0	0	0	0.159694720934195	0	0	0	0	0.237312582305253	0	0	0.109868141255848	0	0	0.168377221096283	0	0.121613739382884	0	0.0171307728282155	0.207935651103761	0.0886258851667997	0	0.220042495271389	0.132953432547049	0	0	0	0.156149530922217	0	0	0.136303904054258	0.14069637356397	0.101264218626139	0.0431066733811219	0.105267992567872	0	0.00545248957403361	0	0.0287918341670865	0.0500009528929431	0	0.338501439142854	0.084566050559203	0	0.0584540202303108	0.015179033502536	0.240450275744626	0	0.0833222301079866	0.107614809667871	0.142800169885963	0	0.174588091563978	0.0419280308264992	0	0	0	0.142177539528677	0.303105150374913	0	0	0.0662147917355065	0	0.224887592651669	0	0	0	0.17616821004969	0.236424502315278	0.0602968968468083	0	0.0924421010515579	0.022136868979639	0.172464522943992	0.183267330900796	0.229402250541851	0.0806455043448881	0.106286868740441	0.0361846012053737	0.093595286562803	0.205462556007378	0.149003495674883	0.35015165300654	0	0.31339713214973	0	0.0559622911322917	0	0	0	0	0	0	0.347992499979139	0	0	0.31912055756565	0.123067835424601	0.391570877846585	0.0750699158325668	0.302114432106953	0.00776727232873578	0	0	0.148303193198329	0.150015103472197	0	0.0325744760949472	0.0740990262479115	0	0	0	0.168978603986412	0	0.0144275780386085	0	0.200595863687949	0.0276063310947289	0	0.0903647876724703	0.00132728743312377	0.0157657769833319	0	0	0.0413867726350008	0	0.124143905476405	0.0834295004723701	0	0.0595574666387619	0	0	0	0	0	0	0	0	0.0711193860522141	0	0	0	0	0	0	0	0	0	0	0.0125818374365749	0.0515780816233115	0	0	0.194548183255959	0.173209631724902	0.179975238691431	0	0	0	0	0.0326200886001418	0	0	0	0	0.054325380614476	0	0	0.151563469013809	0	0.0719726993048709	0	0.0855959671526972	0	0.0891898271980941	0.146793283094173	0.0951267847114666	0	0	0	0.00512605677772863	0.221861884247105	0.0747890445954614	0.171179981973277	0.115440806228734	0	0.129249004806347	0	0	0.0328461969770264	0	0.0753555634906549	0	0.0472405946735803
0	0	0	0	0	0.0438233390767614	0	1	0	0.178438791449738	0	0	0	0.0911985177660076	0.178564907322168	0.102471388338731	0	0	0.188623638063393	0	0	0	0.235198099432842	0	0.0810000568207761	0	0.0871634353940976	0.176132775103743	0	0	0.297659656568489	0	0.159662742968037	0	0	0	0	0	0	0	0	0	0.13756489459926	0.0301863338274787	0.0592393435042544	0.171778537262969	0.0831870739205278	0	0.175413328822718	0.2376608232275	0	0.12273383457773	0.183441158210779	0.0558565809442712	0.0904885024128961	0	0.059444825129806	0	0	0.0803043612858911	0.0986606116292004	0.354137624479377	0.113177736514714	0	0	0.187422050448946	0	0.0802157084480628	0	0	0	0.0347762802773266	0	0	0.115226385850824	0	0	0.0129065804765382	0.023908450671676	0	0	0	0.159426002464521	0	0.0242434426704996	0	0	0	0	0.024627249071505	0	0	0.0612256514035416	0	0.0287444584804887	0	0.0280536334019252	0.0934475693087887	0	0	0.0800248278202444	0.149730325482443	0.0642284093693979	0.0972022114293625	0.0818980391977651	0.0901234445716548	0	0	0.0826899382154759	0	0.0668223528965722	0.104886377096016	0.0819311510758818	0	0.0143314807617485	0.160245741079733	0.110195913013397	0	0.0750120379934073	0	0	0	0.0403013853963379	0	0	0	0.544776179994176	0	0.0515008208339635	0	0.0881038523504673	0	0	0	0.173783529730671	0	0	0.175977167559886	0	0	0	0.116672453366188	0	0	0	0	0.142266385890136	0.0440415602115438	0	0.0117580689378887	0	0	0	0	0	0	0	0	0	0	0	0	0	0	0	0	0	0	0	0	0.0326272870691581	0	0	0	0	0.0947478898854484	0	0.250360387739422	0	0	0	0	0	0.561113990838544	0.252697086723152	0	0	0	0.136028739914301	0	0	0	0	0	0	0	0.0574807921146507	0	0	0.0855960733586356	0	0	0	0.0703663059052701	0	0	0.0819152675076736	0	0.076439593615861	0	0	0.127870827335696	0.0276602198411848	0	0	0.158641782398606	0	0	0.0300640481773458	0.0827133502372799	0.156229281699167	0.0571955558642682	0	0.241915588587445	0.240857921129356	0	0	0	0.193347724125901	0	0	0.173216372299978	0	0	0	0.289285618808088	0	0	0	0	0	0.278716099605421	0.247341961187953	0.016843255134791	0.0171513759613735	0.0777570681648933	0	0.111297019621414	0	0.23077461436278	0.13810339865416	0	0	0.013273042854994	0	0	0	0	0	0	0	0.0551006741255827	0	0
0.25396098265627	0.149787768070339	0.280603690021838	0	0.0033154805284838	0.16258553858263	0.158965447059736	0	1	0	0	0.297211673267115	0.208800931756151	0	0	0	0	0.0619247455934598	0	0.083166582928588	0.0973389052192685	0.00131524572150519	0.0284732944799337	0	0.0902508950537709	0.0840518601872792	0	0.0425869180208739	0	0	0.10972263803852	0.142505704587885	0.306167085642243	0	0.0891403975766025	0.10708949084303	0.0658177635409828	0.117101102718397	0	0.034878598140899	0	0.166946905980899	0.0683156243164123	0	0	0.0822597535949073	0.0498195085782601	0.224974153402369	0	0.0785282195624035	0	0.241591047893042	0.229636516009997	0.013873794187448	0	0.148737107650497	0	0	0.164279774609075	0	0	0.162872994069266	0.198073459688574	0.171474828792159	0	0.242917457519371	0	0.230015121333607	0	0.146332624885628	0	0.00823096239819639	0	0	0.080537761510529	0	0	0.143153614969384	0	0.0499488820789228	0	0.0255743618333549	0	0.110049653552479	0	0.0610520319760378	0	0.072710269860636	0.09386335904612	0.101989399879234	0.225856312693689	0.185854120158663	0.075279229625059	0	0.20709734940075	0.105242806525286	0	0	0	0.0903471133938054	0.0634629476846598	0	0	0	0	0	0	0.00557136763132928	0	0	0	0	0	0	0	0	0	0.267171749798416	0	0	0	0.144821765627886	0	0.131204913114516	0.166271890991316	0.235552591783951	0.176293537935105	0.138766356633989	0	0	0.0918298058952044	0.056789886397399	0.269809579103986	0.148201870502004	0.0387555112969589	0.0404567298722432	0.177546914716106	0	0	0.299392213700396	0.193504021186294	0.234522722166616	0.248161867798023	0.00572600819787929	0.084746159566184	0.128497279873274	0.449564485320308	0.243486655545466	0.283017946809877	0.0962658215076216	0	0	0	0.210085626548366	0.213163716316693	0.0742570702896585	0.279938843341339	0.155347095787467	0.0927019796038704	0.0246397748937368	0.215736366635723	0.138041814916932	0.195024762107216	0	0.429127810895724	0.338537461052074	0.0645094550673727	0.338881511376907	0.161991956645593	0.311335591797915	0	0.0608154073776869	0.326662768436112	0	0.208468326605954	0	0.227667267513062	0	0.00279859603062908	0.167172867542507	0	0.220647436140511	0.0931186339947598	0.198730451788489	0	0.26149695138898	0.0587439512465484	0.193164817741567	0.0776808274634933	0.178668263589653	0.122447824404587	0.230823720818401	0.0279174823776389	0.207387251854442	0.235664763860313	0	0	0.0225145484642692	0.346663873576466	0	0.14434875974686	0	0.078554925594517	0.310514506239444	0.18959614295747	0.0372011028142124	0.296773820257992	0.134638136185662	0.112324116703382	0	0.181579810082058	0.0586985046696888	0.184317218383765	0.146393373811284	0.143649039041755	0.183158884700819	0	0.181232793188192	0	0	0	0.0200390637143792	0.105542325397192	0	0	0	0.076235318783818	0.133679893068813	0	0.0315481009918553	0	0	0	0	0.0328151093365795	0	0	0	0	0.0899770895322243	0	0	0.110178579940535	0.0940246460527655	0.491326432248352	0	0	0.119294521551725	0.107469805238964	0.0267298129088735	0.0960988169703015	0	0.155700003677724	0	0.147687865644349	0.179202778655039	0.170642524772055	0.0878228298123306	0.159866772883321	0.276226043115618	0.127720909272961	0.0855879407544833	0.270154874507196	0
0.00781723348936089	0	0	0.0429634752362303	0	0.15596717904173	0.217000517375991	0.178438791449738	0	1	0	0.218301103025262	0	0.0280216613154981	0.00988089687848692	0	0	0	0	0.125088020990718	0	0.0249745036856509	0	0	0	0.0659136262726386	0	0.0808156704995098	0	0	0	0	0.0289883770724767	0	0	0.0154356048478488	0	0.0780210842418646	0	0	0	0.177950035924695	0.044065015516977	0	0	0	0	0	0	0	0.152095281337306	0.0145988425508284	0	0.0592658279570689	0	0	0.0406058388015218	0.163395424515628	0.147695280816344	0	0	0.0502676385491956	0	0.143872291483231	0.26188666206843	0.241608282242812	0	0.099963395362193	0.299674987495281	0.194738056004671	0	0.138807726470114	0	0	0.0957960771933093	0.321415866169808	0.171051501243438	0	0.018464706750499	0.0103398527387075	0.216131813633297	0.137512060190493	0	0.271040978918787	0	0.154618511075167	0	0.0514180524388865	0.126065277362672	0	0	0.0860217494619043	0	0.14397005948449	0.124536744087991	0.16341780896826	0.103658614215313	0	0	0.173998877253274	0	0.0340997950760603	0	0.11518563001581	0.195167933752428	0.445627170162459	0.0516280925963909	0.471846181227807	0.0357128959567884	0	0	0.146434069229893	0	0.313227238861364	0.0183005358318137	0.108035531352037	0	0.00788814007704948	0.225289083951387	0.132963960295079	0.281116358891175	0.213701794675952	0	0.0132367298080947	0.224201916844866	0.217508795521119	0.0815838489375772	0	0.0131319054557835	0.127080865373469	0.112788823882924	0	0.191660186304158	0.0145951466194464	0.0155587423496316	0	0.410215445381091	0	0.0807251886120096	0	0.00433183152037822	0.194178987672953	0.0601762250032546	0	0.0694224903350733	0	0	0	0	0	0.151928194520931	0.00819551782714046	0	0.0499752988832331	0	0	0.239278874937797	0.0708502266414617	0	0	0.0653630779585263	0.0622874432996207	0.246407583684423	0	0.331663763791042	0	0	0	0	0	0	0.0693844769837705	0.0537227682623621	0	0	0	0	0	0	0.375862926561816	0.259817227991876	0.308770836190063	0	0.0202670724042461	0.172563770692671	0.183622367963793	0.00476858003751165	0.122532390563441	0	0.0656976248130927	0	0	0.217889438176764	0.0601402121557997	0	0.00179134613560634	0	0.151762377470131	0	0	0.109023105791414	0	0.290170861961827	0	0.0174446241819507	0.301385231835536	0.00044275401626928	0.151486107815179	0	0	0.282370949380747	0.321728066167838	0	0	0.363627990376237	0.222585106738086	0.0840988747929329	0	0.245556698117697	0.00162957104526142	0	0.0904723835726259	0	0	0	0	0.065777448519295	0	0	0	0	0.0487001283718165	0	0	0.0285563099953825	0.114580174534317	0.0383124448560866	0	0.0186791773853755	0.0384754520822125	0.0063664068880714	0.00907109288143079	0.0365528086464006	0	0.153983392102296	0.111308706710245	0.0605986012606247	0.0343107005976166	0.400089862740933	0.0304168855965411	0	0	0.00726115430976098	0	0	0.0270801325715321	0	0.043466348269845	0.243548508276395	0	0.133185867219663	0	0.0580381618472639	0
0	0	0	0	0	0.0823432199596065	0	0	0	0	1	0	0.0840045370589936	0.0112089112161311	0	0.00909597990421844	0	0	0.00716887061845809	0	0	0	0.1356504474721	0.0663371979053706	0	0.0604603789854166	0.0301104995895755	0.179171689559776	0	0	0.138736711559542	0	0	0	0.0836081669170481	0	0	0.0471167907937369	0	0	0	0	0.0962090178449049	0	0	0	0.165408861565251	0	0	0.0865701703092933	0	0	0.150050240742755	0	0	0	0	0	0	0	0	0.0790954969187113	0.0510912497733501	0.182306807319505	0	0.0561443515761508	0	0	0	0.0479390134226393	0	0	0	0	0.167599293488125	0	0	0.015879802251706	0	0	0	0	0.00588531313543728	0.0991520882526736	0	0	0	0	0.0113386941207938	0	0.0732146419098827	0.0471667694204255	0.0955375346546308	0	0	0	0.0568009076337994	0.062029011073745	0	0	0	0	0.0313256371606546	0	0	0.0749009093881075	0	0	0.0367622124398044	0	0	0	0	0.0977799372304106	0.0141813860092	0.0328800715085132	0.0220968989604836	0	0	0	0	0	0.0517064330461351	0.0923114847284576	0	0	0.193753745862461	0.243262718021275	0.135692841576469	0	0	0.271203924084157	0	0.00198633866509396	0.0464319917939385	0	0	0	0	0	0	0	0	0	0	0	0.214098418117316	0.0187240102545236	0	0	0	0	0	0	0.0432766140265767	0	0	0.147321621015301	0.0128700418590609	0.0649930340909505	0	0	0.156549047901182	0	0.0484100781687004	0	0	0	0	0	0	0	0	0	0.188538030048815	0.0384777340218262	0.0689838700523554	0.0642383081972322	0	0	0	0	0	0.17564094095272	0.0998590974164917	0.0985783174035012	0.121493909535396	0	0.10748060321421	0.309639227999421	0	0.256705433771124	0	0	0.0445540914456911	0	0	0	0.153090612550131	0	0	0	0	0.0974653915733004	0	0	0.185554441945064	0	0	0	0	0	0.194776864769256	0	0.0389996160783031	0.0927524264982575	0.10319438138437	0	0	0.238765158883034	0	0	0.0391253253722896	0	0	0.0434840084668221	0	0.0245028190579854	0	0	0	0.00317330699308951	0	0	0	0.0973981337003249	0	0	0	0	0	0	0.0657145383211961	0.00540064673632583	0	0	0	0.0735607650626141	0.100343922940263	0.138960008383235	0.0363718997083073	0	0	0	0	0.0300496721076595	0	0	0	0	0	0.0728602536291426	0.103211080658238	0
0	0	0	0.123020703882316	0.00462944190950732	0	0	0	0.297211673267115	0.218301103025262	0	1	0.15008356949007	0	0.176864246294993	0.0336720701882173	0.239233849978015	0.12740198505237	0.313721861184721	0	0	0.0753405892956031	0.372193583886507	0.277758902353845	0	0	0.182602114626443	0.0206919384406777	0	0.213529520754804	0	0	0.0523333688268713	0.224762281803519	0.0541957280142824	0	0	0.267499680461275	0.123080362183087	0.0951501254707953	0	0	0	0.280782622781212	0.146133150579884	0.110216596623412	0.193493327599204	0	0.245767022590843	0.1502283320122	0.315696984298543	0	0	0	0.0751370844391406	0	0.098057585608726	0.0518802179980754	0	0.219636427897974	0.215065018715699	0	0.0122887866022225	0	0.0213020140921022	0	0	0	0	0	0	0	0.071103679615995	0	0	0	0	0	0.126305403696629	0	0.0493412932876916	0	0.153173764970519	0.128413196651824	0	0	0	0.215410033493868	0.181864877279186	0	0	0	0.0572868271044935	0	0	0	0.0671538739144727	0.402369476095038	0.0723775842810143	0.139653488497824	0	0.35790412280669	0.355515718341946	0.212904586247102	0.180306428020782	0.201296182911502	0	0	0.277374704384247	0.100899573454449	0.173369891954226	0	0.258485023420995	0	0.139475406608342	0.0367937344727559	0.165059716457374	0	0.093789656371217	0	0.0425922451413441	0	0.18019488579272	0	0	0	0	0	0.124446372308849	0	0.0463851543974382	0.280412836626648	0	0.168353063672177	0	0.143375043455966	0	0.105455166213973	0	0	0.0479283128060136	0	0.00644199069027633	0	0.301231748412745	0.0213433214780415	0	0.0446702125290665	0	0	0.054762767372114	0.170677473835519	0.00889563349823023	0	0	0	0	0.149741914119872	0	0.0452933801586531	0	0	0	0.199111882622356	0	0	0	0	0	0	0	0	0	0.00543544143668331	0	0.0410126236806637	0	0.254154344343994	0	0	0	0	0.0822480529511263	0	0	0	0	0	0.0330680831046891	0	0	0	0.163553402000502	0	0	0.0366570149715294	0.167063170458482	0	0	0	0	0	0	0	0	0	0.0873015181034887	0	0.0238656876017903	0.0740435483208191	0	0	0	0	0	0	0	0	0	0.189691070323474	0.163925700995917	0	0.117745639671772	0.280326070882529	0.126741032512004	0	0	0	0.0536678803313403	0.0142847098878773	0	0.030736943250233	0.0142366654574361	0.122627885478852	0	0.155214665121488	0.215041881749878	0.0131350432942611	0.0409701009349353	0	0.0358771152686587	0.250312144272122	0.0610682312073863	0	0	0.0514242362653024	0.245232349070224	0.287219498117834	0.189387984359245	0.192724440055962	0.000256213930589698	0.0916326361176318	0	0	0	0	0	0	0	0	0	0	0.0823184722570028	0.0572015414148832
0	0.0903652072194785	0	0	0	0.145447355357148	0.118946291965408	0	0.208800931756151	0	0.0840045370589936	0.15008356949007	1	0.0103415647102249	0.0874496616166817	0	0	0	0.229985357018559	0	0	0	0	0	0.236568327182074	0	0	0.197414984520041	0	0	0.203093613609101	0	0.191991364685491	0	0	0	0	0	0	0	0.200735791290536	0	0.135872344051815	0	0	0.0481732045908214	0	0	0	0	0.0257831981663636	0	0.00987861215518104	0	0.0523731574047414	0.0575769974002593	0.0476247982351911	0.324549326074349	0	0	0.184791985944171	0.122432563188381	0.11816884609991	0	0.0729625733073784	0.0409714101423698	0.00971287586281766	0	0	0	0	0.178601405082681	0.110862945613656	0.015730409557951	0.390359564304569	0.191020131428506	0.134813309331152	0.10943852662901	0.0692392519270699	0.0341915041733518	0	0	0.0080465836593236	0	0.162136637975652	0.213692548172422	0	0	0	0.0873072809360474	0	0.13726986067459	0	0	0.149159785315989	0.0127392275993421	0.0382843898198419	0	0	0	0	0	0	0.00340643037125603	0.223891721623055	0.295656898597519	0.163500673550203	0.00594873867582289	0.103508524438803	0.0736062006153818	0.326432303086326	0	0	0.298787237159279	0.0679055289417312	0.0923152931889095	0.014346351325976	0.0660710040374828	0.234079461487341	0	0.0871989251872395	0	0	0.020190693723958	0.0378375382755505	0	0.251823515384974	0	0	0.0448353238114015	0	0	0.177024341332535	0	0.129599517593993	0	0	0.0291596095329007	0.0868951326815385	0	0	0.0307234807311611	0	0	0	0	0	0	0	0.15623313385155	0.0497712317966579	0	0	0	0	0	0.0118804068525109	0	0	0	0	0.0400867816773996	0	0	0	0	0	0	0	0	0	0.0842283634885456	0	0	0	0	0	0	0	0.0535527973121162	0	0.12478419246818	0	0.207043204879296	0.313403874959542	0	0	0	0.26054436979295	0	0	0	0	0	0	0	0.0274771054468956	0.00104628808008394	0	0	0.117040228774602	0.167512482149483	0	0.0525092949781617	0.282477945404003	0	0	0.00154559843497377	0	0	0.07499845604112	0	0	0.124578072663155	0.188855625437916	0.161992177503704	0.138402900695955	0	0.179197303354493	0	0.190388075112297	0.0752626387854374	0	0	0.0569092681126236	0	0	0	0	0	0	0.221360259183742	0	0	0	0	0.00624888234655524	0.204121213701155	0	0.156855805636442	0	0.173140951434305	0	0	0	0.0779069129010248	0	0	0	0	0.0395812050818498	0	0	0	0.0805794779010511	0.0522171437585721	0	0.139835067442515	0	0	0	0	0	0
0	0.00960540241770524	0.243799009914042	0	0.184471680866115	0	0.0646789089853008	0.0911985177660076	0	0.0280216613154981	0.0112089112161311	0	0.0103415647102249	1	0	0	0	0.0912821243568775	0	0	0.138020612826682	0.0511769830170767	0.0848259727610352	0	0.124874575146555	0	0	0.0259859512128588	0	0	0.0705131333624915	0.261105130193055	0.172541747832902	0	0	0.0914927155008148	0	0.0152263779512673	0	0	0	0	0.0780572092467323	0	0	0	0.00460396709825454	0.0670552919958844	0	0	0	0.15730443840651	0	0	0	0	0.0174782755531815	0	0.143105460465541	0	0	0.00463425171176538	0.0429672968477974	0	0	0.0245913338313151	0	0	0	0	0	0	0	0	0.104728153520735	0	0	0.275045259571119	0	0.0821216172173702	0	0	0.0904921101599453	0.00798528436244496	0	0.108985401832185	0.0647366656546919	0.118311327298904	0	0	0	0.217836177397451	0	0	0.254958059679291	0.143100629402578	0.00818752327409144	0	0.0234738432169508	0	0.175943511234635	0	0	0	0	0	0	0.0211767071912956	0	0.109723048506051	0	0.015734179683426	0	0	0	0	0	0.302681421520251	0	0.0719240310344181	0	0.176709556498067	0	0.01907774806929	0	0	0	0	0	0	0	0.0904548994751166	0.279199313511334	0.0209044118643029	0	0.168969747871603	0.123304663543925	0	0.027800897275121	0	0	0	0.229121641717829	0.127539358667532	0.215943164747771	0	0.00499961961677432	0	0.0667004486634343	0.294181531652601	0	0.102832828954737	0	0	0.0350220538058741	0	0.183871057917058	0.0020860743490228	0	0.0315964431926982	0	0.166934858085652	0.00869826299479304	0	0	0.307059306906507	0.12218262503249	0	0	0	0.0407556535308509	0.0302605429886569	0.0641385534217296	0	0	0	0	0.0667044819718115	0	0.0264501689478277	0.0425265292555841	0.107332845932876	0.00243310328865307	0	0	0.171014456242841	0	0	0.120831214807756	0	0.130295963955913	0	0.15527925753308	0.124619938395466	0	0	0	0	0.0608076976904438	0.0605201622765845	0.0849903338347625	0	0	0.0235178994002772	0.0886739997657038	0.0402211436780595	0.0851458806428377	0.0310120103704003	0	0	0.012368737850681	0	0.125921519568364	0.0371937106904036	0.147732900340862	0.200849867437987	0.0152965559724224	0.0594334339261503	0.0632392224743745	0	0	0.0455838074927719	0.382190646353404	0	0	0	0.046994085372646	0.0769477303075817	0.0263370527533199	0	0	0	0.0598198207035461	0.330552032701009	0	0	0	0.109156263382294	0	0	0	0	0	0	0.0923718468457513	0.120341989231536	0	0	0	0	0.0147998281707374	0	0.0835580905841675	0	0.0934992673131923	0	0	0.14727422808259	0	0.0805357016070164	0	0.0676280024377914	0	0
0.221505880067265	0.190492839393151	0.246511196015405	0	0	0	0.0739990158670271	0.178564907322168	0	0.00988089687848692	0	0.176864246294993	0.0874496616166817	0	1	0	0	0	0	0	0	0	0	0	0	0	0	0	0	0	0	0.0905374763989814	0	0	0.048912174944491	0	0.138207958088516	0.0180555915785899	0	0	0	0	0.101102197488241	0	0	0	0.0243009310050434	0.127981324775422	0	0	0	0	0	0	0	0.071859879294255	0	0	0.243280801844189	0	0	0	0.157405947505483	0.105588859996037	0	0	0	0	0	0	0	0	0	0	0.333748207353403	0.0391905005351132	0	0.14157224728107	0	0.11158575536081	0	0	0.261257160378767	0.0598838926979508	0	0	0.136082026443532	0.143806400580243	0	0.0870316540954475	0	0.138849887694646	0.110243294867394	0	0.06987720700961	0.0131401883758961	0.180802861112521	0.0178461669805755	0.0185101292445719	0.006607330463897	0.0314863277798165	0	0	0	0	0	0	0	0	0	0	0.0521601246681238	0	0	0	0	0	0.20698296504135	0	0	0	0.00614745600583072	0	0.164053924422594	0.0425623589819325	0.199706357616169	0.0643187539642532	0.182614114198388	0	0	0	0.143647082352758	0.0971548031818523	0.0300933708372639	0.0763154316748731	0	0.120913797568512	0	0.0361375962413013	0.291183396078606	0	0.237114691519996	0.0756519354572692	0.0916057735654339	0.01877149756204	0.156645961390298	0	0.183174481938254	0	0.155401998883945	0	0	0	0	0	0.129302027115816	0	0.0794631459661879	0.221207996542105	0.132390259901406	0	0	0.163603016244915	0	0.126095905676105	0.204306261191269	0.0270084682775121	0	0	0.184267568136791	0	0.285916324056939	0.154457103963925	0	0.00271364623939849	0	0.0396967439679956	0	0	0.0170395234780431	0.106019223048268	0.118025653350758	0.0654191819208516	0.0445502049290396	0.09485204093269	0.13818636188998	0	0.197986976684679	0.244510960715165	0	0.0542001634237917	0	0	0.0603299238266437	0.0562706733185445	0	0	0.0685626428817487	0.116948588515641	0	0.0537497579355902	0.0431850679577379	0.0674222230495948	0.070623559556067	0	0	0.227544363905113	0.0541255649885644	0	0	0.0904634733451534	0	0.310696912744186	0.168155608608797	0.278917229695621	0.175143027333113	0	0.255502531528002	0	0.0430376112578093	0	0.0121289607177538	0.349875445368749	0	0	0	0	0.105358894168434	0	0	0	0	0	0.0931052855783932	0	0	0	0	0	0	0	0	0.189613855413366	0.18019448714075	0.347299951561237	0.0515301221769556	0	0.0234340402950385	0	0.138154640968794	0	0	0.0271311631822607	0	0.0762457288693222	0.157586368119388	0	0	0	0.0193080584863178	0.134989340636496	0.0627748374661013	0.0472173714008169	0
0.175085723535335	0.0291402955975749	0	0.137300918009507	0	0	0	0.102471388338731	0	0	0.00909597990421844	0.0336720701882173	0	0	0	1	0	0	0.0980472635134922	0	0.268310417267692	0	0	0.0466466918487335	0	0	0.186447651943599	0.197160276311837	0	0	0	0	0.0221841746846112	0	0	0.120328293368695	0.0472075207458381	0	0	0	0	0	0	0	0	0	0	0	0	0.0805135737595251	0.01795066123749	0	0	0	0	0	0	0	0	0	0	0	0	0	0	0	0	0	0	0	0	0	0.0613557214931964	0.26137412571506	0.294958496553229	0.360944113634502	0.0780647065093916	0	0.35669820859186	0.252610991139442	0.0666826955634172	0.250324551175403	0	0.224294664876217	0.231656055251675	0.274857502168812	0.269701011809816	0.345834324142269	0.040812662017598	0.307377000472563	0	0	0.195269010125888	0.183641310725856	0.216684303591613	0	0.207580209938876	0.216447707564322	0.41255173653826	0.371112565333086	0.121654400287286	0.0593796851519863	0	0.392288214540646	0.242921375864525	0.231944515801637	0	0.145243271085964	0.260918893470577	0	0.0402632034608461	0.13152522869762	0.0578245019999039	0.159327740697757	0.128004086667476	0.129087551255912	0.058923317669808	0.228908593813409	0.295441462421057	0	0.472248108842498	0	0	0.0535550992205057	0.154195839388116	0.055741663547842	0.0314851191642515	0.124197659304831	0.0661286083095662	0	0.0216509133597639	0.238847554800556	0.121190711017983	0	0.0695001367257618	0	0.251671610976634	0.0773450827705363	0.439914855425273	0.0694712301861751	0.00783261530356054	0.257297974895996	0.0968720608603726	0	0.170682189763742	0.196045165230608	0	0.0640758137242117	0	0.182818933455469	0.188376697167123	0.116828629920931	0	0	0	0	0.00233186114194461	0	0	0.208796177754936	0.0740796930513498	0.138841043507992	0.120507989621042	0.0619877363973457	0.118378161388705	0	0.0251476746504848	0	0	0.196450378389004	0	0.184325102936616	0	0.0187844748384789	0	0	0	0	0	0.0917148794022363	0.0335460534386879	0.128460386409771	0	0.0337050838629618	0	0	0.249956754316057	0	0	0	0	0	0.0305573480334268	0	0	0	0	0.274769002907927	0	0.0533157170062223	0	0	0	0	0	0	0	0	0	0	0	0	0	0.117109697123539	0	0	0	0	0.267737350795276	0	0.153734503816131	0	0	0	0	0	0	0	0	0	0	0	0	0	0	0.0124976675608343	0	0.00583509878606633	0.0793252363421676	0.115236047503378	0.105560270624883	0.049322823325081	0.190495307812236	0	0.127890156615049	0.175767750574349	0	0	0.103035061306511	0.128757737063393	0.108304055877013	0	0	0	0.268878782808828	0.0473849787130921	0.034915348571907	0	0	0	0	0	0	0
0.00667577467829947	0.109176587901233	0.017800847637638	0	0.0351843588501715	0.0163437726716281	0.097120639580911	0	0	0	0	0.239233849978015	0	0	0	0	1	0	0	0	0.0384320983351894	0	0	0	0.0540717521218761	0	0.143706023678075	0.209350340044134	0	0	0.272659599179954	0	0.0138962214583929	0	0	0.00505375794239182	0.276124290915139	0	0	0	0.201051553239375	0	0	0	0	0	0	0.0218967647395548	0	0	0	0.0345947013204584	0	0	0	0	0	0	0	0	0	0	0	0	0	0.0110862689207481	0	0	0	0	0	0.117275899113842	0	0.250197390659543	0.44128518487688	0.283298485650669	0	0.164479572191574	0.26877187526592	0.219734904055249	0.0667099255451606	0.0649864343321002	0.0416791135674428	0.0861557498459811	0.0385414234051597	0.209631859171553	0.221195294451453	0.0428280194338871	0	0.103890029307574	0	0.186568678533329	0.155398748542175	0	0.140391431042437	0	0.310146445675679	0.0282232223487174	0.0106311554604873	0.176475520775815	0	0	0	0	0.0298508361118603	0.133715480896711	0	0.087199996770492	0	0	0.118450886722917	0	0	0.128309559733588	0	0.168962126652266	0.00921118526241714	0.111183608749127	0	0.183695729295222	0.0359946201429457	0.0362003382977758	0	0.158117334391488	0.0295126360886206	0	0.314168924008276	0.032890316913687	0	0	0	0.0063979353603272	0.338575323630486	0	0.31651250336433	0	0.173884671679024	0	0.292280107730124	0	0	0.0457500428118666	0	0	0	0	0	0.0466818123853604	0	0.237116178009748	0.0814872058885441	0	0	0	0	0.0597967636758447	0	0	0.234415915121245	0.0762234734709604	0	0	0.122335764358237	0	0.153216011566905	0	0.0635143962073579	0	0	0	0	0.128541442748369	0.077436579316118	0.0245186246524559	0	0	0	0.0628614569427131	0	0.306877768181825	0	0.262993117000856	0	0.257161412119097	0.292781282588268	0.163766795179757	0.233183809017032	0	0.168813544540768	0	0	0	0	0	0	0	0	0.200535072415534	0	0	0.0958248411817227	0.0724762307010401	0.0189438850393128	0	0.0373155385238638	0	0	0.0286471761626396	0	0	0.104464247251854	0.0666380725284538	0.01064864809315	0.316021264025686	0.013796831442017	0.230196160352454	0	0	0.310010867189335	0	0.126110576644228	0	0.0531593239498758	0	0	0	0	0	0	0	0	0	0	0	0	0.0341396907333465	0	0	0	0	0	0.15260540268753	0.24867570178219	0	0.0844890874103442	0.106740899928354	0	0	0.0312053280584537	0.00638841824097598	0.24093302423381	0	0	0	0.276666575526179	0.492693378325182	0.0144186261793681	0	0	0	0	0.197112215898243	0	0
0	0	0	0	0	0	0.0373296948680094	0	0.0619247455934598	0	0	0.12740198505237	0	0.0912821243568775	0	0	0	1	0	0	0	0	0	0	0	0	0	0.210643262252626	0	0.0276315094186623	0.0766488845195504	0	0	0	0	0	0.169568442653552	0	0	0	0.130819948103226	0	0	0	0.109408571446989	0	0	0	0	0	0	0	0	0	0	0	0	0.0880705680132191	0	0	0.0490535815578334	0.0816928575387193	0	0	0	0	0	0	0	0	0	0	0	0.291241916760003	0.307243015010932	0.108737491644139	0	0	0.210030610870192	0.144039159688946	0	0.111441479819494	0.214355169745471	0	0.110218497936819	0	0.180805447138258	0	0	0.00500432716679895	0	0.177310808527887	0.194874863493996	0	0	0	0.403071322466001	0.107757204168103	0.0615255826017176	0	0	0	0	0	0	0.0180961545153007	0.0401423856312167	0	0.173624677072547	0.0996208102758944	0.195096660960504	0	0	0.214809995496007	0.0912946495792279	0.294304804567413	0	0	0.0204787417244017	0	0	0	0	0.222732291960171	0	0	0.287678412291457	0.254085883997233	0	0.0199412054189642	0	0	0.00601894392375296	0	0	0	0	0	0.200529187914859	0	0	0	0	0	0	0	0	0	0	0	0.238040490119091	0	0	0	0	0.0300962522839477	0	0	0.212548871964465	0	0	0	0.00184797771713407	0	0	0	0	0	0.101192445835196	0	0	0.30416240778868	0	0.0898426225158445	0	0	0.165948423066734	0	0	0.0297277215292295	0.045934064556749	0.149209507924322	0	0.262005432737773	0.437113384249179	0.0920169488482928	0.047346627341696	0	0.290937194407803	0.0984392131953999	0.0660200194115156	0	0	0	0.144402337323324	0.238343685463652	0	0.0672786979891883	0.0723599910232706	0.0982744401950769	0.0209101801327798	0.287059874900268	0	0	0.00398457880471604	0	0.0740753984089419	0.0470980977167437	0	0	0	0	0	0.078878385291918	0.0870291298172892	0.0603017486185832	0.130089762761085	0.000595473606256972	0	0.151239629614814	0.124644715556442	0	0	0	0	0.107704450324012	0.10202721886926	0.0161355823160837	0	0.153361135747289	0	0.00193823886797175	0	0.00343704123136953	0	0	0.0828981784375881	0	0	0.0940986639762062	0	0	0.156703071673388	0	0	0.0744367015513238	0	0	0	0.0523660626210565	0	0	0	0.119154350027742	0	0.165298267114249	0	0	0	0	0	0.00546899052843162	0	0
0.287670169270811	0.231843735509805	0.355177097270697	0	0.181910110572396	0.150063999286582	0.178761373149347	0.188623638063393	0	0	0.00716887061845809	0.313721861184721	0.229985357018559	0	0	0.0980472635134922	0	0	1	0	0.0477346561449198	0	0	0	0.035853000900687	0.124402156646854	0.226041884545443	0	0.00375554381069514	0.0109031841438313	0.0881255315555574	0.287029719042653	0	0.194490184648337	0.289722495030634	0.0931661992263451	0.482457382705969	0	0.15969959136273	0.00749605632911797	0.152116227158215	0	0.0548478255170371	0.0745369499832283	0	0.0284010097311556	0.11527517545927	0.237240084940503	0	0	0	0.0262618977798978	0.116369762745583	0.0500828618496145	0	0.0335738955837343	0	0	0.0607584210608366	0	0	0	0.0638627930051404	0.360060856426645	0.0382162316755223	0.0572183309571786	0.13647172452014	0	0	0.159886825894902	0	0.0597883488424566	0	0.1338548235419	0	0.136875576748612	0	0.139019785225147	0	0.0841154470444269	0	0.102334405245967	0	0.0262479132823123	0	0.0179300887781653	0.245990232254264	0.070478293537932	0	0.018649388011436	0	0.0301350685548208	0	0	0.0828847686155685	0.0824561761539486	0.143125024541427	0.12035412366083	0.173584121571292	0.061687134242141	0.0635371298839008	0	0	0	0	0	0	0.130657455848109	0	0	0	0.0399892085802012	0	0	0	0	0.0329830773341084	0.159330461285956	0	0.141789498438128	0	0.110762448567754	0.126480697432015	0.260209616152624	0	0.201626498959843	0	0	0	0.0166975138992549	0.153759563338664	0.00312281218921469	0.127799181002185	0	0.089903405158602	0	0.15426535954501	0.179133240144874	0	0.209966191429427	0	0	0.132095339631169	0.420258711730091	0	0.11432057990764	0.022949520676045	0.156462812581212	0.0741827901330882	0.177403010754087	0	0.00419545510243116	0	0.263279324233134	0.0248318980813616	0.391105353962964	0.0139637915448368	0	0.446482233932747	0.0180006042784078	0.0627400260497475	0.0237065320775161	0.178616878462594	0	0.140816540044954	0.118181460865476	0.0696053397715549	0	0.116085276204392	0.226518722815881	0.0467339635324537	0.193962729427993	0	0.169904023303334	0.215322521032656	0.298921868556756	0.174245867282155	0.104007325961906	0	0.449159669755596	0.00857486097438346	0.356393094520531	0.22215402760638	0	0.0900632115656324	0.144091046317234	0.146471849810536	0.22967532798978	0.132838483100336	0	0.0728910216349051	0.192974548655801	0	0.196001510324221	0.0844165854652532	0	0	0.0716571423137992	0.422958619245848	0	0.0394189894200185	0.0255253175873015	0.402689449951687	0.10643935158055	0.0148772409720416	0.0758380496875351	0	0.237789396409214	0.107006508974593	0.00364226055696449	0.050892090446069	0.0900583675926705	0.42529803544638	0.354047808119161	0.100428614834615	0	0.0747121658824906	0.239438382817626	0.0143506534614436	0	0	0.26028486524467	0.257843916451218	0	0	0	0.0171845477601093	0.188914947199659	0	0.0274446704906968	0.0991985897787963	0	0.160177833754067	0.0932370466330724	0.0634385436988366	0	0	0	0.0800439328136294	0	0	0.0376237993252167	0.184043250428463	0.144249727334038	0.126387014739351	0	0	0	0.00226444398765183	0	0.0282784818188328	0.116393637137735	0.269243727529443	0.0133714764919105	0.164028562010834	0.314501870056502	0.255101715124963	0	0.0792059818078984	0.0689041123741248	0.167957255187722	0.256747942602945	0.276639556304367	0.256796077338896
0	0	0	0	0.0414648084419668	0	0.000136832763982197	0	0.083166582928588	0.125088020990718	0	0	0	0	0	0	0	0	0	1	0	0	0	0	0	0	0	0	0	0.00765686890004061	0.0651838754462862	0	0	0	0	0	0	0	0	0	0.0137268698242681	0	0	0.12522124284126	0.203143293270231	0.151001672586583	0.103872819994742	0	0	0.0696106122454142	0	0	0	0	0	0.0386046824389479	0	0	0	0.0453050831991511	0.126337814266625	0	0	0	0.0306201833918173	0	0.000345252911051625	0	0	0	0	0	0	0.324327633914797	0.0339395413625578	0	0	0	0.221103706766866	0.151585884369189	0.109869841410286	0	0.0918038888628616	0	0.050806746414152	0	0.144107071206141	0	0	0.0492753396953383	0	0.264218159773688	0.00672672762238559	0	0	0.0377344149122796	0.200864523052653	0	0	0	0.137228779711406	0	0	0	0	0	0.252506909755372	0	0.12141192219051	0.34213273978811	0.219542476692358	0	0	0.0515390793064608	0.0710961648203839	0.0638411012610319	0.0313944487527425	0	0.019624322381788	0	0	0	0	0.180644577634132	0	0	0.116960266217831	0.0363182833739458	0	0	0	0	0	0	0	0	0	0	0.0964243434705523	0	0	0	0	0	0	0.0368110536196756	0	0	0	0.0958750074210365	0.251513165487458	0.0332655666495798	0	0	0.101914286404331	0	0	0.0400815273992372	0.120537576085247	0	0	0	0	0	0	0	0.123449559838602	0	0.0305218016016734	0.0121410639911768	0.0190598630970115	0.270189246656941	0	0.019246806052647	0.0376138480486523	0	0.196007417392221	0	0	0	0.123832838775387	0	0	0.0617578637374248	0.2207504379441	0.181768761813166	0	0	0.254411065508342	0.148892540547472	0.0200770202743708	0.152137364517459	0	0.197533825021539	0.135939879134107	0.0157409799764923	0.331993394445489	0	0.264167370791616	0.176348330469619	0	0.152917201055816	0	0.0367329457507817	0.140059458277951	0	0	0.148437202192251	0	0	0.116444245727934	0	0.111165258552096	0.151204021381555	0.137034388291219	0.0377546995177953	0.0309474321774216	0.171099042356473	0	0.0599495477367523	0.122980711271601	0	0	0.177211243751032	0.191193225095624	0.0205781188265516	0.0634467025512949	0	0	0.112246208257467	0.18624325773354	0	0.00638379681342155	0.172350736943162	0	0.0580108030369778	0.0997927342927905	0.0483089638495028	0	0.0779009465800865	0	0	0.0538141022763938	0	0	0	0	0	0	0	0	0	0	0.0844925255419918	0	0	0	0	0	0	0	0.108609794112157	0	0
0	0	0	0	0.0189471480028569	0	0.0240920898901501	0	0.0973389052192685	0	0	0	0	0.138020612826682	0	0.268310417267692	0.0384320983351894	0	0.0477346561449198	0	1	0	0	0	0	0	0	0	0	0	0.178365555095224	0	0	0	0	0	0	0	0	0.0338544120588689	0	0	0	0	0	0.0317633878578582	0.258048685471624	0	0	0	0	0.129847207583886	0.0904872307402446	0.226408974896872	0.169641654122687	0.00542485375542475	0.120972722354162	0.235860080639623	0.0662522970280707	0.0943910854985844	0.0576945535817353	0.172014307780599	0	0	0.340273912648773	0.128727838762337	0.0751743219795459	0	0.0959890696428923	0.02574912335211	0.00449390624759316	0	0	0	0	0	0	0	0.0402543878757278	0	0.0939368186012156	0	0	0	0.0981542917274483	0	0	0	0	0	0.0478278778200632	0.227465275228954	0	0	0	0.0233337187494366	0.118148900944423	0	0	0	0.0649089113601744	0.206535518475232	0	0	0.2077691209955	0.30304437202116	0.190754540060536	0.0137330617159313	0.0949443758676423	0.210196522454086	0.294490707745548	0.196337802873902	0	0.0986916443078688	0.00414978994512295	0.105547438503984	0	0	0.115259245804851	0.102563542566383	0	0	0	0	0	0	0.203457539456939	0.0806073358784236	0.10043846313415	0.111523300256512	0	0	0	0	0.0774046138502452	0	0.0346198676876044	0.0122125421190194	0	0	0	0	0	0	0	0	0	0	0	0	0.216810628877515	0	0	0	0	0	0	0	0	0	0	0	0	0	0	0	0.00865154900858393	0	0	0	0	0	0	0	0.101196169112554	0.0503652180707706	0.0119418271306634	0.0479686901012066	0.0455213120746069	0	0.0692321551328184	0	0	0.166271471296121	0.283996302418524	0.166821720706822	0	0.0494958085869524	0.0934472954655664	0.213355171516887	0	0.0662265420398292	0	0.0631589910542186	0.190520531016532	0	0.0783452113614486	0	0.109048874878579	0.0524665588508766	0.0478639891143744	0.243936627233988	0	0.0166732369568396	0.0968008101436213	0.0381047775964303	0	0.239806104224879	0	0	0.166081050255713	0.174622854687392	0.11110128640369	0.0130700030064822	0.184314605825253	0.1787867682027	0.323676155610871	0	0.110576885440767	0.0957671237224531	0	0.0586765305833731	0	0	0.0908300817355765	0.150819971560584	0.0683096850997671	0.121791175167818	0.179046088220177	0.167506269156521	0.174589321191652	0.255148382593405	0	0.130985493169676	0.049595371320843	0.132308473005925	0.0572483398173383	0	0	0	0	0.227112102507684	0	0	0	0	0	0	0	0	0	0	0.00882605261540514	0.159694295927655	0	0	0	0	0	0	0	0	0	0
0.0771669663518019	0.29285196121391	0.0481448800277974	0	0.139851870845957	0	0	0	0.00131524572150519	0.0249745036856509	0	0.0753405892956031	0	0.0511769830170767	0	0	0	0	0	0	0	1	0.0799183301040213	0	0.113246932571469	0	0.128312620812853	0.238870317201933	0	0	0.535132571415169	0	0	0	0	0	0.331343009040012	0	0	0	0.276830353844712	0	0	0	0	0.22548846632281	0	0	0	0.249614551844617	0	0.13245795115241	0.0592895155799501	0	0.0419098233906708	0	0.0559430449632472	0	0	0	0	0.250839547770903	0.0959963593372864	0	0	0.0562236032526589	0.030180900574512	0	0	0	0	0.089153407370399	0	0.209041508557645	0.251286734038419	0.037995541331688	0	0	0.11064186468992	0.106731400243702	0	0.0870154807134568	0.251057075630543	0	0	0.0290732838488945	0.0597173000826987	0	0	0.198789706493948	0	0.252604632637792	0.0750013792010054	0	0	0	0.120604689633131	0	0	0	0.0560034804276062	0	0	0	0	0.0650013429597493	0	0	0	0	0.0394376355094462	0.109077821736036	0	0	0	0.333115831738565	0.134001751392062	0.0351385781404664	0.0122227421136438	0	0	0	0	0.172429863930047	0	0	0.618410895713793	0	0	0.0795879549512775	0.0150452102068939	0.119813914219434	0.224529801770194	0	0.53306011322147	0	0	0	0.336270366061746	0	0	0.125632226485474	0	0	0	0	0.159180839549439	0.0659093778057419	0	0.151149043162439	0	0	0	0	0	0.219366399551308	0	0	0.145836899437543	0	0	0	0	0	0.0643153355880527	0	0	0	0	0	0	0	0	0	0	0	0.0945708903409997	0.261943099810713	0	0.18291112248916	0	0.0606374457158796	0	0.554678454356559	0.57968567131785	0.143543498408526	0.0435192324390192	0.0250042896342704	0.278592826451013	0.0173464410689157	0	0	0.0262638453202872	0	0	0	0	0	0.1636274330601	0	0.0822783527969755	0	0.125358643439582	0.0582264151307512	0.102456080690068	0	0	0.0353824784941046	0	0	0.0968520892063888	0.000819551212365662	0.0862011635688788	0.22561347207586	0	0.359698126852076	0	0	0.435935645905614	0	0.146387363487219	0.000254654121388675	0	0	0	0	0	0	0	0	0	0	0	0.166628038040817	0	0.195145984332642	0	0	0	0	0	0.0800784268747955	0.535775220956717	0.326362509556802	0	0.043864038817274	0	0	0	0.000641051874489037	0.350277878100065	0	0	0.0657549139208139	0	0.566045068723092	0	0	0	0	0	0.241994992724376	0	0
0	0	0.119568853472943	0	0	0	0.33052077921982	0.235198099432842	0.0284732944799337	0	0.1356504474721	0.372193583886507	0	0.0848259727610352	0	0	0	0	0	0	0	0.0799183301040213	1	0	0	0.0849637921581818	0	0	0.0601267765293514	0.00392732793129776	0	0	0	0	0	0	0	0	0	0	0.0259884275413096	0.263487972832591	0.205814646793608	0	0	0	0	0	0	0	0	0	0	0.275801421420724	0.0102147100127881	0.370141087712982	0.0573423283591255	0.0973525902340033	0.0636267768105684	0	0	0	0	0.0265357585315828	0.102973030339112	0.0667314156166745	0	0	0.187666009106533	0.0155106628994587	0.1414392381848	0	0.171605656473004	0.119163313955929	0.15000100081783	0.120312198971543	0.119666537082399	0.0510246259004226	0	0.208827043067241	0.0992740807608639	0	0.139672324930957	0	0	0	0.0780991373426991	0	0	0	0	0.19404270667479	0	0.0622257279778904	0	0.446741432687826	0.192944279880695	0	0	0	0	0	0	0	0	0	0.227807678666033	0.17070125851901	0.243530926082693	0.160288803436775	0.274143071102731	0	0	0.368820050521975	0.114469353456141	0.0120919588915352	0	0	0.05947914996273	0	0.0196789808781049	0	0	0.0545776659255217	0.25642801727594	0.0935984415502878	0	0.0444617697645402	0	0.190746868424042	0	0	0.0218372354253403	0	0	0.0066096253672367	0	0	0	0	0	0	0	0	0	0	0	0	0	0	0.0858407365157058	0	0.0300371464741894	0	0	0.256166435149446	0.0691600844809634	0.0262603316479263	0.317945476398727	0.0529026843061224	0.222632005455894	0.0572581143497717	0.107587416072132	0	0	0	0	0	0.0197960169689515	0.0294692562948088	0	0.0970795052632929	0.18455885133597	0.242379209927395	0.0281554167880976	0	0	0	0.373601898736012	0.150955940007764	0.411660850969518	0.237807685227549	0	0	0.100203822617145	0.292296886908128	0	0.0722175187784635	0.019687126085011	0.0546989050617447	0.227116953830393	0.058846726838003	0	0.226045671932927	0.19831021165524	0.322728318048389	0.0123967390099112	0.0425158182750865	0.0837209465784385	0.213329897424953	0.203854492208076	0.378515878917675	0.0510753304136615	0	0.18231880419686	0.346418845708544	0	0.0589926087812284	0	0.111659097491409	0.0703649986892405	0	0.0112631148053546	0.083733693604974	0.446222785525783	0.14106381186399	0.327806530784827	0.22871581086372	0	0.127038923963995	0	0.0157898739833713	0	0	0	0.199825339218312	0.385432187412155	0.129887189323832	0.102495290830618	0.170960923943028	0.224008280184225	0.118961156259786	0.135403912533328	0.0722274104046192	0.328195147005228	0	0.141849028497363	0	0	0.0763095659604453	0	0	0	0	0	0	0	0	0.068304999181984	0	0	0	0.00691162985603122	0.110192540930675	0	0.0597135093249879	0	0	0	0.0477756455700225	0.287939687013249	0	0	0.00167182026084461
0	0.322719871380389	0.336086913306238	0	0.00703099899371079	0	0.238730306044096	0	0	0	0.0663371979053706	0.277758902353845	0	0	0	0.0466466918487335	0	0	0	0	0	0	0	1	0.130433890934918	0	0	0	0	0	0.131720209312027	0.20966292630098	0.0355856255832798	0	0	0	0.0501231474162059	0	0	0	0.0908813800105575	0	0.0962300395506178	0	0	0.0585083676693089	0	0	0	0	0	0.293665789001112	0	0	0	0.138781883854542	0.0414259555868206	0	0.270154554370394	0.144626155105743	0.00273051260608474	0.254533222411673	0.156418887385221	0	0	0	0	0.109564030076744	0	0	0	0.00140772504167154	0	0	0.215678604022038	0.0967610108896641	0	0.240888458816439	0	0.0289199847988202	0	0	0.128773368143867	0	0.0262481654117373	0.056676741735297	0	0	0	0.0683592347371244	0	0.279828767969859	0	0	0.230363066617661	0.123791267257767	0	0	0	0	0.0606712200803562	0	0	0	0	0	0	0.0162113798843318	0	0	0	0.00313392154236137	0	0	0	0	0	0.0277228986212331	0	0	0	0.267582283848787	0	0	0	0	0.22160856130706	0	0	0.0385348423782297	0.137270732779867	0	0.17578721715473	0	0.337094057926791	0	0.127415417450403	0	0	0.0826284395171216	0	0.136790510237153	0.00419127261125594	0	0	0	0.221203313473208	0	0	0.022037843448234	0	0	0	0.106435922458063	0	0.369141101562896	0.11413747203876	0	0.280703817928468	0	0	0.159949010636596	0	0	0	0.161187266830318	0	0	0	0.0250367218762118	0	0.0048660359487909	0.114914354523503	0	0	0	0	0.143867672788248	0	0.0836327707484472	0.00784770945517523	0.0598411901140973	0	0.181422566825046	0.245603804757756	0.0780130348221955	0	0.184071790621067	0.294116037768662	0	0.217794259651519	0	0.160402468991938	0	0.0675882238780166	0.0138893891266421	0	0	0.128616456097417	0	0.319749382149253	0.00834706663679563	0.149431083522286	0.162733461419605	0.229598898961809	0	0.0473004472254029	0.085329980198664	0	0.042057733474824	0.216619449428552	0	0.0853858302275188	0.209353330677016	0.164553401423159	0.379715733836412	0.0760818563592368	0.0466038228139675	0.180994199482894	0	0.0745814722131814	0.126096201148585	0	0.0130264834960102	0	0	0.167519384834595	0	0.0232163668022738	0.0361472720612155	0	0.0518960431628006	0.0663733098087404	0.196754631161029	0.106950137957708	0	0	0	0	0.0212318318425208	0	0	0.125921230674288	0.196907615492113	0.104628902956918	0.00772245969480112	0	0	0	0.105368328008571	0.196340004970207	0	0.0240206149293427	0	0	0.287333335257405	0	0	0	0.0897583971354625	0	0.202575097727687	0.0229126113866808	0
0	0	0	0.0371493783924748	0	0	0	0.0810000568207761	0.0902508950537709	0	0	0	0.236568327182074	0.124874575146555	0	0	0.0540717521218761	0	0.035853000900687	0	0	0.113246932571469	0	0.130433890934918	1	0.0353319109710623	0.116994649559648	0	0	0.136226730556073	0	0	0	0	0.0316995017704701	0	0	0.294171487997021	0.0717412963283844	0	0	0	0	0	0.110255735696144	0	0.0290811547295248	0	0	0	0.032853167260996	0	0	0.180535349469702	0	0	0	0.0923049342676021	0.0271777320655589	0	0	0	0	0	0	0	0	0	0.0143376812243734	0.114337186263038	0	0	0.0180528938343442	0	0.00919925996653085	0.0195189632873804	0	0	0.158113979345267	0	0.0453045546089366	0	0.157996043045603	0.0400874444385366	0	0	0	0	0.00226365712768148	0	0	0	0	0.110928662416298	0	0	0.279069311480585	0.288500020302841	0.014052388532107	0	0	0	0.266854104791499	0	0	0.217302607458022	0.0359699116639315	0	0.154785984244763	0	0.0893856301542794	0	0.0699080148943385	0.13603899225594	0.184966455888702	0.154998518115993	0	0	0	0	0.0944309820053292	0	0.275651207652638	0.0465180854016562	0.0124224540887208	0	0	0.0974947829689571	0.0851448947744643	0.0584133786144631	0	0.0110448294376977	0	0	0	0	0.0755985946923896	0.0290378872730243	0	0	0	0	0	0.0614949512268169	0	0.204313110275161	0	0.145572998032832	0	0	0.14418590550117	0.0110043006860085	0.0906038607785113	0	0	0	0	0.289674021031189	0	0.323930095904737	0	0	0	0.0524110413120754	0	0	0	0	0	0.0474105369783392	0	0	0	0.141927061928354	0.0608934837271654	0.0652143583481184	0	0.11673625478634	0.0951238743117647	0	0.171260580352173	0	0	0	0	0.032972925051038	0.0240549091217514	0.0688850868344297	0.0612244410966294	0.174752783503634	0	0.13111692388995	0.152588276881198	0	0	0.19490352984373	0	0.135513674404585	0.0420410013691947	0.165071348428024	0	0.104077605557783	0	0	0	0.0239137471023093	0.119467788998096	0	0	0.0746822143081712	0	0.00616965785712776	0.163892106501368	0	0.163480177875538	0.0310579455144083	0.0539563455657263	0.030784399231276	0	0.402486377917695	0	0	0.0625960942930372	0	0	0.1727578769588	0	0	0	0	0	0	0.0530900951009325	0	0.0181275868793951	0.0918272765911624	0.095916586167821	0	0	0	0.0674862232068058	0.0583682196107233	0	0	0	0	0.228203856316213	0.185227350449812	0.253054076803908	0.309862898825158	0	0	0	0	0	0	0	0	0	0	0	0	0.16915170035241	0.0927732820852542
0	0.0582384232144136	0	0.0144133467817496	0.0596137548153855	0	0.085041907745625	0	0.0840518601872792	0.0659136262726386	0.0604603789854166	0	0	0	0	0	0	0	0.124402156646854	0	0	0	0.0849637921581818	0	0.0353319109710623	1	0.0371966173216672	0.00577961245828606	0	0	0	0	0	0	0	0	0	0	0	0	0	0	0	0.0589702823827049	0	0.173505949472142	0	0	0	0	0.236527595289117	0	0.0675496081629339	0	0.0258119674182647	0.0632265289036302	0	0.00170841632723956	0	0.246825729945819	0.266376568438696	0	0	0	0	0	0	0	0	0	0	0	0	0.16874401491916	0.0863311028728238	0	0	0	0.218150449805346	0.158730157601076	0.00857383392153312	0	0.0160261707662464	0	0.192377912852226	0.100460753871437	0	0.175440026231794	0	0.107093756315331	0	0.126199165949407	0	0	0.17829489798471	0.00208335032207013	0.0813544085277808	0	0	0	0.202702365368288	0.193866035760978	0	0.0821453992263733	0.218150155622701	0.223249380556283	0.0859696716354496	0.130493758609875	0.0916024892355823	0.281246104888091	0.336906822408042	0.125584654280826	0.0616778677942079	0	0.0439780534719504	0.0533145470634718	0.0816574546134089	0.0551666533633252	0.188722748721378	0	0.163236807646762	0	0	0.00377023243060654	0	0	0.193678835865105	0	0	0	0	0.124027147788407	0.0175029144922776	0	0.0744064861160473	0	0	0	0.120787142409636	0.0262348820451918	0	0.00797069132535557	0.00918477691265296	0	0	0	0	0.0285153907659116	0	0.235730194327735	0.291223494846809	0.032171609807821	0	0	0	0	0	0.0232114425089375	0	0	0	0	0	0	0	0	0	0	0	0.00711214029138849	0	0.105714429227829	0	0	0	0	0.0998456146244159	0.141837346445826	0	0	0	0	0	0.179337860416157	0.109072777862037	0	0	0	0.150982239597639	0.0264415017024004	0	0	0	0	0	0	0.134466932368559	0	0.0287925781305971	0.136097098111746	0	0.257029670713649	0	0	0.180264186878271	0	0	0.0807043552084126	0	0	0.332191372303388	0.0468866188378832	0	0.144170336222998	0	0.0760902353668177	0.0317155629802698	0	0.250203438049313	0	0.416223437848118	0.0326081251650177	0	0.300366706263247	0.31845279764567	0	0	0	0.0162284464114466	0.159964034854853	0.115506353680784	0.0354620653128863	0	0.33518726411634	0	0	0	0.103899683055317	0	0.09646546235207	0.0364323689199451	0.236530432773472	0.180646022956631	0	0	0.0657184147490704	0	0	0	0	0.161477037742022	0	0	0	0	0	0	0	0	0	0	0	0	0
0	0	0.129501200657001	0.0564561311910663	0.132360566661871	0	0.0392973513001375	0.0871634353940976	0	0	0.0301104995895755	0.182602114626443	0	0	0	0.186447651943599	0.143706023678075	0	0.226041884545443	0	0	0.128312620812853	0	0	0.116994649559648	0.0371966173216672	1	0.0283677031247185	0.175664403069547	0.0788499125499518	0.117781904632288	0.166304452897988	0	0	0	0	0	0	0	0.0623620161766184	0.0630385397166076	0.1666563363918	0.0832135595391578	0	0	0	0.038885412396602	0	0.0472913299720298	0.106940007490772	0	0.0705596044318913	0.0567373971022145	0.213260768407541	0	0.242795541713784	0.0538780199491456	0	0	0	0.0140968970654274	0.10928342541603	0.0044822463622667	0	0.147034203603011	0	0	0	0	0	0	0	0	0.0838496414261368	0	0	0.0759739872815452	0	0	0.148021449306935	0	0	0.127382835271489	0	0	0	0	0	0.0024535419289554	0	8.69337055434633e-05	0.346526180154742	0	0.0566875293550949	0	0.407513972549628	0	0	0	0	0.178058563574458	0	0	0	0.000427758045260708	0	0.280556526994873	0	0.107163628652802	0.301509996171961	0.089891111996753	0.0317778780511805	0	0.0726586376651056	0.0599842728686488	0	0	0	0.035881656737175	0	0	0	0	0.0617188769254	0.0813548626935892	0	0	0	0	0	0	0	0.0966991092358539	0	0	0.202774443444861	0	0	0	0	0	0	0	0	0.116125731114247	0	0.0395067137553398	0	0.18055345050927	0	0	0.067594372781461	0	0	0.250881043197363	0	0.243453669469367	0.120937468414268	0	0	0	0.226322266745959	0	0	0	0.250856204765253	0.063448710733748	0.0107283478086998	0.0675911196803281	0	0.104251722043801	0.145979464765462	0.0848434798269492	0	0.100959732247492	0	0.166912316527926	0	0.206392802842065	0	0.154458548303743	0.00834412114236197	0	0	0	0.299048533193621	0	0	0	0.183314703008297	0.379950070027509	0.129715838549272	0.00295629887989347	0.346714478911244	0.295023500483178	0.0930922580722176	0.206508871249371	0	0.0693621087972061	0.10346748610097	0.117839656993733	0	0.0709133050169751	0.340043636510654	0.267811830934268	0.144009677394794	0	0	0	0	0	0	0	0	0.177334646528658	0.124299787835065	0.285984455820428	0.137007509942659	0	0	0	0.0511023179177913	0	0	0	0.098330409177172	0.324714545817369	0.234597199028463	0.274172860591695	0.222400853885322	0.0497914198045491	0.0140213648831816	0.00380378622832489	0.0652487645293305	0.092282967675443	0	0.121971151701255	0.247802031840391	0	0.101844140030392	0	0	0	0	0	0.013190434822625	0	0	0	0	0	0.0584471163840876	0.174304695386499	0.131772533875191	0	0	0	0.125163853532606	0	0.262446147644121	0.121697829565536	0	0	0
0	0.238892264088193	0.22811504145346	0	0	0	0.206051241995487	0.176132775103743	0.0425869180208739	0.0808156704995098	0.179171689559776	0.0206919384406777	0.197414984520041	0.0259859512128588	0	0.197160276311837	0.209350340044134	0.210643262252626	0	0	0	0.238870317201933	0	0	0	0.00577961245828606	0.0283677031247185	1	0	0	0	0.0441028258004924	0	0	0.193607223157712	0	0	0.307226304024934	0.202845559222256	0	0	0.0557959078050931	0.12071946288277	0	0.125440751289626	0	0	0	0	0	0	0.0445726288652659	0	0.184563999684287	0.0667342826429151	0.303971878957866	0.0748185970152458	0.177852465417878	0.391773982894989	0.347340803432115	0	0	0.0649333480219012	0.055265698631899	0.0723771560692109	0	0.0261600903919334	0.15810046284454	0.14878439592975	0.117986490856161	0.0283996960565491	0	0.00701089054170363	0	0	0.00591661935403333	0	0.356043726839968	0	0	0.0473760031886116	0	0	0	0.107556316327773	0	0	0	0.0477172286633225	0	0.098478736535107	0.017762443221004	0	0	0.060587852767788	0.288012484950498	0.155107273082058	0.162454534498668	0.00422029759554687	0	0	0	0.334995523202099	0	0	0	0	0	0.000543511848041132	0	0.0540126804724899	0	0.277538963945905	0	0.0607665239258881	0	0	0	0	0	0	0.260188451151474	0.169608604285491	0	0.162261529941206	0.168154219255542	0	0	0	0.104913554140184	0.0355737265917001	0	0	0	0.117314410787134	0.0476875786038547	0.0678929535924481	0.0110607687053385	0	0.255753980095938	0.0860309473854572	0	0.0378661384556984	0.166643088215035	0	0.0731436316589709	0	0.148245000952582	0.0104570510311285	0	0	0.119076685900326	0.136497496916224	0.243092319688939	0	0.386307007087787	0	0.0730661801560284	0.489823742737486	0.0489411293189692	0.207315006920702	0.263447313670883	0	0	0	0	0.0868573204774006	0.258992834327404	0	0.0987955813455978	0	0	0.246458876247928	0.31172193954103	0.121315025354881	0.159095363677239	0	0.17933048018502	0.157709773756825	0	0.302434798106211	0	0.0293666040298134	0	0	0	0	0.143491593383866	0.0611866906394269	0	0.195188797168031	0	0	0.104726973511996	0.064439192704309	0.167815947843264	0	0	0.155385687272624	0	0.0473875000421705	0.41045728254354	0	0	0.00362610867195735	0.0462294375156386	0.226123541958539	0.174573474140554	0.143417255115114	0.59600499363638	0.1513349161555	0.0323454321286794	0.355461651230553	0	0.146191499203844	0.0492075955844485	0.194394330694427	0.534259472563574	0	0.234242350108918	0.0249638948626825	0.162936500090634	0.172333355915672	0.14533470890094	0.199393196221725	0	0.366830150288897	0.0727439443012476	0.0859630427938285	0.168115069749075	0.325743744179348	0.178422791506206	0.448989835546374	0.0777734353194767	0.411106802381362	0	0	0.0142062231953461	0.0823578184706346	0	0.306852086555847	0	0	0.142581696747541	0.0663735697380843	0	0.430873824941889	0.433882731551533	0.209965236657454	0.0852269606434649	0	0	0	0	0	0	0.0137094611519435	0.0217162913193133	0.20419117839001	0.147161557173726	0.214572183016689	0.00722694582591059	0.122984148723026	0.291499659117939
0	0.300721552911951	0	0	0	0	0.122407348127831	0	0	0	0	0	0	0	0	0	0	0	0.00375554381069514	0	0	0	0.0601267765293514	0	0	0	0.175664403069547	0	1	0	0	0	0.00201377577235874	0	0.0652674154117691	0	0	0.118821725996952	0	0	0	0	0	0	0	0.140009089732377	0.00564049970487086	0	0	0	0	0.0720130941387692	0	0	0	0	0	0	0.162537997314092	0	0.0497828202874273	0	0.0537914780055955	0	0	0	0	0	0	0.0960884288089488	0	0	0	0	0.34881033528562	0.23484369413795	0	0.0384924736177804	0	0	0.100006986380552	0.0856138899782744	0.379170012553471	0.208163007606844	0	0.312117997145893	0.0642559589016131	0	0	0.0514427462880831	0	0	0	0	0.153049940669598	0	0.229697421278524	0.0650263810532904	0.114475023724187	0.134312066424521	0.170056904392868	0	0	0.176713909569704	0.118694774146561	0.333619380465498	0.0120856205915312	0.0830595603546857	0	0	0.0915105349689528	0.0799779485563769	0	0.0282952763810327	0.0356631102198214	0.10050773089749	0	0	0	0	0.301914107930894	0	0	0	0.0665009218450846	0	0.117535227164343	0	0	0	0.0858786962450309	0.0237188293576978	0.134597473995	0	0.265989430140807	0	0.302079484807549	0	0.249614722960526	0.120569824052047	0.243537408290457	0.298295976669725	0.0421949920825955	0	0	0	0	0.166884282759119	0	0.0919405727660878	0	0	0	0	0	0	0	0	0	0.00895900028500563	0	0	0	0	0.00415753932999167	0	0	0	0	0	0	0	0	0	0	0	0	0.087365863088921	0	0	0.161528365326247	0	0	0.0807877867775593	0.0281355761170634	0.0133521547408615	0.0129478678989633	0.128081693068604	0.183170588661755	0.0729309002083037	0	0	0.238071934924058	0	0	0	0	0.152314767268155	0.0151169504973883	0	0.0380744401546371	0.0117657104180582	0	0	0	0	0	0.0472313647258519	0	0	0.180770410329627	0	0.107926135783471	0.270338259280095	0.129773340478368	0.145246923491328	0	0	0.235796907690447	0.160931035321243	0.14526804685074	0	0.0643247989457652	0	0	0	0	0	0	0	0	0	0	0.0202080586396222	0	0	0	0	0	0	0.0594731446555428	0.17198416301289	0.0952183114909516	0.0924687676369776	0	0	0.0306631804614294	0.010712319501068	0.144382015601475	0.316416650174239	0.460707540744738	0	0	0	0	0.111500216327608	0	0	0	0.0373790662770191	0	0	0.0927903820731364	0
0	0.298854871158694	0	0	0	0.158202210987348	0.170326692682621	0	0	0	0	0.213529520754804	0	0	0	0	0	0.0276315094186623	0.0109031841438313	0.00765686890004061	0	0	0.00392732793129776	0	0.136226730556073	0	0.0788499125499518	0	0	1	0.292917695609403	0	0.295597826529201	0	0	0	0	0	0	0	0.0512841673820865	0	0.107001734053477	0	0	0.0170751693612041	0	0	0	0	0	0.125303115195536	0	0	0.0105717104865167	0	0	0.220313851801594	0.0913982056613423	0	0	0.0838301000326757	0.177954026199385	0	0.00988975130060098	0.206396479927061	0	0.115745614342795	0.149798062105233	0.0996912669047572	0	0.0831495281361408	0	0	0.472120138566379	0.35618366934269	0	0.313256514093175	0	0	0	0	0.0289162284876038	0	0.146933454396973	0.437364454655118	0	0	0	0.181906449861534	0	0.133356162150634	0	0	0.244713363126326	0	0.0594720710397036	0	0	0.0938572138567757	0	0	0	0.0629554497071822	0.177315288106645	0.427727517466162	0	0.0734375719744574	0	0	0.0628621509894959	0.0881827377210679	0	0.0987375408267405	0	0.0864432660138771	0	0	0	0.0142749116304535	0.0633392112743102	0.263916695897799	0	0	0.173304354610857	0.00807492200239435	0.354680081155904	0	0	0	0.226865873094474	0	0.321880638759529	0	0.565471042367808	0	0.37049382478583	0.0211780178799528	0.166587370139293	0	0	0.235560123756278	0	0	0	0	0.132798358321233	0.0500333718051024	0	0.0144567826375343	0	0	0	0	0	0.0450596626303443	0	0	0	0.0332327413900892	0	0.0529336628445073	0	0	0.172441074931372	0	0	0	0	0	0	0	0.1421866774584	0	0	0	0	0.193851790766437	0	0.144875530022139	0	0.128770334993856	0	0.30600035739145	0.298115937762118	0	0.116294638195668	0.166665299992993	0.282303556586899	0	0	0	0.107196679554339	0	0	0	0	0.0975303807177192	0	0	0.296561509120171	0.0210802970716646	0.141790527777679	0	0.187234121118448	0	0	0.160854607163369	0	0	0.211434030590804	0.203683016309443	0	0.228790581231616	0.153020439133674	0.279566934770867	0.0240679272754839	0	0.368623062283193	0	0.143254632671856	0	0	0	0	0	0	0	0	0	0	0.147319498988176	0	0	0	0.0496770022125163	0	0	0	0.00527567605283016	0	0.300400513594797	0	0	0.0494820860556007	0	0	0	0.00528838788569969	0.174723369444325	0.419959380316516	0	0	0	0.0574066704940623	0.37743391477092	0	0.0950752569841836	0	0	0	0.0368454016047926	0	0
0	0	0	0.0194594040165639	0	0	0.0292505108102751	0.297659656568489	0.10972263803852	0	0.138736711559542	0	0.203093613609101	0.0705131333624915	0	0	0.272659599179954	0.0766488845195504	0.0881255315555574	0.0651838754462862	0.178365555095224	0.535132571415169	0	0.131720209312027	0	0	0.117781904632288	0	0	0.292917695609403	1	0	0	0	0.225244890961771	0	0	0.530201426676554	0.0341400242377193	0	0	0.00716227181133445	0	0.103321442222598	0	0	0.101213864763914	0	0.141887308019736	0	0.126410279831594	0	0	0.0719450606719621	0	0.112728257614042	0	0.126666810239557	0.275597876497396	0.264552815675286	0.04764630701315	0	0	0	0	0	0	0.0833886613244059	0.169644924424093	0	0.0387545236954728	0	0.173658364191408	0	0.0272656948438511	0.094807382187385	0.00252035409934356	0.0368623648735378	0	0	0	0.0271735494275837	0	0.208584415764243	0.0569924052202609	0	0	0.0715341897116472	0.336436559353556	0	0	0	0	0.340348524425493	0.0802914511387081	0.151156216353598	0.1858869880672	0.430527253321002	0.394167453817264	0.0678586904811485	0	0	0.513267733338413	0.00682654604812137	0	0.0645106304870321	0	0.0977012044759046	0.312639968975359	0.0288112230871382	0.0871950714037367	0	0.345169603810971	0.145121561716677	0.27001934594382	0	0	0	0.0564378363159269	0.136977954342857	0.215578380956464	0	0.226059443734986	0	0.193766980795302	0.295608849043516	0	0	0.0360945502821573	0.00544745752946968	0	0.1574417335062	0	0.323408447545441	0	0.416493543565164	0.0591215297799332	0.0943524169415834	0	0.21773142645633	0.351754883332715	0.0370732606108903	0.227433061728984	0.279316066160676	0.345847734939846	0.400673433874037	0	0.0718627103867028	0.189795086479177	0.0925626835290147	0.105145222904976	0.340530368934024	0.382160892423766	0	0	0	0.00400369454847559	0.472738842304529	0.0270180942761505	0.03260818793025	0.281779984035824	0.342607907508148	0	0.200198174527673	0	0	0.0683564490721352	0.2176677132998	0	0.253703724584191	0.0504795342460023	0.0593803966189888	0	0.232558541399531	0.00771955697824808	0.0970618771397241	0	0	0.0935301148666499	0	0.377875577798346	0	0.409499455495934	0	0	0	0.0777735187181023	0	0	0	0	0	0.00219001731651429	0.15035503018557	0	0	0	0.0595957527892964	0	0	0	0.335390831988751	0	0	0	0.0621479757459022	0.101703477928262	0	0	0.516806395646438	0	0	0.0882997505263032	0	0	0	0.0162994910833562	0.2340703400949	0	0.284668478605542	0	0	0.1878641610718	0.111585987153969	0.0914684502637072	0	0.267303475091037	0	0	0.00613683271653785	0.0770194798464965	0.00067559875891486	0.168757735119921	0	0.196228500499635	0	0.0772557862809612	0.294890443116258	0.306380462091852	0.0909858170437388	0.435401358590168	0	0	0	0.0391910750499654	0.094272646879342	0.443149242479359	0.338462821415663	0.483381556921586	0.219561145513382	0	0	0	0	0	0	0.0522407065620948	0.0089611851880373	0.276244310682435	0.114633787691153	0.42563288095528	0	0.142520162919499	0.19263118089631
0	0	0	0	0	0	0.0784632352519663	0	0.142505704587885	0	0	0	0	0.261105130193055	0.0905374763989814	0	0	0	0.287029719042653	0	0	0	0	0.20966292630098	0	0	0.166304452897988	0.0441028258004924	0	0	0	1	0.021750421706854	0	0	0	0	0.223437919090745	0	0	0	0.0017594671977468	0	0	0.0158522952883752	0	0.0192371638359503	0	0	0	0.0730034962887722	0	0	0	0.105739192843521	0.0248309178697243	0.097071545027646	0.400897592933286	0.0419527375279517	0.058116043680729	0.141549371713622	0	0	0	0.127023593983604	0.123294309943118	0	0	0.292657225883305	0.0862332131492273	0.0172543868407143	0	0.00300831169943251	0	0.271839416522046	0.158596458645598	0	0	0.306884874393003	0.0828393666254132	0.138587735143757	0	0	0	0.204994121975792	0.145610945744341	0.109115230250816	0	0	0	0	0	0.0908731511219384	0.0462606511141467	0	0	0.325241161397753	0.00132269540465707	0	0.0887319569425586	0	0.131680180825429	0	0.077907233381332	0.402283167866949	0.541751090572692	0.247112493842365	0.174287808150334	0.32490602826014	0.213306790464299	0.442534450345666	0	0.207763338978703	0.392059891232758	0.211737605024998	0.139047766552029	0	0	0.268620322837969	0.231023101778297	0.29527491879484	0	0	0.0724198809751086	0.0988301177618848	0.0669971175027413	0.038882910864231	0.196777205142993	0.0280539085877166	0.112000859729734	0	0.0284277913357894	0.0350947627605528	0	0	0	0.137938739726162	0.0954189470393402	0.1355184085194	0	0	0	0	0	0	0	0	0.0436098510898288	0	0	0.367622698459207	0	0.00666756119133245	0	0	0	0	0.164486419540658	0	0	0	0	0	0	0.137425639509669	0	0	0	0	0	0	0	0	0	0	0.0374119586948093	0	0	0	0	0.281082858268301	0	0	0.00133895304040787	0.0953773019842809	0	0.0671913030967094	0.0578260916762839	0	0.197031286613718	0	0	0	0	0	0.0141636349689487	0	0.334937254211222	0	0.190789055780978	0.0160392138702028	0.355252365498964	0	0	0.0643990928761549	0.0782122845523155	0	0.167890498877638	0	0.069849512003999	0.224518405285349	0.120545526067778	0	0.0119422388757519	0.223799665022078	0.104788870373278	0.157185168461792	0	0.121451165139848	0.330703040221096	0.160585235199492	0	0	0	0.0630235384848581	0	0	0	0	0.0567426221261078	0.0380145895381802	0.168311266776886	0	0	0.0585593662908579	0.105276916595443	0.0427014168769369	0	0.0449095329181615	0.0255946155580728	0.255089659568976	0.379741621170278	0	0	0	0	0	0.0254986015826217	0.250368058905334	0.109828804074347	0.0229592634645203	0	0	0	0	0	0	0	0	0	0.00886762488234082	0	0	0
0.0489901337823571	0	0.0503565106074559	0	0	0	0	0.159662742968037	0.306167085642243	0.0289883770724767	0	0.0523333688268713	0.191991364685491	0.172541747832902	0	0.0221841746846112	0.0138962214583929	0	0	0	0	0	0	0.0355856255832798	0	0	0	0	0.00201377577235874	0.295597826529201	0	0.021750421706854	1	0.127180105875976	0.0310090414459827	0	0.126526350896462	0	0	0.00412563541071164	0.308128219447675	0	0	0.172755696742571	0.238080218685321	0	0.167974200344215	0	0.0157747350552197	0	0	0.0661838501347158	0	0.139861200014075	0.153019783308341	0	0.0198234752899437	0.097009078817552	0	0	0.020477417258728	0	0	0.0525066137490724	0.0859489926439642	0	0.20420462712633	0	0.0794999283161402	0.159942516101679	0.011881177010063	0	0	0.196949903369277	0	0	0	0	0.16753379327239	0	0.000202767177481092	0.121027951246535	0	0	0.0146986397073198	0	0.139433861052558	0	0	0.0795283300808976	0.215055194727866	0.0775755202331396	0	0	0	0.0717035414957248	0.0542204904673939	0.0319189881140565	0	0	0.0349793698713096	0.00877748189175028	0.15419966740605	0	0	0	0.283824696291292	0	0.0744928804918738	0.109226793421643	0	0	0	0.166866215211377	0.109393707189786	0.16687365239463	0.0446490600835422	0	0.0536049929633795	0.112751424403393	0	0	0.0656789195093008	0.0243698535313853	0	0	0	0.053644312512061	0.101431528121688	0	0	0	0	0	0	0	0	0	0.0844014628397134	0	0	0	0	0.0563370572075022	0	0.142855933774188	0	0	0	0	0.262472561211315	0.197578047977538	0.252638771646486	0	0.244679203009873	0	0	0.103131154608306	0.110913694790245	0	0	0	0	0.225669857893448	0	0	0.227197765576127	0	0.21865642082139	0.0318031315346172	0.159436204642177	0.298503947532963	0	0.170208015905264	0.188268162658084	0.0887607371345215	0.122911967433667	0	0.151880742040255	0.0573064317846726	0.260320443802289	0	0.15159060903733	0	0.0209304468744186	0.238398415877766	0.154383804995042	0.081956597584036	0	0.0868810894816109	0.130101064838894	0.286043371393982	0	0.313676550663499	0.155263867975767	0	0.207074453674128	0	0.187745310233001	0.0425664607655199	0	0.103159545422757	0	0.0343793566874345	0	0.238256866662234	0	0.0233516773550481	0	0	0	0	0	0.162360842242437	0	0	0.116532427548126	0.130789262495575	0	0.214749968955594	0	0	0	0.108784312821526	0.138281795996333	0.378231897707762	0.163582529595088	0	0.0947163405397481	0.131190253339263	0.253604180398271	0.0621613245702508	0.264728299692789	0	0.0756885116695059	0.148001757795527	0.251328494475295	0.0980345376934549	0.122459649534422	0.117159314462566	0	0	0	0	0	0	0	0	0	0	0	0.091184268718535	0.251276934318236	0.348933148396983	0	0	0	0	0	0.0941984667050091	0.213874412589543	0.176960764781732	0	0.182267092820291
0	0.0974979869439998	0	0	0	0	0.2645132572502	0	0	0	0	0.224762281803519	0	0	0	0	0	0	0.194490184648337	0	0	0	0	0	0	0	0	0	0	0	0	0	0.127180105875976	1	0	0	0	0.235718771433718	0	0	0	0.0206941423505867	0.227543350495114	0	0	0	0	0	0	0	0	0.0524428082090386	0	0	0	0.252981197077888	0.0668759411822895	0.110549825480924	0.226161476625022	0	0	0.0170207193319248	0.0155164924750059	0	0	0.0771059433805352	0	0.0332553991301784	0.184572312602227	0.0686224492689608	0	0	0	0	0.387869589240448	0.00354166185283551	0	0.243509791811901	0	0.0214355657644635	0	0	0.0071170724856529	0	0.0195788425859464	0.0490179339033956	0	0	0	0	0	0	0	0	0	0.0222261939839887	0.295301611612307	0	0	0	0.00808070417624858	0	0	0	0.0331548953336137	0.301199208011016	0.102193167617133	0	0.189024443958313	0.168243174217693	0.276454075582191	0	0	0.328478481479611	0.0414476999994379	0	0	0	0	0	0	0	0	0	0.245063754711125	0.241920367526255	0.0928547087990794	0	0	0	0	0	0.193525370373647	0	0.124205217867369	0	0.103187670801365	0	0	0	1.67030524136991e-05	0	0	0	0	0	0	0	0	0	0	0	0	0	0	0	0.0672798195949548	0	0.12851941196614	0	0.000859824423869642	0.137012409227194	0	0	0.0987307498710196	0	0	0	0	0	0	0	0.237714630104385	0	0	0	0	0.0698188392311053	0.0205234126880416	0	0.33015385030067	0	0	0.0411457296840263	0.167724782008406	0	0	0.302314033225371	0.233102940297692	0	0	0	0	0	0	0.118394675106651	0	0.0980997760447901	0	0.0671046062071567	0.330936550665777	0.354772615113408	0	0	0.136953345540087	0.0372703397824167	0.100471805718832	0.0477660556224901	0	0.210735816824034	0.21967057160402	0	0	0.0630284494046346	0.419371456054222	0.252305129366305	0.181557486889873	0	0	0.363287934233594	0.0397635842282387	0	0	0	0.0156887210975275	0	0.157760653174037	0	0	0	0	0.185003516473886	0	0	0.235168094241346	0	0	0	0	0.0346057480904265	0	0	0	0	0.0733602824440996	0	0	0.178493948046024	0.199927492991936	0.171696514598549	0.0815545500800092	0	0	0	0	0.0156890104975683	0	0	0	0.0209725320739346	0	0	0	0
0	0	0.0556350518707921	0.221725813479049	0.140512163656174	0.0152382202352937	0.0701449034885012	0	0.0891403975766025	0	0.0836081669170481	0.0541957280142824	0	0	0.048912174944491	0	0	0	0.289722495030634	0	0	0	0	0	0.0316995017704701	0	0	0.193607223157712	0.0652674154117691	0	0.225244890961771	0	0.0310090414459827	0	1	0.136101638885937	0	0	0	0	0.0652806326953215	0.248461437237196	0.0184566455852089	0	0.0469327276997616	0	0	0	0.0642670997669155	0.113862866499687	0.0299025074984919	0	0	0.00945404969330595	0	0.0532508280571171	0	0	0	0	0	0.129735944544122	0	0	0	0.0742829985543134	0	0	0.135294457786869	0	0	0.0980461258652098	0	0.175347299586186	0	0.079868379511568	0.0248123442570102	0	0.161392519537548	0.204927453106446	0.101125179664998	0	0	0.13086545951107	0	0.313378987717238	0.153455281981499	0.0569102009163558	0	0	0	0.346456219896401	0	0	0.0491756984507262	0.166784680715864	0.0037621343582255	0	0	0	0.0486957851257303	0	0	0.208790156123588	0.248492804582168	0.194827650052403	0.275161741819594	0.216842343244851	0.262870964881098	0.117388930557147	0.119715678254382	0.112599129604285	0	0.170527673610781	0.0337164459696859	0.257698324932622	0	0	0.248209109825941	0	0.0564259933515044	0.0816268013832267	0	0	0.0520522407883542	0	0.279072902471467	0	0	0.152815061933121	0	0	0.285859918115609	0	0	0	0.127506304241453	0	0.0788626693084335	0	0	0	0	0	0	0	0	0	0	0	0	0	0	0	0.00179289152532625	0	0.255476940814078	0	0	0	0.0317509391953605	0	0.0496144871664597	0	0	0.0124406071979338	0	0	0	0	0.0456902711166671	0.00672087704726031	0	0.0737984762623813	0	0	0.0701673588391663	0	0.0381954662481118	0.0909090211604354	0.0754873926053681	0.216610551303276	0	0.273911275098253	0.336257361944119	0.0743268205436917	0	0	0.166993791160057	0	0.154028665773461	0	0.121050352301071	0.0507149449549565	0	0.350383093812216	0	0	0	0.0153390499575148	0.116735596133068	0	0.127739594370815	0	0.260145973416785	0.0497995618416514	0.0953271706916088	0	0	0	0.0193418054502995	0.234905421859867	0	0	0.219016057237015	0.219309376298555	0.0331758000138264	0	0.134293190688966	0	0.0949631528375325	0	0	0	0.0388668156874871	0.011112301273541	0.0181535534817516	0	0	0.0731267915369554	0	0	0	0.0674644834144137	0	0	0.152265220093838	0.0625701499843442	0	0.105409978050677	0	0	0	0	0	0.007534759895295	0	0	0	0.0631125021143006	0	0	0	0	0.0760243049938278	0	0	0.0782112128089942	0.0110653625519912	0	0	0	0	0
0	0	0	0	0	0	0	0	0.10708949084303	0.0154356048478488	0	0	0	0.0914927155008148	0	0.120328293368695	0.00505375794239182	0	0.0931661992263451	0	0	0	0	0	0	0	0	0	0	0	0	0	0	0	0.136101638885937	1	0	0.01996841887097	0	0	0	0	0	0.0369402156878679	0.118288314163135	0	0.174583329770113	0	0	0	0.00184229622316621	0	0	0.265620019267508	0.118176320850663	0.0773195851627644	0.123712526941756	0.267984590744958	0.0666276410991485	0.366119267095275	0.000314820728714528	0	0	0	0.173882527199438	0	0	0	0	0.00331708781908242	0	0	0	0	0	0	0	0	0.0526339943837708	0	0.0184917973210414	0	0	0	0.0408307542731946	0	0	0	0	0	0	0.0286608013040824	0	0	0	0.0546882648949668	0.234688693566699	0.121463603420396	0	0	0	0	0.168261736612013	0	0	0.0328278916671017	0.134803743580799	0	0.175773579788155	0.325970835365041	0.196832561993448	0	0.0867321376224952	0.128088366465207	0.184437135836084	0	0	0	0	0	0	0	0.0196600396193079	0.037863928417333	0.00493004465836439	0	0	0	0	0	0	0	0	0	0	0	0	0	0	0	0	0	0	0.0293110348910943	0	0.100370693848131	0	0.135791914748586	0	0	0.278195863715697	0.211252774239092	0.168996078162831	0	0	0.024664530580573	0	0.186344296562925	0.216872546913674	0	0	0.143914306508033	0	0	0	0	0.212654569705351	0	0.0505874634996693	0.0946731165858768	0.0391719798184738	0	0	0.0333621412440521	0.328846965540952	0.117672886998833	0	0.130498409410283	0.188774957946087	0	0.234408033007711	0	0	0	0	0.00283438721827316	0	0.0857650679178383	0.0421619555298519	0.0492973555715091	0.092022923586091	0.163054017555094	0	0.112952426338996	0.167049195893809	0.0165859545801085	0.123939801886092	0	0.154860912264633	0.0584529520192391	0	0.366550014532959	0	0.0439635091564103	0	0.0658865909103079	0	0.114525632088235	0	0.18416212967289	0.136554861376654	0	0.286470294620696	0.0352543537681979	0.164443455349801	0.08472324003371	0.372529331550002	0.110771566150417	0	0.320376343768624	0	0	0	0.11965575617487	0.266736833512062	0.0882038914200686	0.29988704241312	0	0	0.252972846040385	0.211037652074769	0.167431499952797	0.128907120907897	0.0227261257512256	0.298988413941283	0	0.140655110561703	0	0	0	0.11742886269913	0	0	0	0	0	0.0477868289636729	0.0249822780662955	0.0190707572806769	0	0.00360174032232751	0	0.0462310052296532	0.188651458797881	0	0	0.0783315471403752	0	0	0.0499847347235982	0.0618072208144688	0.0845898272464472	0	0.108164169073892
0	0	0	0.0747363530219344	0	0	0.0358197245960227	0	0.0658177635409828	0	0	0	0	0	0.138207958088516	0.0472075207458381	0.276124290915139	0.169568442653552	0.482457382705969	0	0	0.331343009040012	0	0.0501231474162059	0	0	0	0	0	0	0	0	0.126526350896462	0	0	0	1	0.493757856183791	0.026306262964892	0	0	0.202917241803104	0.00376230054816925	0	0.0101987609583572	0	0.0625492311672978	0	0.352073900949482	0.145853503042043	0	0.173169048286041	0	0	0.0137883656986511	0	0.0646037023127649	0.0818987148385516	0.184034170817544	0.247569020384435	0.254764945147154	0.0962500760206426	0.105107166460652	0	0.217747503204151	0.0964473968312655	0	0.133565362546482	0.371958942525366	0.0400710081075297	0.109067737685069	0	0	0	0.0472407793720529	0.0222568955242318	0	0	0	0	0.0417792452705713	0	0.00951772739253545	0.0191708906355414	0.0336913175196665	0.252377329057933	0	0.0140186887998839	0.281994830864236	0	0.166589068427784	0.00799695967646574	0	0.0964673269788926	0.154853341346239	0.0151860883881271	0	0	0	0.0302808866372377	0	0.259644853039539	0.0470598056757461	0.272819008446506	0.426181400268827	0.411551691501503	0.164722378979551	0.043040331628533	0.32634073116161	0.110164123277535	0.133428905103611	0.0090391230111097	0.00978713437928358	0.103426130217294	0.297817554679001	0.102036102375502	0	0	0.170734333214601	0.00114331382481627	0.196874360193622	0.0720183465314741	0.0362286135658801	0	0.303201886264006	0	0.0239240399148722	0.118145141549896	0.187634059042897	0	0.0956331883283588	0	0	0.262007086924491	0	0.18912680070058	0.272719240205339	0	0	0	0.216807902974433	0.0994694038301929	0	0	0.163247080283266	0	0	0	0.102353986136993	0	0.0357849227170895	0	0	0	0.0430206480937342	0	0	0.238891866792578	0	0	0	0.0599883173845127	0	0	0	0	0.0502639353559176	0.0849703566610848	0	0	0	0	0	0	0	0	0	0	0.011211852165691	0	0.0282983355993665	0	0	0.0877122242831659	0	0.026797854523244	0.0207087035964516	0	0	0.0896186397801147	0	0	0.255606696149321	0.0121425899383257	0	0	0.0131069828700196	0	0	0.0569255190045214	0.0394548202348053	0	0	0	0	0	0.229154167575203	0.0254712784568353	0	0.0445349013372947	0.0621358612544878	0.162957969660126	0	0	0.105253095850107	0.0361521153407741	0.0551207106270209	0	0	0.110929543360878	0.092742980903179	0	0	0.0582489051356268	0.0436132544072409	0.134312203518717	0	0.00506674359409129	0.201290416961147	0.0221607798225739	0	0.173426713953131	0	0	0	0.0738798114871966	0	0.0871713217353686	0	0.206856455044992	0.165408266784654	0.244096078281182	0	0	0	0	0.158709308062364	0.178139559879287	0.151341488562797	0.371076340965958	0	0	0	0	0	0	0	0.196979095787178	0.106663664795457	0.118423772208084	0	0	0	0
0.172613612921168	0.0284493314134217	0.158731242100519	0.103116738600122	0.357267348047911	0.0756266093478417	0	0	0.117101102718397	0.0780210842418646	0.0471167907937369	0.267499680461275	0	0.0152263779512673	0.0180555915785899	0	0	0	0	0	0	0	0	0	0.294171487997021	0	0	0.307226304024934	0.118821725996952	0	0.530201426676554	0.223437919090745	0	0.235718771433718	0	0.01996841887097	0.493757856183791	1	0	0.129080535199654	0.456740285148362	0	0	0.152714930548587	0.0821039222812437	0.22066038663403	0	0.183931282961029	0	0.250015539278659	0.00945679423532989	0.0118392478693379	0.153462304572338	0	0.0130897838377337	0	0	0	0	0	0.116993174720458	0.118595920157125	0	0.0846441836056174	0	0	0.369449559322147	0	0	0	0	0.313403274049477	0	0.518375881918369	0	0	0.193570550693849	0	0.245793206586234	0.236341039790831	0	0.152067057518689	0	0	0	0	0.116208069309825	0.0805494744380886	0	0.322096642530816	0	0.297437557313385	0.115038980439423	0	0	0.00722077937781181	0	0	0	0	0.161641732498662	0.0135599672395288	0	0	0	0	0.124181585175768	0	0	0.132530831496846	0.0138601199425944	0.105545940730554	0	0	0	0.139314001480945	0.225204462859454	0.197620954198328	0.14204893449191	0	0	0	0	0.313246479900244	0	0	0.301986313173032	0	0	0	0.0423994773841675	0.0224345673616881	0.113265053049803	0	0.0775279842093439	0	0	0	0.298771150701472	0	0	0	0	0.0398487842279477	0	0	0.141083034621013	0	0	0.225796348739016	0.041551173465425	0.0799100805456714	0	0.11294807388484	0.24364080604752	0.233919045073083	0.134212896395416	0	0.200443806342172	0	0	0	0.147129714516341	0	0	0.0837949797822467	0.0429089553327563	0	0.240265104835954	0	0.248731275230053	0.332791524826575	0	0	0.145755889199673	0	0.385648502830274	0	0	0.285251297918035	0	0.232882286260708	0	0.228773667409075	0.401615279332606	0.193810347997814	0	0	0.11965968717669	0.0607510000002539	0.154250891594722	0.0962257674963502	0	0.0763136236057184	0.225940993323938	0	0.276455361734839	0	0.248283364579333	0	0	0	0.217667977779791	0.266286598372173	0.227741369592451	0	0	0	0.00374102940025036	0	0	0	0	0.344867898135253	0	0	0	0	0.195483508504236	0	0.124464128152515	0.0974461621543647	0	0.0523148860957046	0.0828365828851352	0	0	0	0.00198797370043898	0.0719639614124487	0.0865342244406551	0	0	0.142619958687966	0	0.140066239673764	0.155071578972543	0.0962886719097519	0	0	0	0	0.409440388772947	0.0955342971172766	0	0.189384798822613	0	0	0	0	0.00796054203326246	0.214350016014027	0.324786088642601	0.272185394253013	0.0206502927358408	0.295126531836403	0.0746148726682683	0	0	0	0	0.392605373941188	0	0.000511300830336786
0	0.0248739639216974	0	0.0968360873331401	0	0.0263372592546135	0.134691335849152	0	0	0	0	0.123080362183087	0	0	0	0	0	0	0.15969959136273	0	0	0	0	0	0.0717412963283844	0	0	0.202845559222256	0	0	0.0341400242377193	0	0	0	0	0	0.026306262964892	0	1	0	0.0186713127965572	0	0	0	0	0.160343556390961	0	0	0	0.198207554346931	0	0	0	0	0	0	0	0	0	0	0.0224824994276394	0.0909668611552966	0	0	0	0	0	0	0	0	0	0.0608727825050887	0	0.251578068048624	0.287138944782641	0.226377975374615	0.0450642256246816	0	0.0972312244506222	0.433381094140072	0.0428115006704735	0.0389710824796261	0	0.116809338217921	0	0.223670996045646	0.236520516518864	0	0	0.0902095400389878	0	0.256904228982239	0	0	0.174206607132418	0	0.281473504708178	0.03132144863536	0.247542297546217	0.0108456342264339	0.148762498419178	0	0	0.135239193660061	0.103717637740886	0.182828135386809	0.0463161861107787	0.20508960433179	0.243869709123731	0.020672345744473	0.0619940191503396	0	0	0.264399994821968	0.0713967121279175	0.327482256402489	0	0.108011566287274	0.180734452710358	0	0.151546805412477	0	0	0.0471220915742923	0.0156686622295424	0.0106873051535608	0.328737431214865	0	0	0	0	0	0.314285068539367	0	0.0623415293250249	0	0	0	0.28133730072853	0	0	0.096912807950344	0	0	0	0	0.0228044898392364	0	0	0.0571740970917391	0	0	0	0	0	0	0.117253649442209	0	0.0477132415934609	0	0.0803167773773578	0	0.176381468673216	0	0.0357710027765736	0	0	0	0	0	0	0.144585045657891	0	0.0949817393659045	0	0	0	0	0	0.018297817197118	0.0664686737549196	0.148778165175349	0	0.299969845744581	0.250751334922814	0.12651309817343	0	0	0.262627880800474	0.0155185842671639	0	0	0.060285433557529	0	0	0.158937934492988	0	0	0.0411381327393899	0	0.171635230793661	0	0	0	0.231516179935038	0	0.066935684005936	0	0	0	0.0866661443685615	0	0	0	0.0822873983548394	0.142100504570904	0	0	0.158108701192557	0.101474170428417	0.218882214143907	0	0	0	0	0	0.13308518605901	0	0.0268529775389123	0	0	0	0	0.00764186557906465	0.0200358497818662	0	0	0	0	0.0302514825937103	0	0	0.203926263501784	0	0	0.0721933315802841	0	0	0	0.115671656949051	0	0	0	0	0	0	0	0	0	0	0	0	0	0
0	0.0231832238542297	0.0748283815912016	0	0	0	0.0935995965073104	0	0.034878598140899	0	0	0.0951501254707953	0	0	0	0	0	0	0.00749605632911797	0	0.0338544120588689	0	0	0	0	0	0.0623620161766184	0	0	0	0	0	0.00412563541071164	0	0	0	0	0.129080535199654	0	1	0	0	0.119261150934386	0	0	0	0	0	0	0	0	0.0125828335175808	0	0	0	0	0	0	0.192073464613123	0.044507277943637	0	0	0	0	0	0	0	0	0	0	0	0	0	0.0675811594554032	0.395770295664036	0.350194997859065	0	0.280193682204295	0	0.108956909017607	0	0	0.198561402543688	0.097569548034154	0.0647880931683635	0.184636282001526	0.127774989367962	0	0	0	0.0511656366598267	0.0823577986228808	0	0	0.130319862472358	0	0.474272942754181	0.238708849809362	0.239642373001719	0	0.0535512476907037	0	0	0	0	0.169665440303186	0	0	0.173848402665399	0	0.0869437906549741	0	0.137038163024412	0.116963992917861	0.0984632300467135	0.0213472309584222	0	0	0	0	0.0181408079999098	0.127778333124831	0.0711215141108939	0	0.0111860632740357	0.064357360278857	0.0637558780807536	0	0	0.0224704902698981	0	0	0.101412800565575	0	0.256183112665188	0	0.183301238242279	0	0	0	0	0.0326752739871913	0	0	0	0	0	0.0260848273284999	0	0	0	0	0	0	0	0.103625799270026	0	0	0.361675287732166	0.23592356115307	0	0.0690194305861693	0.0261360639490399	0	0	0	0	0	0	0	0	0	0.0372017772706432	0.201268222948918	0	0	0	0.098654058432597	0	0	0.218757648631754	0	0	0.0358506077357598	0.121832027251269	0	0	0.0755628114853452	0.178338010255605	0	0	0	0	0	0	0.204268802469549	0	0.00277193539940073	0	0	0.130486551990536	0.187770510860066	0	0	0	0	0.236830303231125	0	0	0.173564581837605	0.0649907165693997	0.000697853517906342	0.0596683703135703	0	0.178877560736656	0.275187240716755	0.0227206283231862	0.0677494520079969	0.0225635235676644	0.257219654685605	0.122166024924459	0	0.192101162759888	0	0.0580304505720949	0	0.0669185923737387	0	0	0	0	0	0	0	0.0460717144229152	0	0	0	0	0	0.11353607972958	0	0	0	0.157872556425747	0.0338946932519707	0.143868343073234	0.149799034199108	0.135508262643683	0.416661569783088	0.105895576444272	0	0	0	0	0.148622563931903	0	0	0	0	0	0	0	0
0	0	0	0.0412240051506863	0	0.145101086401557	0.217593050397376	0	0	0	0	0	0.200735791290536	0	0	0	0.201051553239375	0.130819948103226	0.152116227158215	0.0137268698242681	0	0.276830353844712	0.0259884275413096	0.0908813800105575	0	0	0.0630385397166076	0	0	0.0512841673820865	0	0	0.308128219447675	0	0.0652806326953215	0	0	0.456740285148362	0.0186713127965572	0	1	0.0273145065068684	0.0150367780313613	0	0	0.204343995141098	0	0	0	0	0.0874954410878039	0.0675893047544081	0.0971602893193968	0.0472371611553667	0	0.253031627689853	0	0	0.149933007542542	0.137505982378237	0.0131443614066284	0	0.158674930267794	0	0.0349640991377924	0.0967558677050182	0	0.00868485808619653	0.0438189525470984	0	0	0	0	0	0	0.0662879530919475	0	0.0922433536623575	0	0.0478581958526112	0	0	0.106828460614698	0.111563206118446	0	0.188832025343695	0.0171846799395175	0.219328283448269	0.192510034368794	0	0	0	0	0	0.0593615144129051	0	0.0550984266209827	0.102249813593166	0.0592823917318993	0.158742225561411	0.0516882546559488	0.117711387658283	0.153292364549682	0.25700787407023	0.189297531923815	0.19682717979528	0.011256824636192	0.165456428891729	0.227452924708156	0.15401104858443	0.117498352074374	0.117626584922942	0.269140230820456	0	0.216852919177836	0	0	0	0	0	0.10736288627177	0.122332019158923	0.0346560894853494	0	0.0923399243600916	0.182380056542467	0	0.0105929244708985	0.0402074688617974	0.0541743012094997	0	0.131469288783323	0	0.170814087252399	0	0.119434620576682	0.179306971773838	0	0	0.0969399180383827	0.118184859860264	0	0.0556326257660366	0	0.169714232226659	0.0855231755997741	0	0.114142361078396	0.0779499763850277	0	0	0	0	0	0	0	0	0.23562668395279	0	0.248691484610213	0.0215962704648673	0	0	0	0	0	0	0.20999714221296	0	0.0892792640484504	0	0	0	0	0	0	0	0.130975127428531	0.00468796471382314	0	0.0567444219446848	0	0	0.0270494523178499	0	0	0	0	0	0.0497332025241032	0	0	0.0966013152543823	0	0	0.104878060634314	0.0693524739868844	0.0685185274045147	0	0.0239205389858168	0.047092642662789	0.0747248902250508	0	0	0.0963587096461932	0	0.328864963007914	0	0	0.214788408959233	0.427232391182977	0.199393302074157	0.0277089305459492	0	0.169662703762455	0.0718168846120573	0	0.0567939055500282	0	0.159158950912515	0.00161160525133113	0.027992484158851	0.185933490213674	0	0	0	0.022171090919377	0.121181614429456	0.114906133298444	0.125955293629567	0	0.12928095148363	0.0108583009339046	0.0689358592903943	0.0568456569696638	0	0	0	0	0	0.211594028517572	0.0484677410654061	0	0	0	0	0.260410137823008	0.440931640918206	0.314675639623297	0.314678263095966	0	0	0	0	0	0	0	0	0.150739271605737	0	0	0	0.332691285438145	0
0	0.0891444485514217	0	0	0	0	0	0	0.166946905980899	0.177950035924695	0	0	0	0	0	0	0	0	0	0	0	0	0.263487972832591	0	0	0	0.1666563363918	0.0557959078050931	0	0	0.00716227181133445	0.0017594671977468	0	0.0206941423505867	0.248461437237196	0	0.202917241803104	0	0	0	0.0273145065068684	1	0.0169097150033736	0.135840302578068	0	0.152848493597391	0.158098501887096	0.0450634789380403	0	0.0324381647497913	0.164195788328936	0	0	0	0	0	0.0140889685914223	0	0.0262491155581244	0	0.212814783276873	0	0	0	0	0	0	0	0	0	0	0	0	0	0.259208240350754	0.00548947096138741	0	0	0	0	0	0.028136547527945	0.360161846305734	0.0105818224901702	0	0	0	0	0	0	0	0	0.0778972429207508	0	0	0	0.273976349667415	0.273714672845715	0.199736575545262	0	0	0	0.0453317776165836	0	0	0.101276638779433	0	0	0.0139059922380301	0	0.220427300747299	0	0.0338730305564473	0	0	0.00454522566287934	0.256062838246041	0	0	0	0.0667056056471602	0	0.145335981781086	0.167654336694947	0	0	0.117556097945791	0	0.00721663314177949	0	0	0.427353214189153	0	0	0.307615555815652	0	0	0.0950191887860674	0.14682512345204	0	0	0.0646534623583942	0	0.0432504873256601	0	0	0	0	0	0.276953715354828	0	0	0	0	0	0.0558579744537994	0	0	0	0	0	0	0	0	0	0	0	0	0	0	0	0.04526927710989	0	0	0	0.0620595887093085	0.00202749473150276	0.174816896425989	0	0	0.0349803625449888	0	0	0.0568893601366232	0.0788307712962419	0	0	0	0.262866005999898	0.0590762000847905	0	0.0395597279837007	0	0	0	0	0.0251638317305714	0	0.073433714161412	0	0	0.127091182834666	0	0	0	0	0	0	0	0	0	0	0.32770698065453	0.0260589007408759	0	0.0814027235860956	0	0	0	0.253553841265606	0.088643735874487	0.121666993759391	0.253640441971091	0.00263909036590133	0	0	0	0	0.0358279138336101	0	0	0	0	0.196865806685252	0	0	0.0331318188242648	0	0	0	0	0.157117723071789	0.342326233096663	0.205542999079811	0	0.137696356240284	0	0	0.0971155298576568	0.119142281223701	0.249348491914958	0	0	0	0	0.174002106368438	0	0	0	0	0	0.158434615959073	0.0682518854666867	0
0.317752679169079	0	0	0.0941894840865142	0.262221706960716	0	0	0.13756489459926	0.0683156243164123	0.044065015516977	0.0962090178449049	0	0.135872344051815	0.0780572092467323	0.101102197488241	0	0	0	0.0548478255170371	0	0	0	0.205814646793608	0.0962300395506178	0	0	0.0832135595391578	0.12071946288277	0	0.107001734053477	0	0	0	0.227543350495114	0.0184566455852089	0	0.00376230054816925	0	0	0.119261150934386	0.0150367780313613	0.0169097150033736	1	0.21989606196412	0	0.0144869537094905	0.0140363546436245	0.0190806403230351	0	0.235979014320413	0.16852655782052	0	0	0	0	0.00368323404884437	0	0	0	0.207386306974411	0.0303375566807713	0	0	0	0	0	0.105957682182179	0	0.158259599522533	0	0.0726891825722344	0	0	0.234362344979434	0	0	0.0401264621238023	0	0.374339598146101	0.0204409055743404	0.13458784855315	0	0	0.00366720692732621	0.15475656136088	0.0341287176561619	0.117813930934442	0.0778911247430339	0	0.157450476232311	0	0	0.155987821889262	0.261280563363042	0	0	0	0	0	0.131593998405506	0.120712107003147	0.414228930903684	0	0.0581028462769988	0.186469077577416	0.0577953547723278	0.118325431522982	0.247357455104422	0	0.136253762086477	0	0	0	0	0	0	0.000403046493328209	0.120007936954949	0.27233468585991	0.165831775011324	0.154436971777741	0	1.93652518214873e-05	0.133738564502596	0	0	0	0	0.123199808601081	0.0588865278932918	0	0.065491760630004	0	0.143964014508487	0	0.160046693283704	0.0567995690355868	0	0.235928717183476	0	0.178583837611102	0.127805655061625	0.0863453124309948	0.107629211788104	0	0.0896387126504811	0	0.162528472488837	0.199398829586438	0.166960627276242	0.252940188628906	0.204953476242299	0.216649145301079	0.22816473500155	0.217063928473715	0	0.124164248255331	0.120687528293122	0	0	0.0412227414446841	0.0758352851537298	0.133112053383526	0.231872478419289	0.141906901353386	0.0983232415252537	0.243825820114274	0.083619010111977	0.146675997500955	0.0459771326955794	0.180088002929608	0.128594621624649	0	0.0239225053017531	0.00832347194464915	0	0.166714033166849	0.0359199765751692	0.152012419641605	6.1587497210715e-05	0	0	0.172332598945094	0	0	0	0.125767748953273	0	0	0.139696863033056	0.0319024660341495	0.0951509604714109	0.0720653275546837	0.12073717087832	0.0907408215160605	0	0.133402032174796	0.0233455698320396	0.126363002742872	0.0444440506630832	0.0790388042184304	0	0	0.0474375108558948	0.0727667886370304	0.161593627539846	0	0.0354469440186248	0	0	0.241829600975984	0.120572649201346	0	0.155327571036803	0	0	0	0	0.217129090789503	0	0.163770935697253	0	0	0.242946525354777	0.201749300784375	0.0957115553870512	0	0	0	0.114442745168472	0	0	0.0986810817179823	0.0268561010485528	0.0717418401934101	0.0810378625726172	0	0.0396221076604619	0	0.252873740186161	0.137453902614042	0.0597440465029623	0.197735577797376	0	0	0	0	0	0.0180141771588124	0	0.0410243968444636	0.0934900775618919	0	0.0303631385256042	0	0	0.0748352382446159	0	0	0.128738672966937	0.000691732640938828	0.254186514762103	0	0.111074948228466
0	0.101110580205059	0.0653411998004918	0	0	0.104340386203301	0.236162868097574	0.0301863338274787	0	0	0	0.280782622781212	0	0	0	0	0	0	0.0745369499832283	0.12522124284126	0	0	0	0	0	0.0589702823827049	0	0	0	0	0.103321442222598	0	0.172755696742571	0	0	0.0369402156878679	0	0.152714930548587	0	0	0	0.135840302578068	0.21989606196412	1	0	0	0	0	0	0	0	0.0884849846285709	0	0	0	0	0	0	0.119300336062974	0	0	0.185655990390611	0	0	0	0.18815942416026	0	0.0970119028941808	0.0904683420321047	0.175072482139962	0	0	0	0	0.324425607160091	0.255326786683112	0	0.190096718527753	0	0	0.0122259266702482	0.102449119146833	0.117017284668281	0.220367105857977	0	0.194477982171456	0	0.0553951783399106	0	0	0.0727056297619556	0.193970701251089	0	0	0.179345823504955	0.0568591706011719	0.0195431868088361	0	0	0.125833217679609	0	0	0	0.0690306449533696	0	0.244598991192079	0	0.230914792455042	0	0	0	0.0600758407168492	0	0.0592261361413153	0	0.195311352475231	0	0	0	0	0.156768636872195	0.215281939829555	0	0	0.214697038963585	0.0238221323078638	0.294714999352175	0.0968366168458997	0	0.0177183841361465	0.0504574003375863	0	0.232582988430506	0	0.284520433449003	0	0.38132128991161	0	0.129987509643087	0.0431786659177588	0	0.208348046057471	0	0	0	0	0.176866788875863	0	0	0	0	0	0	0	0	0.0984592311912006	0.0491049010040286	0.0845778393665612	0.0332285116927516	0.277475041939777	0.0346522347259964	0.0328549835849489	0.0922347844423972	0	0.242952171621739	0.104512205406905	0	0	0	0	0	0	0.201553111096227	0	0	0	0	0	0	0.234756365631116	0.102710421736356	0.241509121869876	0	0.309910082408315	0.236057794231192	0.2750266392355	0	0.16758218221812	0.0280636391140433	0.100079094989867	0.0389257579235056	0	0.270958776070841	0	0	0.0861716324853505	0	0.0109383432481167	0.0081616887672875	0	0.259720614136748	0	0.200208919284206	0	0.0838465624642273	0.0200364108010623	0.187101015477391	0.0820545265132007	0	0	0.109621803742712	0.16724185080892	0	0	0.23906355034944	0.316084088847455	0	0	0.28656892224553	0	0	0	0	0	0	0.0614427655720929	0.00288622199303	0	0	0	0	0.118685684562532	0	0	0	0	0	0	0	0.0737432187554676	0	0	0.0454076080101722	0.0213733488261615	0.251570753425827	0	0.0404511421802379	0.109447697883899	0.253976483881993	0.346805906713339	0.137486501707942	0	0	0	0	0.251855779679103	0	0	0	0	0	0	0.111635053097668	0
0.272066257004996	0.312121407460232	0.0508438480818851	0	0	0	0.13860007593592	0.0592393435042544	0	0	0	0.146133150579884	0	0	0	0	0	0.109408571446989	0	0.203143293270231	0	0	0	0	0.110255735696144	0	0	0.125440751289626	0	0	0	0.0158522952883752	0.238080218685321	0	0.0469327276997616	0.118288314163135	0.0101987609583572	0.0821039222812437	0	0	0	0	0	0	1	0	0.0740575664874575	0	0	0	0.0171726300084451	0.0796722079178578	0	0.0425488141578813	0	0	0	0	0.160164313420786	0	0	0.0270536995649424	0.119942623068556	0.0239570070157727	0	0.0113692175669622	0	0.0551260499512141	0.0133588626548427	0	0	0.0462544847414562	0	0	0.335781867857357	0.258217923480077	0.0594192701102856	0.207792026263894	0	0	0	0.177680247131612	0.00743393398491261	0.263814358942332	0	0.0569652705927754	0	0.160503977897832	0	0.0740435327506744	0	0	0.00185903481573859	0	0.314909916547476	0	0.00986570033523671	0	0.166688033219402	0.352836083368417	0.0244874911736105	0	0	0.0570241963722887	0.067305823630444	0.241020485963844	0	0.269698152609027	0	0	0	0.171383769693841	0	0	0	0	0	0.365046542104539	0.102262213741111	0.0211787790542127	0.402469024772356	0.21289140812059	0	0	0.00228140578912792	0.204269591747435	0.0984630513297071	0	0	0	0	0.174802186546347	0.234587243455557	0.0781376704000852	0.21799080474452	0	0.486763113247957	0.00277454823867231	0.231037389803813	0.261883964907101	0.286845644079476	0.533283083801992	0.318737145307996	0	0.129153357058653	0	0.125507183124363	0.1490010267963	0	0.235404716401973	0	0	0	0	0	0.00812693652376681	0.109577906405374	0.0680698164976986	0	0.100592434940921	0	0.0885336454549088	0.11282855528638	0	0.396164494424357	0.0987497835245463	0	0	0	0.142348806439835	0	0	0.107095096746898	0	0	0	0	0	0	0.303189742649248	0.0180288457068005	0.131353448163635	0.082876533272471	0.0688492677008521	0	0.241988922059749	0.146862481791491	0.190200727621365	0.0227604883031918	0.0374154696872462	0	0	0.1792497983036	0	0	0	0	0.155707557176031	0	0	0.056086608840491	0	0	0	0	0.0254524001197088	0	0	0	0	0.280484494149241	0.0469682274183543	0.0525702834285205	0.180166945433863	0.0522558627019017	0.0597718382351472	0	0	0.321353029723273	0	0	0.0371156221150524	0.236243749249719	0	0	0	0.0124502778585502	0	0	0	0	0.0404640067821806	0	0.104697179023387	0	0	0	0	0	0	0.0122732771699816	0	0.29806348670577	0.0543963393005054	0.390822872257767	0.162160605924063	0.0253434909452081	0.060002727169846	0.329789716308259	0.233126142484021	0.27765237982504	0	0.0293910530478574	0	0.132015519616433	0.15473275271417	0	0.0347466361577044	0	0.0966321578497353	0.0412699143941345	0.0139975014700246	0.219352967476971	0
0	0	0.116296459963341	0	0	0	0	0.171778537262969	0.0822597535949073	0	0	0.110216596623412	0.0481732045908214	0	0	0	0	0	0.0284010097311556	0.151001672586583	0.0317633878578582	0.22548846632281	0	0.0585083676693089	0	0.173505949472142	0	0	0.140009089732377	0.0170751693612041	0	0	0	0	0	0	0	0.22066038663403	0.160343556390961	0	0.204343995141098	0.152848493597391	0.0144869537094905	0	0	1	0.0388702642135823	0	0	0	0	0	0	0.207783405213041	0	0	0	0.267849299752692	0.0720305380373628	0	0	0	0	0.188004475475396	0	0.0559902913845644	0	0.0818188374289957	0.192078300131705	0.0128639470300887	0	0	0.0380516592815729	0	0	0.0355800024835989	0	0.230892371054688	0	0	0	0	0	0.155692491506549	0.110812775127404	0	0	0	0.150713842696294	0	0.0761203197948609	0	0	0.176515727645847	0	0.0360376042174396	0.0790609742773617	0.0395639751281851	0	0	0	0	0	0	0	0.169097449351288	0.0219886567510636	0	0.144294078064305	0	0.051041975235217	0.100325612176494	0.0765747676685003	0.257578158894895	0.000501228326056904	0	0	0	0	0.0771114631047848	0.031358445559595	0	0.0797634688115989	0.0739406369214045	0	0	0	0	0.0259323025533868	0	0	0	0	0	0	0.106683405385657	0.205962523014512	0	0	0	0	0.0291077067806556	0	0.0910502960921181	0.10571681565804	0.0777509073455889	0	0.0670303867990737	0	0	0.192980633606283	0.0909612861756639	0.31376814348181	0.0440562727110865	0	0	0.0857072688335592	0.202802742746365	0.0211715134882601	0.0815640131387538	0.0925581158448694	0.194655431750639	0.0143913802460601	0.183901765248364	0.105447446554554	0	0.164846991540382	0.0679828715624562	0.145774073311579	0	0	0	0.216198967997655	0.0913492660691759	0.109799512320314	0.0634678248048435	0	0	0.215706752235335	0.00534329689341703	0.256931790494967	0	0	0	0	0.0468002419208676	0.177863905205478	0.253300906044108	0	0	0.103933302283057	0.0392974648282628	0	0.0721616816236209	0.0565122661835398	0.0125136199183982	0	0.0532608625242052	0	0.202966981015405	0.0132804313542218	0.081006547164761	0	0	0	0.191508153334268	0	0.0242430377760371	0	0.283690447959335	0	0	0.0359672334258514	0	0.147547529553587	0	0.307187356823807	0	0	0.177802543233799	0	0	0.0853594195341478	0	0.112605477197914	0.220193555451272	0.110385772529865	0.0550184783376729	0	0	0.0516367891434153	0.0776470185777558	0.0853860397572197	0	0.0276661726644848	0	0	0	0.0794687786379416	0.159095034109607	0.0866510402966113	0	0	0	0.18799063578835	0	0.266343227736521	0.164888096360339	0.149035385137726	0.148825873068017	0	0	0.0716074496253389	0.0854359746677023	0.0853562941332422	0	0	0.0242380378292095	0	0.128220326084548	0.0393062247693447	0.00915882282362693	0	0
0	0.118491045392512	0.087837536943197	0.173523712402931	0	0.236134958801389	0.197283132615567	0.0831870739205278	0.0498195085782601	0	0.165408861565251	0.193493327599204	0	0.00460396709825454	0.0243009310050434	0	0	0	0.11527517545927	0.103872819994742	0.258048685471624	0	0	0	0.0290811547295248	0	0.038885412396602	0	0.00564049970487086	0	0.101213864763914	0.0192371638359503	0.167974200344215	0	0	0.174583329770113	0.0625492311672978	0	0	0	0	0.158098501887096	0.0140363546436245	0	0.0740575664874575	0.0388702642135823	1	0	0	0	0.0517117589607133	0	0	0	0	0.132700546791964	0	0	0	0.0166726762953363	0.0215070617274808	0.0251539487271663	0	0	0	0	0.0433568646833896	0.0555870170714016	0.0271789168666516	0	0	0.0194876363316935	0.198101237730585	0.30587200087588	0.137659981788137	0.21042001660213	0.138142610009513	0.157727651714131	0.140342871258127	0.310741843343339	0.0639914240668016	0	0	0.00768581482010641	0.0652971495383341	0.395136578154637	0	0.115055155963694	0	0.124927424358469	0	0.322881740476034	0	0.0507239510149281	0.306388064915842	0.0927555383571644	0.0258239656379016	0	0.092586581203089	0.0685038868499113	0	0	0	0.144060266189202	0.0415617275642981	0.124000060774649	0.031073433678856	0.229639123325646	0.0367592442111087	0	0.0847617879575599	0	0	0.163615875055594	0.0829058827675644	0.196236319182122	0	0.0191872544152677	0.119578434298854	0	0.0605966507835969	0.198863309921555	0	0	0.152924559679428	0	0.105042246915939	0	0	0.258322794376365	0	0	0.290461412921386	0	0.266210898624599	0	0.159421901684052	0	0.0973140537930357	0	0	0	0	0	0	0	0	0	0	0	0	0	0	0.212441757825749	0	0.160816448750892	0.152214138614668	0	0.205281124048825	0.206131748294611	0.0680476770657822	0.131398785387379	0.252012461543856	0	0	0.116133629495176	0	0	0	0	0	0	0.134625683691056	0.159268122410861	0	0	0	0.0494401501307665	0	0	0	0.199858569119612	0	0.156579562240869	0.141419917962243	0	0	0	0	0	0.138475555965506	0	0.165518092792591	0	0	0.268299640046229	0	0	0	0	0.280901495751966	0	0.264968540963219	0	0.334761112416691	0	0.109855167048052	0	0	0	0.105341002005636	0	0	0	0.0701122258208199	0.218092408063785	0.00787833131333804	0	0.31098811006742	0	0.244890060040727	0.0447819516305316	0	0	0.0724449177013371	0.0135199394017249	0	0	0	0	0	0	0	0	0.091330534166126	0.0138003254261559	0	0	0	0.115016874754118	0.0126210592019476	0	0.0372123321776747	0	0	0	0	0	0	0.106630374673444	0.0515098781846778	0	0	0	0.15896729517022	0.145201847834931	0	0	0.0443158947870244	0	0	0	0	0
0	0	0	0.118561680353935	0	0	0	0	0.224974153402369	0	0	0	0	0.0670552919958844	0.127981324775422	0	0.0218967647395548	0	0.237240084940503	0	0	0	0	0	0	0	0	0	0	0	0	0	0	0	0	0	0	0.183931282961029	0	0	0	0.0450634789380403	0.0190806403230351	0	0	0	0	1	0.087043098700301	0	0	0	0	0.193530140855072	0.196824111775063	0	0.055914894975381	0.299312717877841	0.051400664637386	0.293822465028377	0.114005241151727	0.0257075902663643	0	0	0.131367108505281	0.0996344286977625	0	0	0.2140369560902	0.0915046369077153	0	0	0	0	0.0768924778256329	0.169415607032201	0	0.0353782896709845	0.152063442367674	0	0.0498164648093331	0.0226744205019303	0	0	0.295171278552288	0.0321113293143121	0	0	0.04924823200804	0	0.158811140483774	0.116750073713906	0	0	0	0	0.181596384490268	0.0241892637839167	0	0	0	0.0358705817602201	0.0386333179403465	0	0.143868823320038	0.456193122158573	0.0146212903400967	0.0456916096688667	0.308548834734497	0	0.125918241657246	0.125799346041541	0.0253590629191816	0.214350459691541	0.226465063276038	0.199596765386462	0	0	0.0678426223478076	0	0.165006294262831	0	0	0	0	0	0.0291852000652741	0.053026371796604	0.153315352187964	0.0802601026967647	0	0	0	0	0.0871723978576862	0	0.244550539441331	0.102081386920925	0.0156800156163483	0	0	0	0	0	0	0	0	0.0148110102209391	0	0	0.419762213730936	0.0125268377191332	0	0	0	0	0	0.292404051553577	0	0.201066691514967	0	0.0405162785366689	0	0	0	0	0.0143575731874352	0	0	0	0	0	0	0	0	0.0353178122517684	0	0	0	0	0.129866474783015	0	0	0.025686208759931	0.0566807824163752	0.0785995116387193	0.0974828712799789	0.0416555695642956	0	0	0	0	0.103010242945175	0	0	0.0164169746656012	0	0	0	0.069593197955297	0.00315949549078536	0.0993566324454007	0	0	0	0	0	0.0404746443989793	0	0.084099819658971	0.106224208977517	0.118491386183582	0	0	0.0660279399306998	0.065423432390228	0.216235964476085	0	0.0863698831224944	0.116858302998284	0.00741284015289016	0	0	0.133722464523646	0.253624815077532	0.258173386134208	0.0709176963300895	0.0126066673097914	0.0741535387628709	0	0.110850705293788	0.378616067032677	0	0	0	0.104827595778054	0	0	0	0.178492626551114	0.257548409902256	0.147665647002465	0	0	0	0	0.0638638300891785	0.0602797632372218	0.16760585140575	0.274091767649129	0.0884197016429613	0	0	0	0	0	0	0	0	0	0	0	0	0
0.0621178668543642	0.169334420762928	0.201172816411639	0	0.0186349163320326	0	0.188215542872334	0.175413328822718	0	0	0	0.245767022590843	0	0	0	0	0	0	0	0	0	0	0	0	0	0	0.0472913299720298	0	0	0	0.141887308019736	0	0.0157747350552197	0	0.0642670997669155	0	0.352073900949482	0	0	0	0	0	0	0	0	0	0	0.087043098700301	1	0	0.101944669309199	0.0132100004539388	0	0	0	0.0297081221979249	0	0	0.0561145245261145	0	0	0	0	0.0192417389692888	0	0	0	0	0	0	0	0.0434686151474141	0.0199467790375971	0.21546014848236	0.270908645856896	0.210939805284715	0	0.230917120012532	0.0610153154357843	0.232864554042477	0.0368342515982249	0	0.0514012040853865	0	0	0.0354368766394066	0.0539885124701512	0.149866007698056	0	0.0210875526506465	0	0.161261777421687	0.260355202579714	0	0.0956230950829227	0.0892318714667593	0.241226762237932	0	0	0.0498656662483119	0	0	0	0	0	0.0897421776127493	0.00554548351940139	0.31023010454027	0	0	0.177708052372879	0	0	0.195289279059675	0	0	0	0.0262193659983548	0.0481349310284831	0.00875785690743389	0.051394350459199	0.168496226622908	0	0.187530520988607	0.0667529757891143	0.157438291442859	0.00158049471441713	0	0	0.0701171424376238	0	0.120860180719575	0.228676095275296	0	0.216497195977506	0	0.152732384212048	0	0.171538544584392	0	0	0	0	0	0	0	0	0	0	0.104550584390973	0	0	0	0.0527546572462624	0	0.328746741054385	0	0	0.374389480717682	0.050260493596243	0	0	0.293213751768358	0	0.0176915111354835	0.0411376408014235	0	0	0	0	0	0.20040002055067	0.135655739035793	0.0511302500842758	0	0	0	0.00110816613280138	0	0.185053701616465	0.22021570956435	0.369352790277623	0	0	0.185900832795773	0.187035897527611	0	0	0.0923270240289977	0.105248304689438	0	0	0.0426174233051893	0	0	0.0156116479147399	0	0	0.16540390255342	0	0.120779884326135	0.201446605519008	0.170054402624548	0	0.165674147181977	0.236718482306349	0.105903291358414	0	0	0	0.203943442339734	0	0.113594563385882	0.203542450133888	0.284129414781203	0.202740661380218	0.126745105381945	0	0.304994720097197	0	0	0	0.183169039646587	0	0	0	0	0	0	0	0	0	0	0.180018991960409	0.0450405848068487	0	0	0	0	0	0	0	0.160015079827032	0.0809303274883053	0.00214295802517122	0.0343119357371392	0	0	0.0605725220988306	0	0.102649103059784	0	0	0	0.0594465107712468	0.362274220419184	0	0	0	0	0	0.340826323855706	0	0
0	0.248411798149886	0.0509652893984262	0	0	0	0.281739094413825	0.2376608232275	0.0785282195624035	0	0.0865701703092933	0.1502283320122	0	0	0	0.0805135737595251	0	0	0	0.0696106122454142	0	0.249614551844617	0	0	0	0	0.106940007490772	0	0	0	0	0	0	0	0.113862866499687	0	0.145853503042043	0.250015539278659	0.198207554346931	0	0	0.0324381647497913	0.235979014320413	0	0	0	0	0	0	1	0.166160192741964	0	0	0.227337164734575	0.0824229259372585	0.236029322104025	0	0.420326931967846	0.17617175292422	0.00309547451680408	0	0	0.045669541110777	0.131173680656659	0.0914893462737354	0	0	0	0	0.00886621587062891	0	0	0.114047849301773	0	0.198116229631042	0.135065383219021	0	0.360305555436409	0	0	0	0	0	0	0.153243985913904	0	0	0	0	0	0	0	0	0.166344290844335	0.020627177174891	0.225335759207926	0.200248240535634	0.0830844763727259	0	0	0	0	0.166167681685887	0	0	0	0	0.0557325542755365	0.00381741587195485	0.00764109697712816	0.184785805233723	0	0.24922467107746	0.119336565077696	0.0859528184902602	0	0	0	0	0.017276111486906	0	0.14598971435991	0	0.00090464467435325	0.150569443916674	0.339312026986838	0	0	0	0.277562501014088	0	0	0	0	0	0.0673764959991636	0	0.220238087691119	0	0.127307049183284	0.0320637377773427	0	0.0546835197404866	0.190125044142578	0	0.100249960313247	0	0	0	0.0193722402323307	0.154262215253554	0.0639896223788934	0.0472165462722147	0	0	0.301483635357483	0	0.257911056951094	0.365086502572603	0.222374059613312	0.000609946705303732	0.208488297497688	0	0	0	0	0	0	0	0.0759609314027942	0	0.00658021392039337	0.111788466767426	0.200397115784312	0.0627652539580831	0.134664371258919	0	0.0683217445791562	0.0634319342800006	0.0264203685432994	0.25024826411559	0.115042341223577	0	0	0	0	0	0.136883643864855	0.0518274773059507	0	0.1268307711267	0	0	0.0394960274279711	0	0.129646397495465	0	0.109856916609807	0	0	0.0143702876501597	0.528698897305481	0	0	0.0141801382608707	0.104959017864819	0.0678401068272218	0	0.0561181981252771	0.283719439659317	0.249319731237615	0.102864031191954	0.270930270982457	0.15108969375227	0.359311722940449	0.128266674432836	0.279506489586463	0.221140549782367	0	0.143018903856109	0	0.181744638827161	0	0	0.144060854409447	0	0.172093003862049	0.0967678177691178	0	0	0.104783822171192	0.223495301275922	0.0963374601904445	0.0618909941667213	0.208599372804611	0	0.0605259844964303	0.156029256453816	0	0.00950956313807131	0.407305169836492	0.0629236917802114	0	0	0	0.0817068939180545	0.0100749030297186	0.0524352610955883	0.197644578840588	0	0	0	0	0	0.0645493666335789	0.0373329728088612	0.0333748252823913	0.0140311926680157	0.108009312378567	0	0.237715508654205	0	0.0419340991809664	0.116321975419971
0.0152872738726817	0	0.0480624237230719	0	0	0.12308088892568	0	0	0	0.152095281337306	0	0.315696984298543	0.0257831981663636	0	0	0.01795066123749	0	0	0	0	0	0	0	0	0.032853167260996	0.236527595289117	0	0	0	0	0.126410279831594	0.0730034962887722	0	0	0.0299025074984919	0.00184229622316621	0	0.00945679423532989	0	0	0.0874954410878039	0.164195788328936	0.16852655782052	0	0.0171726300084451	0	0.0517117589607133	0	0.101944669309199	0.166160192741964	1	0.265249312528776	0	0	0	0	0	0	0	0	0	0.0133813465711419	0.0964972550202065	0.0838029723888349	0	0	0.0523238551119909	0	0	0.389295181833826	0.0270210535062427	0	0	0.10039506503804	0.238523316128789	0.18094288434527	0	0.0137405449628597	0	0	0	0.105975184473287	0.165721024723397	0.148850552629749	0.179840414331642	0.136945905080013	0.142164483172628	0	0	0.299128759288791	0.660691031419805	0.171340335545114	0.0741320178485219	0	0.040192938484025	0	0.0793222633086113	0	0	0	0.0571077991505839	0	0	0	0	0	0	0	0	0	0	0.0166959547012716	0	0.0344450560388105	0.0550337026614167	0.0116209916405475	0	0	0	0.122306535385847	0	0	0.0631111918511668	0	0.0403969504192802	0	0.132263710628628	0.215819413137988	0.163608443303382	0	0.190553728461882	0	0.0610864280787733	0	0.118882503930191	0	0.092411092825587	0	0.118026518783851	0.000980363290989161	0	0.0795190421337661	0	0.0323818211140302	0	0	0.272330016407043	0.145842913632169	0.00156182782241957	0	0	0	0	0	0.22789999637837	0	0.00865873002911513	0	0.0574199526922517	0	0	0.173893134508798	0	0	0.0677143985906279	0.01408388278819	0.159789573510222	0.0299513572380961	0.332221416557812	0.0108658091947482	0	0.178170070403131	0.246232040496327	0.0185572323579397	0.061372581607811	0.0951686048267405	0	0	0	0.107004607355094	0.0894170608792893	0.120187375897612	0.0180134545362199	0.121763675232152	0.112475580310877	0.191687894073523	0.325921238788049	0.352579610576141	0.0429017978760366	0	0.0220210443161033	0.0419746645638867	0	0.0955601976984759	0.113596821633799	0	0	0.106737831881804	0.0169681176544071	0.088700714054649	0.178466184949805	0	0.010241173967685	0.0175873561339957	0	0	0.195010918852043	0.0858093296413707	0	0.0243334469886924	0	0	0	0.224432780294313	0.0323739729404619	0	0.0139772101192262	0.106525324405356	0	0.0122178207116181	0	0	0	0	0	0.433240112612523	0.0842232022976588	0.134322912526593	0.00853352261163986	0	0.0845464145287224	0.15309162261609	0	0	0	0	0	0	0	0.20565171077697	0	0	0	0	0.231598378971635	0	0	0	0	0.176586808158712	0	0.0191539034613862	0.0071093363209164	0.0649962138463421	0.124288356129745	0.0833055577239177	0	0.031251224579648	0	0.33581516389169	0.076022343397508	0.00686475194617134	0	0
0	0	0	0.186277020995742	0.0301217369293031	0	0	0.12273383457773	0.241591047893042	0.0145988425508284	0	0	0	0.15730443840651	0	0	0.0345947013204584	0	0.0262618977798978	0	0.129847207583886	0.13245795115241	0	0.293665789001112	0	0	0.0705596044318913	0.0445726288652659	0.0720130941387692	0.125303115195536	0	0	0.0661838501347158	0.0524428082090386	0	0	0.173169048286041	0.0118392478693379	0	0.0125828335175808	0.0675893047544081	0	0	0.0884849846285709	0.0796722079178578	0	0	0	0.0132100004539388	0	0.265249312528776	1	0	0	0	0	0	0.110912994136762	0	0	0	0	0	0.20721113747218	0	0	0.0219698574112813	0	0	0	0	0	0.206874307976786	0.061564622227752	0.0225203807807144	0	0	0.121837969217607	0.230281198311636	0	0	0	0.0324160015472425	0.123800661064958	0.104034864701203	0	0	0.156065743909273	0.130306955340228	0	0	0	0.222243356721709	0.29507376884848	0	0	0.183093813672945	0.339248867262977	0.317046656068694	0.113573207297974	0.0517283073606644	0	0.185217647113539	0	0	0.027751136684615	0.0143873895078332	0	0.26797713215271	0.0758642186178087	0.108905288093534	0	0.193613706885196	0.214668836677998	0.107849118404126	0	0.157138189653541	0	0.0742275457553602	0	0.0997144876050008	0	0	0.257285477858075	0	0.121491782486271	0	0.00333899729170371	0	0	0	0.31880006240349	0	0	0	0.0434819993813784	0	0.207237272807884	0.0664459729134942	0	0	0	0.0593859121091878	0.119224588465295	0.309781529072843	0.191537114098991	0	0	0	0.0699951742270704	0.154545524172744	0.204958502976676	0.174994372789403	0	0	0.0890638409469122	0	0.130776004498177	0	0.111133721583613	0.0928433030872927	0.228096133253952	0.0199406504287961	0.198809926116397	0	0	0.00976713806828279	0	0	0.0584262751631248	0.088828241251153	0.017453709980862	0	0.141993303309828	0.0223979777099916	0.210877931478472	0	0.0535075296893603	0	0	0.115812688062621	0	0	0	0	0	0.105376647639191	0	0	0	0	0	0	0	0	0.102274673802402	0	0.108573077573593	0	0.0205371524108134	0	0.121109958170475	0	0	0	0	0	0	0	0.216487181819072	0	0	0	0	0	0	0	0.021453061331449	0	0.0902837762808268	0	0	0	0	0.0683231168066129	0	0	0	0	0	0.0244037117387404	0	0	0	0	0	0.0554609168905666	0.207108152510604	0.0056916169956529	0	0.0253366306071423	0.0336534313792725	0.0203536283944098	0	0	0.142403820031164	0	0.00863524821424606	0.00786116645640609	0	0	0.17174389627369	0	0	0.0355137309215439	0	0.00530213950472791	0.0308603718448855	0	0	0.0365130544735701	0	0	0.0791492009032437
0.0957630336141747	0.100550478056363	0	0.0493083202714801	0	0	0	0.183441158210779	0.229636516009997	0	0.150050240742755	0	0.00987861215518104	0	0	0	0	0	0.116369762745583	0	0.0904872307402446	0.0592895155799501	0	0	0	0.0675496081629339	0.0567373971022145	0	0	0	0	0	0	0	0	0	0	0.153462304572338	0	0	0.0971602893193968	0	0	0	0	0	0	0	0	0	0	0	1	0.0254395553157463	0	0	0	0.067340679404534	0.102144245228804	0.0432461844953776	0	0	0	0	0	0	0	0	0.0766635315494002	0.0239857876498304	0	0	0.141596537536635	0.170140166371893	0.204363110578531	0.389518261189752	0	0	0.15379479238987	0.160995804078845	0.247882287713752	0.0423360926650575	0.031474552358108	0.243205486652998	0.0155262705667851	0.184575815876499	0.162925505027257	0.102142499241926	0.0338349693837866	0	0.027923239908162	0.0889302926599291	0.126255841088228	0.259598334836733	0.159900698024288	0	0.407915600829543	0.360985201313751	0.279064569345342	0.14841767135685	0	0	0.182978869415053	0.128292167063308	0	0.255259667201258	0.0419506021240482	0.153468538093645	0.350506671412358	0	0.256300347190587	0	0.204981695637292	0.322719000918816	0.116357869093563	0.0579763531596443	0	0	0.19161922394324	0	0.201643561712256	0	0.0702701564494221	0.054380262948015	0.223463614377123	0	0	0	0	0.174269380024469	0	0.00501434632360951	0	0	0	0	0.23507969307734	0	0.0651073649458552	0	0	0.119804952741693	0	0.163690867987576	0.0415584804397627	0.0607710564944632	0	0	0	0.0318873754869172	0.0553055748903403	0.184365475923335	0.0604987622175231	0.0667045336999362	0	0.0196422998770206	0	0	0.233698440464561	0.226356978848801	0.126637104439651	0.232884089766956	0.0689312605810673	0.143670018663711	0	0	0	0	0	0	0	0.0671675799024646	0.0286443122390464	0.297622670703906	0	0	0	0	0.0514487779046477	0	0.318039808956243	0	0	0	0	0	0.0896384997095888	0	0	0	0	0	0.118015574969644	0	0	0.197129312017681	0	0.0304713786820397	0	0	0	0.17081114480871	0	0	0	0.0607696262599058	0.101122942184961	0	0	0.0862469059983849	0	0	0	0	0	0	0	0.0163602094638013	0.139902222011688	0.139627079064595	0.0749745102727889	0	0.168726745875218	0.00556025894221877	0.00743342593937518	0	0.0766501800031975	0	0	0	0.0303031153661936	0	0.0717582495538868	0	0.0194276500730025	0	0.00457272904935086	0.0662135004562448	0.195620125573485	0.00803326663599277	0.20484752440129	0	0	0.0692399546451863	0	0.0700210225127283	0.191544226572423	0.0483797351910654	0.194846609307789	0.180339393475618	0	0.0216106827074225	0	0	0.153975848331555	0	0	0	4.52157761574425e-05	0	0.113418994751958	0	0	0
0.0100135568034764	0.0789274397331543	0	0	0	0.109360535761454	0.0422218666526448	0.0558565809442712	0.013873794187448	0.0592658279570689	0	0	0	0	0	0	0	0	0.0500828618496145	0	0.226408974896872	0	0.275801421420724	0	0.180535349469702	0	0.213260768407541	0.184563999684287	0	0	0.0719450606719621	0	0.139861200014075	0	0.00945404969330595	0.265620019267508	0	0	0	0	0.0472371611553667	0	0	0	0.0425488141578813	0.207783405213041	0	0.193530140855072	0	0.227337164734575	0	0	0.0254395553157463	1	0	0	0.0881699806746272	0	0	0	0.312215755680354	0	0.0426470876774448	0	0	0	0.0210155326852144	0	0.00145836221638455	0	0	0	0.0586199898839374	0	0.243031024548481	0.0818535210618116	0.0260598932143319	0	0.104317326540735	0	0.0428506253552665	0.0247431494962765	0.0986549449200703	0.156530472214784	0	0.349568500038974	0	0.0252410869142166	0	0.313055671940072	0	0	0.0758252589977333	0	0.234802457264308	0	0.0376409199061013	0.0065091312869124	0.194168125769175	0.231373984122838	0	0.13032281608837	0	0.216405109919966	0.180340752969593	0.224948895001364	0.0343694044650162	0.0282054744497618	0	0	0.0249441925972209	0	0	0.0698894125313353	0	0	0.0871579991497569	0.208169752291375	0.0447536830307424	0.0516398972385861	0.201427147517776	0	0.188015009815315	0.0132574513588012	0.0461821975696393	0	0.0947673858869609	0.0585734368545881	0.1131041124013	0	0.168832261074849	0.166833252922771	0.134068391681372	0	0.288938237704279	0	0.187975121065959	0	0.227739775397189	0	0.0181512690808	0.0684160570812845	0.111836004214854	0	0	0	0.0174546941090715	0.019874844056873	0	0.249402632001963	0	0	0	0	0	0	0	0	0	0	0	0.117074550227332	0	0	0.136194578626715	0	0	0	0	0	0	0.168801569047673	0.11195405052096	0	0	0	0	0.0437098195322522	0	0	0	0	0	0.0747748952834347	0.00818186715971809	0	0	0.0102584157229058	0.0351178738075101	0	0	0	0	0	0	0	0.0293393689606553	0	0	0	0.150377221178396	0	0.10829143964076	0	0	0	0	0	0	0	0	0	0	0.173999173737948	0	0.0552023340430917	0	0	0.0989677060773623	0	0.281058995115003	0	0	0	0	0	0	0	0	0	0	0	0	0	0	0	0	0.0634724283492074	0	0	0	0.162728422345855	0.0809902392983708	0.00754728360225268	0	0	0	0	0.0801691267121861	0.0702346650806748	0.303380902251119	0.108790613818471	0	0	0.0651074244428494	0.151050090293443	0	0.0580862140957684	0.0767153005398692	0	0	0	0.0375931973564729	0
0.0219216130072676	0	0.0153327131031614	0	0.0145906932681692	0	0.027669114157241	0.0904885024128961	0	0	0	0.0751370844391406	0.0523731574047414	0	0	0	0	0	0	0	0.169641654122687	0.0419098233906708	0.0102147100127881	0	0	0.0258119674182647	0	0.0667342826429151	0	0.0105717104865167	0	0.105739192843521	0.153019783308341	0	0	0.118176320850663	0.0137883656986511	0.0130897838377337	0	0	0	0	0	0	0	0	0	0.196824111775063	0	0.0824229259372585	0	0	0	0	1	0.0279408720914608	0	0	0.0631841174245221	0	0	0	0	0.00520970079356106	0	0	0	0	0	0	0	0.00233410282806696	0	0	0.180531521423414	0.186522907492091	0	0.095084973732098	0	0.0630312873777365	0	0	0.121895008917041	0.330512238366116	0	0.075010414766943	0.156372948767619	0	0	0	0	0	0.100511297679449	0.00738084338567813	0.0963703979618831	0	0.20123115675422	0.198047449013675	0.283686212390173	0.032493859600237	0.167705695151749	0	0	0	0	0	0	0.0966259417132595	0.115188206105466	0.0266766815738403	0	0	0	0.0557916318414347	0	0	0	0.052241215630589	0	0.113590777620391	0.0966414466092765	0	0.140853176129898	0.062754925865369	0	0.251953154840315	0	0	0	0	0	0	0.137291690980713	0.105493065504846	0	0.0875723224081075	0.211224263513065	0	0.177226777204008	0	0	0.0434353421132079	0	0.152400750558441	0	0	0.00562457664834941	0	0	0.190188504800479	0	0	0	0	0.129591243831838	0	0.131831355531573	0	0.0095050546176851	0	0	0.0951897645191626	0.0643690665459694	0	0	0.0107389455448264	0.0786653996178904	0	0.157499768004999	0	0	0.223063543807717	0	0.0148170309813923	0	0	0	0	0.0320505001193581	0	0.249791822190451	0.00704696812654398	0.120869962096196	0	0	0	0	0	0.152753218478332	0.115490860316493	0	0.0350660035337056	0	0.00937527595256479	0	0.0257579184666341	0	0	0	0	0.0814718481958138	0.00481471831225931	0	0	0.0401252566571504	0.09308230001596	0.140325352519285	0	0	0	0	0	0.0380269102531952	0.0260186942749487	0.186116827404193	0	0	0	0	0.044954640879525	0.0608869904239652	0	0.2477626622642	0	0	0	0	0.0237625463975586	0	0	0	0	0	0.10361652038276	0.083527038420086	0	0	0.108247027774768	0	0	0	0	0.109751594618053	0	0	0.134339703917863	0	0	0.0854869688597785	0.141542576900867	0	0	0	0	0.177532757712298	0	0	0.0958103949974579	0	0.201854882169222	0	0.00206013738961597	0.0806691458388584	0
0.172341093255948	0.121075961523445	0	0.147898132473866	0.0485177815094284	0.141591232404845	0	0	0.148737107650497	0	0	0	0.0575769974002593	0	0.071859879294255	0	0	0	0.0335738955837343	0.0386046824389479	0.00542485375542475	0	0.370141087712982	0.138781883854542	0	0.0632265289036302	0.242795541713784	0.303971878957866	0	0	0.112728257614042	0.0248309178697243	0	0.252981197077888	0.0532508280571171	0.0773195851627644	0	0	0	0	0.253031627689853	0	0.00368323404884437	0	0	0	0.132700546791964	0	0.0297081221979249	0.236029322104025	0	0	0	0	0.0279408720914608	1	0	0.0229467938346368	0	0	0	0	0	0.0143671574918693	0	0	0.0633422732607496	0	0	0.159468381500107	0	0.107398828109927	0	0.124154973307495	0.0944107429203759	0.336563069805626	0	0	0.278697207866742	0	0.0956538168422177	0.418284717002907	0.112170754071533	0.209401153430066	0.150588524940576	0.10228042079507	0.253113995633144	0.0466487713963255	0.00762961192202701	0.287815766938691	0.244674502288386	0	0.0718766029276883	0.00333227420150996	0.069238155695207	0	0.165457970302735	0.182623131862733	0.126034835057619	0.166261534012124	0.000275318933748472	0.0648731012265767	0	0.242234189118053	0.185831856752444	0.276132398642041	0	0	0.0802096099721622	0	0	0.181509018645576	0	0.0874857626852655	0.104247425945363	0.304344133564427	0.226531230517897	0	0	0.0515141441621108	0.192833957632325	0	0	0	0	0	0.206411074698229	0.172589200690543	0.254460698385126	0	0.170380051034133	0.0785875720482317	0	0.0759857796438696	0.22719406889108	0	0.17000328851649	0.149031495582417	0.394995490632476	0.0474908711666756	0.0335855961710048	0.261139202905244	0.0173886055243455	0.105461329025531	0.0422358360878208	0	0.130361819493369	0.138420225971701	0	0.137939949772166	0.0538431077444891	0	0	0	0.0283896702529362	0	0	0	0	0.19315089018923	0	0	0	0.0570856242196956	0	0	0.0184427995498787	0	0.0884274930405297	0	0	0	0	0	0	0.0424020596081316	0	0.0321739066217343	0	0.204525487620598	0	0.0553639233282207	0.137738676716304	0.189139040394204	0.142934691354749	0.125304270000549	0.511151101617711	0.0175053550058202	0	0.0258468962665168	0	0	0.1700042136085	0	0	0	0	0.296079083415775	0	0	0	0	0.00642153816264273	0	0	0	0	0.0892699962898966	0	0	0	0.0110797182369158	0	0.014068754547651	0	0	0	0	0.190068463102684	0	0.106874330641252	0	0.00115505100610904	0.0683470865481511	0	0.214759168145285	0	0	0	0	0	0	0	0	0	0.207055050774745	0	0	0.123164342147169	0	0	0.145539228526616	0.174093425787171	0.130909413757508	0.0918380788851841	0	0	0	0	0.189673201862459	0.322791548514796	0.0142399670579281	0	0.0848529682894701	0.176968269873441	0.157930270636519	0	0	0	0	0	0	0	0
0.177788255708866	0	0	0.0441141730661595	0.112385011365571	0.119699164064281	0	0.059444825129806	0	0.0406058388015218	0	0.098057585608726	0.0476247982351911	0.0174782755531815	0	0	0	0	0	0	0.120972722354162	0.0559430449632472	0.0573423283591255	0.0414259555868206	0	0	0.0538780199491456	0.0748185970152458	0	0	0	0.097071545027646	0.0198234752899437	0.0668759411822895	0	0.123712526941756	0.0646037023127649	0	0	0	0	0.0140889685914223	0	0	0	0	0	0.055914894975381	0	0	0	0	0	0.0881699806746272	0	0	1	0	0	0	0	0	0	0.066436976878384	0	0	0.156741477330013	0	0	0.0183541154062689	0	0.160332980166882	0	0.338008386080917	0	0.314723397254221	0	0	0.133560570170455	0.118916222935282	0	0.17124043205014	0	0.111949894904226	0.26664867356193	0.155805909213242	0.230802269161072	0	0	0.168393960606546	0.273663501222076	0.0246775261362265	0.140899521731824	0.162757784557191	0.0874324787998412	0	0.0241455981842172	0.0572813582942672	0.0786735603785196	0	0.0950733152906432	0	0	0.156165854215308	0.0718898218862355	0.0452950396210057	0.133453512691548	0.0398473912410558	0.175009362940369	0	0	0.0960218017037939	0	0.0244556567876346	0.0962167174633415	0.000654473243973347	0	0	0	0	0.00219011189677535	0	0	0	0.00457643028375174	0.0657272878746002	0	0.0959245287472496	0.10825228510843	0.00180814506918865	0.118963140817459	0	0	0	0	0	0.142926196450214	0	0.280219287065725	0	0	0.11509339957889	0	0.255891723236664	0	0.0400187373015552	0.185437874786587	0	0.0867970323617186	0.0359773521554949	0	0	0.0192450074080137	0.198232927535895	0.192636819542559	0	0.103364021494263	0	0.025883437474382	0.204983599097617	0.00646424339267844	0.0833957533595927	0.0177210355655891	0.0943391655081593	0	0	0.0638403050723287	0.137389746424824	0.288613669707582	0.00207549035143458	0.148788361587765	0.188914251283208	0	0.151813415432446	0	0	0	0	0.0306932693573634	0.193052705642561	0	0.11436033504907	0.0621888936837278	0	0	0.0280059683105998	0.179103417488728	0	0.0126177862190139	0.0520905480231514	0	0	0.00948219505687194	0.108016092694189	0	0.0328388535168861	0.0457620343055133	0.0375308438170527	0	0.0429271742552837	0	0	0	0	0.0580490744701995	0.014575842037911	0.0616926407199994	0	0.104424506033563	0	0	0.0688337021758797	0	0.0815161311567791	0	0	0	0	0.0787772698723089	0	0.193461896837109	0	0	0.0789888415069866	0.0553634676507019	0.211915214311419	0	0.102527298366507	0	0	0.0353736197585421	0	0	0	0	0.080105432092785	0	0	0	0.28662066493914	0.013282814072427	0	0.0458511167510558	0	0	0	0	0	0	0	0.0187401670054893	0.113179664254298	0	0	0.346606001666236	0	0	0.187632311781946	0	0.0444399809682652	0	0.0783999699374096	0.00278568627229904	0
0.260066937453727	0.136160366233031	0.286153082014992	0.102477060547497	0.086968514126434	0.0528332083408266	0.0592635556500745	0	0	0.163395424515628	0	0.0518802179980754	0.324549326074349	0	0	0	0	0.0880705680132191	0	0	0.235860080639623	0	0.0973525902340033	0	0.0923049342676021	0.00170841632723956	0	0.177852465417878	0	0.220313851801594	0.126666810239557	0.400897592933286	0.097009078817552	0.110549825480924	0	0.267984590744958	0.0818987148385516	0	0	0	0	0	0	0	0	0.267849299752692	0	0.299312717877841	0	0.420326931967846	0	0.110912994136762	0.067340679404534	0	0	0.0229467938346368	0	1	0.0138490458740004	0	0	0.0907192924746579	0.167627299779145	0.0566321295347019	0	0.038183960859319	0	0	0	0	0	0.000843639447693257	0	0.162269568279301	0	0	0	0	0	0.35261476999646	0	0.106141395226844	0.123554377033818	0.193953995067343	0	0.104106191717759	0.232846677039257	0.287192192436554	0	0.114076049113017	0	0.24795301723496	0	0	0.240037331567541	0	0	0.0632374011875203	0.210439388551429	0.100683008667659	0.1634565713879	0	0	0.211955056759988	0	0	0	0.139330103169893	0	0	0	0	0	0	0	0.0654240859527793	0	0.378501134713023	0	0	0.0234947149235269	0	0.086305263550504	0.127073144973259	0	0.0481334717430141	0.204793166322203	0.13884901358397	0	0	0.0857446015151703	0.318190666483525	0.347152003494169	0.122112698435089	0.00158711999937637	0	0.0928885376545676	0	0.154361701467414	0.155197782182831	0.089664992843856	0.164020467711474	0.187478960892341	0	0.172600385774441	0.134265857937238	0.297373778609921	0	0.385431866907602	0.0594583943204292	0	0	0	0.134423723824696	0.328698054121415	0	0.182816393958522	0	0	0.0313117787564724	0.253669146997959	0	0.25207444544042	0	0.0387215061842622	0.261712511174398	0	0.0952808324304855	0	0.191048663411212	0.0586542713883406	0.0986595804361591	0	0	0	0	0.220245592437455	0	0	0.03630303352096	0	0.167394197317333	0.174503152120534	0.217428768637469	0.00997452890303368	0.267406952380395	0	0	0.19666666700048	0.111069940474897	0	0.107851572780387	0.148845095289406	0.183791425127128	0	0.0327911397330495	0.0288948139042704	0	0.276864617244738	0	0.0508150410847748	0	0.168000639075007	0.0876834359706293	0.124246876963835	0	0.157141494462286	0	0	0	0.00398390871721484	0	0	0	0	0	0	0.117656400236229	0.085908007732069	0	0	0.0184421269445372	0.407518406966634	0	0	0	0	0.144316586467635	0.0932874608309453	0	0	0	0.00741286938333109	0.173403830791921	0	0	0	0	0	0	0	0	0.34793074376354	0.384442810995334	0.142894064831963	0	0	0.0710032013445557	0	0.113306732012565	0	0	0.136436860645555	0	0.0785937958957983	0	0	0	0	0.0496596298294981	0	0	0.230208977549483	0
0.0330934193761257	0	0	0.23153757801045	0.294151221691473	0.215650750915693	0	0	0.164279774609075	0.147695280816344	0	0	0	0.143105460465541	0.243280801844189	0	0	0	0.0607584210608366	0	0.0662522970280707	0	0.0636267768105684	0.270154554370394	0.0271777320655589	0	0	0.391773982894989	0.162537997314092	0.0913982056613423	0.275597876497396	0.0419527375279517	0	0.226161476625022	0	0.0666276410991485	0.184034170817544	0	0	0.192073464613123	0.149933007542542	0.0262491155581244	0	0.119300336062974	0.160164313420786	0.0720305380373628	0	0.051400664637386	0.0561145245261145	0.17617175292422	0	0	0.102144245228804	0	0.0631841174245221	0	0	0.0138490458740004	1	0	0	0	0	0.0337840920662427	0	0	0.217835781655742	0	0	0	0	0.224808044777093	0.00659511480646365	0.461055517910032	0	0	0.224193164423454	0	0.470113722674305	0.0948155334949011	0.00536200620914842	0.165298808973065	0	0	0.115568653760627	0.0802499940574717	0.134234689666039	0.162269649104278	0	0.124314005085131	0	0.0154403053597205	0.221234224411677	0.0284436419769577	0	0	0	0	0	0.0559930320625389	0	0.12503337605135	0	0.170777520174989	0.232421137084413	0	0.110175660325335	0	0.210858055498691	0.20150586563488	0.019652323059933	0	0	0.0259954093964021	0.123830589018378	0.116512035291479	0.198719758536919	0.0253697988250712	0.0838342746821427	0	0	0	0	0	0	0	0.132468396503232	0.00434475747606057	0.098656807875087	0	0	0	0	0	0	0	0	0	0.0630938628219116	0	0	0	0	0	0.0119042580868829	0	0.0419316419315617	0	0.0452526992293628	0	0.141826431823088	0.137899165819806	0.108479616789313	0.134981001883478	0.176258759298931	0	0	0	0	0.098493914861298	0	0	0.0501452193180038	0.202353311261222	0	0	0.0303021507899338	0	0.212540128587954	0.0151654531619148	0.257790815430058	0.0784008286747889	0	0.157968508654763	0.0392052888598242	0	0.245249747763799	0.00252485839052844	0	0.11681066031234	0	0.169704485502687	0	0.167785805656639	0.115219247550078	0.0654242487185786	0.170421293524401	0	0	0.0839726197926686	0.0203910369928223	0	0	0	0.0920018462907298	0	0.249995870845195	0.0745757625639453	0	0.136453578198458	0	0	0	0.0722697964007395	0	0	0	0	0.128413740985742	0	0	0.0425395712743542	0	0.0844661776465598	0	0	0	0	0	0	0.233242962541897	0	0	0.173027362916675	0.183271920838641	0.313512069011199	0	0	0	0.0668412295778786	0.099333434649718	0	0	0	0	0.240775162863695	0.170747621649845	0	0	0.187140083077603	0	0.0535001455241963	0.068232903828097	0	0	0	0	0	0	0	0.027501817369328	0.207193017706864	0.085793934290339	0.177086853370877	0.162046726850407	0.0696737641172542	0.0645220688387652	0.0503292114566814	0	0	0	0.114215968997339	0	0
0.142581107948271	0.151855045932821	0.0804096666599158	0	0.0151091884341857	0.166600565729049	0.168557975764158	0.0803043612858911	0	0	0	0.219636427897974	0	0	0	0	0	0	0	0.0453050831991511	0.0943910854985844	0	0	0.144626155105743	0	0.246825729945819	0	0.347340803432115	0	0	0.264552815675286	0.058116043680729	0	0	0	0.366119267095275	0.247569020384435	0	0	0.044507277943637	0.137505982378237	0	0.207386306974411	0	0	0	0.0166726762953363	0.293822465028377	0	0.00309547451680408	0	0	0.0432461844953776	0	0	0	0	0	0	1	0	0	0.0292637479890507	0.300365966615139	0	0.194543301161064	0	0	0	0.128347866132134	0	0.189492212686424	0	0.0869304854252893	0.316441884824991	0.135056888893812	0	0.0455682453325016	0.0360240009878584	0.221427722193046	0.0760489642438706	0.110042025917105	0.207042677348581	0.397786977847673	0	0.207020176904715	0.289217371745765	0.0517318448673076	0	0.18181505559648	0	0.114591525880646	0.075195712644243	0.0778984613054926	0	0	0.0978710610777993	0	0.0593674626691158	0.187748391258072	0.155885639908341	0	0	0.082522944314673	0.00576154008488987	0.00919686147357503	0.0592051504703684	0.123336095911943	0	0	0	0.0612483625796744	0	0.138362473159446	0	0.256088922919665	0	0.234722670934934	0	0.0399314850575377	0.0935399142566735	0	0	0.295241357556515	0.101966176044916	0.250387084262466	0.255687003507357	0.215564912300069	0	0	0.0131083247516023	0.0114491419820267	0.359990171808727	0	0	0	0.152663745727411	0	0.295004669594584	0	0	0.172186203859934	0	0	0	0	0	0	0	0.0298365958323598	0	0	0	0	0.0324238640158531	0	0	0	0	0.0728847758161601	0	0	0.00321361989722062	0	0.144607237582711	0.0806922577326021	0	0	0	0	0	0.201229283796203	0.00286684732444221	0	0	0	0.124235992047176	0	0	0.377092627530464	0.102578055768881	0.399143033047078	0.0066723765946716	0.198839275488827	0.26717353383041	0.406131574852335	0.14835155163519	0.043795243777698	0.096749971429348	0.222848429469461	0	0.0869166488031404	0.165139995155349	0.156096932069387	0	0.0365318008679421	0	0.352717778669104	0.131979954508572	0.186064096911365	0	0	0.26555794976722	0.0455896831243449	0.0268621378034103	0.129584929233233	0.039094336003157	0.0910764745637511	0	0	0	0	0.030604859448491	0.195327375640768	0.171153201181736	0.0132976434946059	0	0	0.143455773094809	0	0	0	0.0869780953237069	0	0	0.0183820608650246	0	0.0631060513267469	0.0134841844386547	0	0	0	0	0	0	0	0	0	0	0	0	0	0.244904208225014	0	0.135123953186374	0	0	0	0	0.0131335749145034	0	0	0.128343365617977	0	0.319042625297114	0.163498075970352	0	0	0	0.00655271663725519	0.119838077120159	0	0	0
0.25860361841157	0.212885627342292	0.35352571757685	0	0.221912725845961	0.00559618610807372	0.020400620251568	0.0986606116292004	0	0	0	0.215065018715699	0.184791985944171	0	0	0	0	0.0490535815578334	0	0.126337814266625	0.0576945535817353	0	0	0.00273051260608474	0	0.266376568438696	0.0140968970654274	0	0.0497828202874273	0	0.04764630701315	0.141549371713622	0.020477417258728	0	0	0.000314820728714528	0.254764945147154	0.116993174720458	0.0224824994276394	0	0.0131443614066284	0.212814783276873	0.0303375566807713	0	0	0	0.0215070617274808	0.114005241151727	0	0	0	0	0	0.312215755680354	0	0	0	0	0	0	1	0	0.0724648785836177	0.285210311526718	0.0113908579085561	0.129687371959374	0	0.113395745425805	0	0.136288241664441	0	0	0	0.0240461573804086	0.000873766282779059	0.0993964586008676	0	0.321931018506103	0	0.105186087607428	0.0685325670437118	0	0.0241768606512688	0.144811387407699	0.0527828808692128	0	0.278350107932722	0.0493670101672799	0.0579397225810887	0	0.0410408169989235	0.0944537436520608	0	0.138128472779474	0	0	0.00546278566516108	0	0	0.20135054329554	0.0867374608203306	0	0	0	0	0	0	0.0078553736549502	0	0	0	0.212967647219019	0	0	0	0	0	0.0609947245831236	0	0.0377887890762052	0	0.0970630507082737	0	0.00444520822964553	0.105731700454742	0.190451877178631	0.0949815010689305	0	0	0.0998578064346655	0	0	0.188094372406932	0.00078601521029751	0.0751827004222469	0	0.215364136962661	0.0363957094954401	0	0.208184909752013	0	0.227670315501787	0.108322328653354	0.040671366168854	0.0276589814916004	0.203148613449682	0.0306782166434009	0.330917212690549	0	0	0	0	0	0	0	0.145706216295464	0.0214610777221714	0	0.210978389441486	0.227719574558606	0.240057871436651	0.0237687163241652	0.0856617796124775	0.00583686027967247	0.216630869034902	0	0.108964525668062	0.141888348039712	0	0.150612714086276	0	0	0	0.204455275272257	0.0951547717855917	0.0623788165232719	0	0.209659601369235	0.109237797517182	0.399931698537467	0.0317393819406924	0.222931912048086	0.0756362244916935	0.101869301543989	0.117088661664839	0.211865488081145	0.219180131470864	0.250652765968743	0.0845272408253701	0	0.0887869809394686	0	0.0114027200762776	0.0631622705882089	0.0304559189743705	0.15663040864819	0	0.399213050666973	0.0950753483244146	0.0258634146304395	0.167102042463035	0	0.0833108104226217	0.0982898224841679	0	0.0660773147567452	0.00254688980050932	0.260823449659175	0.172612435981659	0	0.0630755348171298	0.249829980401743	0.284680392377751	0.0832427634530102	0.10828146023839	0.129444654191879	0	0.141168524797337	0	0	0	0	0.250658297283039	0	0	0.0491895133132564	0.149993363716422	0.143058723899538	0	0	0	0	0	0	0	0	0	0	0	0	0	0.0161926419517846	0.0657086047240227	0	0.372308569267119	0.0115553036552146	0.138544281551295	0.194702142397525	0	0.0606400003810089	0	0	0.0778319656578492	0	0.2808147991445	0.254466748646848	0.091197187000486	0	0	0.00066872532805105	0.111302544093088	0	0.0595534359286118	0.02411717146001
0.121713375651638	0.0644996951333331	0	0	0	0	0	0.354137624479377	0.162872994069266	0.0502676385491956	0.0790954969187113	0	0.122432563188381	0.00463425171176538	0	0	0	0.0816928575387193	0	0	0.172014307780599	0.250839547770903	0	0.254533222411673	0	0	0.10928342541603	0	0	0.0838301000326757	0	0	0	0.0170207193319248	0.129735944544122	0	0.0962500760206426	0.118595920157125	0.0909668611552966	0	0	0	0	0.185655990390611	0.0270536995649424	0	0.0251539487271663	0.0257075902663643	0	0	0.0133813465711419	0	0	0	0	0	0	0.0907192924746579	0	0	0	1	0	0.252531265381108	0	0	0.101817643945044	0	0.0297032786952773	0	0	0	0.167349291907512	0.154789120017315	0	0.15231841249282	0	0	0.252249146820908	0.082695002864421	0.285357655172394	0.152032870553178	0.0176552049898981	0.21048507874268	0	0.152200019726059	0.178709789321265	0.130716521652143	0.113625059607838	0.0515915319238965	0	0	0.204010413775534	0.399557521929352	0.0358498836140846	0	0.248770993545919	0.300961530560349	0.271525272895622	0.197093504155967	0.032172434695083	0.022419819681734	0.229642677643318	0.184766668510545	0.160972933371984	0.121158408657371	0.251903499091318	0.0396637841312213	0.34249606753639	0.147850413209669	0.185148059639117	0	0.268556818818099	0.236650134592014	0.253223045758688	0	0.0604430232653134	0	0.00559239923841977	0.144142999202736	0.191765850344985	0	0.120959759570213	0.20994846882612	0.188002010186021	0.186099006000738	0	0	0.167860772765021	0	0.0332493136076166	0.264138611650143	0	0.0524907184494659	0	0.0503096164280816	0.108733827313482	0.187121034184656	0.168635286372241	0.042507191223251	0.14578232564924	0	0.178373559554057	0.342528911509829	0.17543840782756	0.230366282859103	0	0.0784548553550914	0	0.137611157156502	0.0541293007185844	0.199665808232563	0.311245844530909	0.11015635163442	0	0	0	0.092220640909185	0	0.013245662917489	0.100706699919356	0.326756733646076	0	0.283867919796438	0	0	0.181882179995176	0.0189507313392684	0.0932760086069422	0.0907844735180284	0.0487931693035613	0.173576791110118	0.0157216465440646	0.283882778377417	0	0.147776941441828	0	0	0.00349281474713442	0	0.404797128810926	0	0.222614624763852	0	0	0	0.141654171675268	0	0	0.0384678920797834	0	0	0	0.0626814573357574	0	0	0.147214128463548	0.221108031702161	0	0.0608060911198534	0	0.191608920904179	0	0	0	0.170667973581526	0	0	0	0.201959208389773	0	0	0.0880351270504264	0.0896277371151709	0	0	0	0.153031863101552	0	0.114797229590941	0.120819967123947	0	0.138735339334273	0	0	0	0	0	0	0	0.120341217379759	0	0.129961283129357	0	0	0	0.0862658848464966	0.210717421513134	0.0871522777292013	0	0.205291585979859	0.0989796937648437	0	0	0	0.013367434078229	0.209353387464538	0	0.0952147176589981	0	0.114970991062556	0.148777002677142	0	0	0.148751599174834	0	0	0.237740718502328	0.149409899965238	0.0247222418849577	0.214093254002091	0	0	0.0749675127838468
0	0	0.0123773195082236	0.0847642499243194	0	0	0	0.113177736514714	0.198073459688574	0	0.0510912497733501	0.0122887866022225	0.11816884609991	0.0429672968477974	0.157405947505483	0	0	0	0.0638627930051404	0	0	0.0959963593372864	0	0.156418887385221	0	0	0.0044822463622667	0.0649333480219012	0.0537914780055955	0.177954026199385	0	0	0	0.0155164924750059	0	0	0.105107166460652	0	0	0	0.158674930267794	0	0	0	0.119942623068556	0	0	0	0	0.045669541110777	0.0964972550202065	0	0	0.0426470876774448	0	0	0	0.167627299779145	0	0.0292637479890507	0.0724648785836177	0	1	0.0553175372518205	0	0	0	0	0.0791498505255203	0	0	0	0.0786380755983524	0.134587298211234	0	0.00602184740139273	0	0	0.312596429434057	0.00508045915331432	0.103121059893209	0.111335832513461	0	0.0902896375247503	0	0	0.09301233810513	0	0.0152284777926083	0	0	0	0.109587810533576	0.169152889978036	0	0.0352308216848724	0.177204685807791	0.168500352749849	0	0.0502584453873271	0	0	0.114062695852223	0	0.178706756653855	0.172989114131508	0.152704673744338	0.065203912971069	0.258067260682745	0.090046572237495	0.0956730539102339	0.0650993659710946	0.290622244692747	0.221759215852868	0.127038306766678	0	0	0	0.0579622601048608	0.103637157441767	0.132278818372612	0	0.0876764323483572	0.090113987830943	0.0391305224955543	0	0	0.0622536024491258	0.128450822940367	0	0	0.0409527549434524	0	0	0	0.0631157600322633	0	0.0829564222501068	0.128868931566894	0	0	0	0	0.0977639488666145	0.053585356030591	0.14088234390197	0	0	0	0	0.202838272931396	0.179293786871255	0.347755338409529	0.156718627887812	0	0	0.0752500654985957	0	0.0406301512238628	0	0.0323284553988819	0.092528731414092	0.0410403574141813	0.264474364333585	0	0	0.171534548835091	0.00106138571002964	0.195850653392403	0	0.151190603943765	0.107574287972708	0.0483205166676726	0.202218681037923	0	0.0597298146921238	0	0	0.0892961261062355	0	0.229124383958258	0.0418912371581655	0	0	0	0	0	0	0	0.164940878766465	0.0386774259567896	0.0435457594746369	0	0.0323017594767543	0	0	0	0.100653104200463	0	0.158507201291644	0	0.18706745423178	0	0	0	0.16429715073907	0	0	0.0595317708343848	0.0738136174101916	0	0	0	0	0	0	0.0933707710778382	0	0	0.175440288464805	0.0662358314358122	0	0.00243464167213093	0.0349196994946555	0.126334141493685	0.146587867158744	0	0.0125704957703091	0	0.187457334250093	0.0923972666791466	0	0.131173254851139	0	0.0203068709025001	0.0812780213090767	0.100926188657961	0	0.0750975111679133	0	0.0278499310039461	0.0609341365139956	0	0	0	0.0650007597230267	0.130646076239146	0	0.0541112610461474	0	0	0.0643674116394909	0.0112973695903287	0	0	0.0446590006344993	0.100484259101698	0	0	0	0	0	0	0.151386832722032
0	0	0	0.149969066086707	0	0	0.0630572811292426	0	0.171474828792159	0.143872291483231	0.182306807319505	0	0	0	0.105588859996037	0	0	0	0.360060856426645	0	0	0	0.0265357585315828	0	0	0	0	0.055265698631899	0	0	0	0	0.0525066137490724	0	0	0	0	0.0846441836056174	0	0	0	0	0	0	0.0239570070157727	0.188004475475396	0	0	0.0192417389692888	0.131173680656659	0.0838029723888349	0.20721113747218	0	0	0.00520970079356106	0.0143671574918693	0.066436976878384	0.0566321295347019	0.0337840920662427	0.300365966615139	0.285210311526718	0.252531265381108	0.0553175372518205	1	0	0	0	0	0.0205882714472415	0	0.0263080907631228	0	0	0	0.223442438278808	0.0872851039723592	0	0	0.165144831107865	0	0	0	0.157860347514433	0	0.195167345768239	0.176877814299294	0	0.0418189356231776	0	0.163316477593853	0.0370218751419372	0.107995702403475	0	0	0.122408461644756	0	0.0591709147727229	0.00532018000479284	0.0481253790082965	0.00747307850099023	0	0.0219126467215646	0	0.220932558240388	0.114422659307193	0.186781172380891	0	0.0197535103953307	0.120732877995375	0	0.165954380868117	0	0.0175535379729245	0	0.16456371545238	0.198787892657763	0	0	0.0740620829113749	0	0.247876387664948	0.107900777000055	0	0	0	0	0.256218553086759	0.0668932329181617	0	0.0571121556724753	0.0103249738053459	0	0	0	0.084520372370435	0.0098556692659361	0	0.0784347288437199	0.0147603376129696	0	0.0193595457639455	0	0	0	0	0	0	0	0	0.0403278166530891	0.279556273938649	0	0	0	0	0	0	0.0391858396038159	0	0.0725314957525147	0	0	0	0	0	0	0	0	0	0	0	0	0	0	0	0	0	0.0448255119552067	0	0	0	0	0	0.303011943637865	0.0328335568212236	0	0	0	0.0839236297263542	0	0.0434353939526912	0	0.162686574339557	0	0	0	0	0	0	0.0912214799381397	0.0454890646379235	0.139400158028194	0	0	0.127115409069215	0	0.0694990964737712	0.0219533684615937	0	0	0.0561162126944312	0.154141474839038	0	0	0	0.261874954193553	0	0	0.276328282296189	0	0.379193906502932	0	0	0.241517155703003	0.192993819528702	0	0	0	0.0829548236579301	0.117639192326149	0	0.140078053261012	0	0.185821147225432	0	0.0924200651755184	0.0481097047900132	0	0	0.297398662309424	0.0392998909389312	0.241517708660105	0.132843233826278	0	0	0.23022159696411	0	0	0	0.334305468186856	0.0807117160737878	0	0	0	0	0	0	0	0	0	0	0	0	0
0.10757333921148	0	0	0.0313800005441766	0.020850538743422	0.0110312014351726	0	0	0	0.26188666206843	0	0.0213020140921022	0.0729625733073784	0	0	0	0	0	0.0382162316755223	0.0306201833918173	0.340273912648773	0	0.102973030339112	0	0	0	0.147034203603011	0.0723771560692109	0	0.00988975130060098	0	0.127023593983604	0.0859489926439642	0	0	0.173882527199438	0.217747503204151	0	0	0	0.0349640991377924	0	0	0	0	0	0	0.131367108505281	0	0.0914893462737354	0	0	0	0	0	0	0	0	0	0	0.0113908579085561	0	0	0	1	0	0	0	0	0	0	0	0.0115353936281114	0.305313282994066	0.13419646010219	0.165266585880978	0	0.0864489449408189	0.152759779660609	0.0594216726878553	0	0.0889949053408913	0.127246939461934	0.224936508977901	0.13934207691946	0.151502345063862	0.131821924043175	0.0455635672667911	0	0.220366700041443	0.157539611960958	0	0.306940535237321	0.0928436183747514	0.172940434574448	0	0.119066167783354	0.236675397967136	0.329120704606286	0.177511065267275	0.0902732130300337	0	0	0.073237597199412	0	0.0408702475437112	0	0	0.210849378578509	0	0.0318054638604961	0.000518113711354812	0.0432632430811537	0.031226076295757	0.0634184354553883	0	0	0.0175673836990932	0	0	0.0833470120925919	0	0.0414063608437889	0.11746027242982	0	0	0	0	0.0557214799755335	0	0	0.0356242498962554	0.00523949853170695	0	0.108337428058277	0	0.0790460928908116	0	0.179149384399659	0	0	0.0490938545890859	0	0.165810254546128	0	0.102109604778694	0.0257923254604802	0.0634726681587676	0	0.175592502627922	0	0.00478641526181117	0.0881735722756578	0.119001962455793	0	0.0505356269523017	0.0166807800796215	0	0.0777781684322186	0.210884062519876	0	0.215087998475635	0	0.0462682320101172	0	0.0672689083839436	0	0.102710412694145	0.210067996343513	0.119786248987983	0.00532146779300022	0.103766771217915	0.0476857380166602	0.166046347964717	0	0	0	0	0	0	0	0.0327078716342668	0	0	0	0	0.113203247744112	0	0	0	0	0	0	0	0	0	0.0377483270364708	0	0	0.0825120291613853	0	0	0	0	0	0	0.0406357036037942	0	0	0.0330640100869241	0	0	0	0.0314126634396936	0	0	0	0	0	0	0.267049073119901	0	0.0517229001911743	0.143879170637118	0.0981095823903175	0.00056610137763601	0	0	0	0	0	0	0	0	0	0	0	0	0	0.191680331444593	0	0	0.125057847817671	0.0313326922366081	0.091480692440076	0	0	0	0	0.153613237829987	0.140321700276563	0.0360097560852042	0	0	0.357041120037621	0.090699362661621	0.0314114013846748	0.0934241232089321	0	0	0	0.0290245710638898	0	0
0.044840789600469	0	0	0.0874246239368604	0	0	0	0.187422050448946	0.242917457519371	0.241608282242812	0.0561443515761508	0	0.0409714101423698	0.0245913338313151	0	0	0.0110862689207481	0	0.0572183309571786	0	0.128727838762337	0.0562236032526589	0.0667314156166745	0	0	0	0	0	0	0.206396479927061	0	0.123294309943118	0	0.0771059433805352	0.0742829985543134	0	0.0964473968312655	0	0	0	0.0967558677050182	0	0	0.18815942416026	0.0113692175669622	0.0559902913845644	0	0.0996344286977625	0	0	0	0	0	0	0	0	0	0.038183960859319	0	0.194543301161064	0.129687371959374	0	0	0	0	1	0.103669324058477	0	0	0	0	0	0	0.21622942957743	0	0.0680197647485222	0.080412976278697	0	0.0893272613488623	0	0	0.137869783737474	0.00309940571139152	0.0661393333738002	0.0574936771487863	0	0.00204850377443428	0	0	0	0.0313695827867542	0	0.175080039121294	0.140840821696948	0	0	0.1274097892699	0.223432641548319	0.256475533638794	0	0	0	0.134752689181536	0	0	0	0.140795075991089	0	0.125885845513013	0.125545340904389	0.0320185037574992	0	0.0809482549196019	0.133374137761067	0.20601390797423	0	0.1737504978038	0	0.0187196849076518	0	0.0768554821938782	0	0.104238137855707	0	0	0	0	0	0	0	0	0.111748700477431	0	0.041303522886682	0	0.15818273126208	0	0	0.0534192322583691	0.0383694481660163	0.06669861243143	0	0.128875601084186	0.429074542477961	0	0.174996322607663	0	0	0.0698850971399846	0.27393169838673	0.0565298255725897	0.277017587418341	0.105015443222342	0	0.107330499123346	0.0281138021488036	0	0.0476203452685467	0.0706319504472622	0.0195683678858012	0	0.121407467747686	0.0330803662160861	0.0343666095932482	0	0.0463306076411681	0.0145965128379181	0	0.195043086002793	0.116229728133519	0.161452470845476	0.317903165418497	0	0.086331660395114	0	0	0.0962059679210845	0	0	0	0.0408960556977186	0	0.146480425362719	0	0	0	0.0243600092135367	0	0	0	0.00893713488668519	0	0	0	0	0	0.185338491067821	0	0	0	0	0.133659402958306	0	0	0	0	0	0	0	0.0265550156359178	0	0	0	0.169472762264319	0	0	0	0	0	0	0.304044465174886	0	0	0.298298209080834	0.2540182967596	0.0952194682215518	0	0	0	0	0	0	0.0763753670119809	0.0853656259606614	0.0877966603480113	0	0	0.236725929120023	0.0482652746443406	0.155707057027051	0.200603435157161	0	0	0.0661225132137008	0	0.214546951273389	0	0	0	0	0.0428375826101151	0.110475400403734	0	0.00684861542331467	0.0168757318263295	0	0	0.0990668904132939	0	0.0729411449321261	0.0937136506726166	0.117453120180061	0.0539023731441849	0.0137822686083773
0	0	0	0	0	0	0.122559079848189	0	0	0	0	0	0.00971287586281766	0	0	0	0	0	0.13647172452014	0.000345252911051625	0.0751743219795459	0.030180900574512	0	0	0	0	0	0.0261600903919334	0	0	0	0	0.20420462712633	0	0	0	0	0.369449559322147	0	0	0	0	0.105957682182179	0	0	0	0.0433568646833896	0	0	0	0.0523238551119909	0.0219698574112813	0	0.0210155326852144	0	0.0633422732607496	0.156741477330013	0	0.217835781655742	0	0	0.101817643945044	0	0	0	0.103669324058477	1	0.0122434096239555	0.0679010645340222	0	0	0	0	0	0.352012680381904	0.0476470157043917	0	0.225310328602606	0	0	0	0	0.316914151638481	0.0663849113731865	0	0.0443317492415143	0	0.0120933664903836	0.0321236586934741	0	0	0	0	0	0.0206007012039194	0.0274922664100211	0.113008261850883	0.0515631843726748	0.0949985899652856	0.13239532664298	0	0	0	0.0190284204049991	0	0.174536922338747	0	0	0.0434817582508859	0	0.0316069701288401	0	0.0880690967959361	0	0.0292430490295768	0.00624821964865626	0	0	0	0	0.138621865130516	0.037509906348446	0.00713458187167945	0	0.159391782651296	0.00446070792140155	0.150040231559024	0.120532808100032	0	0	0	0.0182952235781663	0.00641807234634646	0.0601274461729308	0.00921829811038775	0.0898921382193031	0.16089127465984	0	0.00709694007942058	0.146828496044411	0	0.147277624952674	0	0	0.0721214801812924	0.0924682204748585	0	0.123443372246118	0	0	0	0	0	0	0	0	0	0.199258918365925	0	0.245424947064131	0	0	0	0	0.122230951278832	0.0169542083697779	0	0	0	0.143097198457197	0	0	0.129625165426036	0	0	0	0	0.0214199316060548	0	0	0	0	0	0.18618541230085	0	0.113755381121946	0	0.155475751507389	0.092122754473792	0.107714383775914	0	0.0209929982060334	2.91340834051916e-05	0	0	0	0	0.129665505798143	0	0.130713401708303	0	0.102374181842917	0	0	0	0	0.220778113172254	0.0378798943013797	0	0.0491505308776907	0.0489487872932344	0	0.153912855939423	0	0.173712016747656	0.235853893837242	0	0	0	0.178978725069449	0	0	0.191584670775235	0	0	0	0	0	0	0	0	0.0367066939260431	0	0.0724477316640079	0	0	0	0	0	0	0.0112846343045307	0.122630487100578	0.0418722457560254	0	0.285181353326057	0.0743071863090367	0.0650550265565208	0.173326581942917	0.239670853825122	0.507526623805614	0	0	0	0	0	0.0504297364554511	0.0379955663062036	0	0	0	0	0	0.0630013321821613	0
0	0	0	0	0	0	0	0.0802157084480628	0.230015121333607	0.099963395362193	0	0	0	0	0	0	0	0	0	0	0	0	0	0.109564030076744	0	0	0	0.15810046284454	0	0.115745614342795	0.0833886613244059	0	0	0.0332553991301784	0	0	0.133565362546482	0	0	0	0.00868485808619653	0	0	0.0970119028941808	0.0551260499512141	0.0818188374289957	0.0555870170714016	0	0	0	0	0	0	0	0	0	0	0	0	0	0.113395745425805	0	0	0	0	0	0.0122434096239555	1	0	0	0	0	0	0.317106674993905	0.190061664104867	0.0203977379408518	0	0	0.0636644295810857	0.0505189181512657	0	0.184634830778646	0.244466314792382	0	0	0	0.218702089261362	0.0515612958456736	0	0	0	0.0324047311789485	0.0884960008483027	0	0	0	0.294685411512508	0.0544070461314222	0.0273919468453081	0	0.0480131953786766	0	0	0	0.0400063075406641	0.00831258494605332	0.293290397191645	0	0.19339315236227	0.265620673449785	0.272793065905078	0.0175715050616386	0.000982096230330891	0.199229979920711	0.105667114656345	0.128116112680432	0.141327559965285	0	0.148152589412027	0	0.0335136983057152	0	0	0.0594648726991881	0	0	0.0301302431402876	0.213507923581337	0	0	0	0.104522020829109	0	0	0	0	0	0	0.216670397820206	0	0	0	0	0.0928428364130791	0	0	0	0	0	0.181719260362823	0.225329169514353	0.0144752637960159	0	0	0.135164834490535	0	0	0.0518090322328452	0.0139764525157251	0	0	0	0.0238809532383457	0	0	0	0.0201479782821848	0	0.119616275329891	0	0.0278439006550426	0.403629088178739	0	0	0.0561328271635668	0	0.199019610086658	0	0.0144389771596974	0	0.094250093498896	0.0127903288246803	0	0	0.19934842177852	0.0400811456280681	0	0	0.193087699811316	0.196822510299287	0	0.0338805152840328	0	0.0413175565211052	0.00630933615437214	0.0350727411342055	0.284809225707068	0	0.00960537345832738	0	0	0.276883945627638	0.0385867742598172	0.0100460343281547	0.0756367552794964	0.000291049228122131	0	0	0	0	0.0381005384856871	0	0.101442978080579	0.170440954243531	0.152291774055457	0	0.0378424747908343	0.0415172094597	0	0.150428133924321	0	0	0	0	0	0.013894237419307	0	0.0926868136082023	0	0	0.00265684024405504	0.0108900610596451	0.00116556421346295	0.184364448353154	0	0	0.0487322217292147	0.0271091672861526	0	0	0	0	0.0976375422181258	0	0	0.201603944021031	0	0	0	0	0	0	0	0.0379541929390174	0	0	0	0	0	0.00663053616600265	0.0543552443264039	0.00946866742553975	0	0
0.0577965665877859	0.0649609858489116	0.0991920654064326	0.0997578428937868	0.271979875211925	0.0863557553408739	0	0	0	0.299674987495281	0	0	0	0	0	0	0	0	0	0	0.0959890696428923	0	0.187666009106533	0	0.0143376812243734	0	0	0.14878439592975	0	0.149798062105233	0.169644924424093	0.292657225883305	0.0794999283161402	0.184572312602227	0.135294457786869	0	0.371958942525366	0	0	0	0.0438189525470984	0	0.158259599522533	0.0904683420321047	0.0133588626548427	0.192078300131705	0.0271789168666516	0.2140369560902	0	0	0	0	0.0766635315494002	0.00145836221638455	0	0	0	0	0	0	0	0.0297032786952773	0.0791498505255203	0.0205882714472415	0	0	0.0679010645340222	0	1	0	0	0	0	0.232029525996871	0.143813218727948	0	0	0.0208802529279093	0	0	0	0.125558010551129	0.288763382823145	0	0	0	0.0373639293639607	0.0486264319979878	0	0	0	0	0.134836252593103	0	0	0	0.0941978005116693	0.269659206853792	0.184182903337978	0	0.165112014341498	0	0	0	0	0	0	0	0	0	0	0.102503896296719	0	0	0	0	0.0902188845417578	0.190684207190251	0	0	0	0	0	0.0982148404831687	0	0	0.191889599631942	0	0	0.028743618756965	0	0.110088836102063	0	0	0.0085370176798979	0	0	0.0734656327181281	0	0.0829565556112909	0	0	0.137692190091656	0.149947990554339	0.0340797219101174	0.20716999679983	0.0214043219314308	0.0798167575528449	0.00414811081618173	0.216813689990926	0	0.173532079484921	0	0	0.0500913818423283	0.226962076277021	0	0	0.0677275825575818	0.108502751469299	0	0.0207954206869474	0	0	0	0.0755464724929268	0	0	0.101228589224205	0.308394129634061	0.0504713850241886	0.118185125765981	0	0	0.143597534129234	0.000746406728985818	0.247860109797267	0.212830903972594	0	0	0	0.0180873093805155	0	0.188063947544856	0.255643818828979	0	0	0.00758575437074585	0.277062086016777	0	0.207912976727418	0	0	0	0	0.139727681821553	0.22437391341953	0	0	0	0	0	0.0458663351663896	0.241369493772039	0.00750849282797983	0	0	0	0	0	0	0	0.308686850689106	0.296268539722184	0	0.0103192821479194	0	0.117070397865995	0	0	0	0.153747973975437	0	0	0	0	0	0.137278794689663	0	0	0	0	0	0.154481240196765	0	0	0	0	0	0	0	0	0.219432514732771	0.119941694769954	0	0.297769593810325	0	0	0	0	0.0779830719213318	0	0.136292555655385	0.0276475182765704	0.0791984451338641	0.242032048984616	0.190821674450547	0	0	0.0176775567493496	0	0.0483193677894541	0	0
0	0	0	0	0.0927231860217082	0	0	0	0.146332624885628	0.194738056004671	0.0479390134226393	0	0	0	0	0	0	0	0.159886825894902	0	0.02574912335211	0	0.0155106628994587	0	0.114337186263038	0	0	0.117986490856161	0.0960884288089488	0.0996912669047572	0	0.0862332131492273	0.159942516101679	0.0686224492689608	0	0.00331708781908242	0.0400710081075297	0	0	0	0	0	0	0.175072482139962	0	0.0128639470300887	0	0.0915046369077153	0	0.00886621587062891	0.389295181833826	0	0.0239857876498304	0	0	0.159468381500107	0.0183541154062689	0	0	0.128347866132134	0.136288241664441	0	0	0	0	0	0	0	0	1	0	0	0	0.0942503315554401	0.0884910641996584	0	0	0.0925103867577009	0.0761945326075251	0.120543461272057	0	0	0.196444675666899	0	0	0	0	0.288723433031903	0	0	0	0	0.190594158952897	0	0.0285189678917031	0.11022780091611	0.040696177559573	0.0853522180276284	0.149037205090421	0	0.0887483937879317	0	0	0.0361339959452918	0.0723563715927685	0	0	0	0.236987935426386	0.280747952700567	0.309018836921856	0.053736500083045	0.247364976567226	0	0.0140729451382259	0	0.249443314120023	0.203712193192894	0.21302110551248	0	0.131366319011691	0	0	0.0281299455486031	0	0	0.070966047601102	0	0	0	0	0.337349802074715	0	0	0	0.221407212206982	0	0.0968287675386668	0	0	0	0	0.0163992528435964	0.046664901380313	0.155199006518889	0.0328653215417635	0	0	0	0.213924205962524	0	0.145194387763334	0	0	0	0.0435452316494935	0	0	0	0	0	0	0.0334843121371581	0	0	0.0241803059804624	0	0	0	0	0.0662020346500403	0.0125501103522457	0	0	0	0	0.0504555851690198	0.0640298216209305	0	0	0	0	0	0.0859846745809599	0	0	0	0	0.0408794661104535	0.0263080459165398	0.0926400659089807	0	0	0	0.0620685784877086	0	0.238241187156801	0	0	0.0247991626070392	0	0.184453324399618	0	0.0624607244762351	0.0454528772832303	0	0	0	0.0441765034923373	0	0.010730753226848	0	0.101149699441105	0	0	0.0566392166587482	0	0.0143752818931575	0	0	0.0764502513444609	0.20060496628819	0.0768033680184588	0.148757351203365	0.29872729944604	0	0.00674381961730805	0.0159398356331608	0.0745375591048137	0	0	0.0114970329178282	0	0.332940370298536	0	0	0	0.270573518096644	0	0	0	0	0.210661996699509	0	0	0.485333427894512	0	0	0	0	0	0	0	0	0.0340903567960019	0	0	0	0	0	0	0.114687563925174	0	0
0	0	0	0.112984059554313	0.101217687166676	0.108361809776837	0	0	0	0	0	0	0	0	0	0	0	0	0	0	0.00449390624759316	0	0.1414392381848	0	0	0	0	0.0283996960565491	0	0	0.0387545236954728	0.0172543868407143	0.011881177010063	0	0	0	0.109067737685069	0	0	0	0	0	0.0726891825722344	0	0	0	0	0	0	0	0.0270210535062427	0	0	0	0	0	0	0	0	0	0	0	0	0.0263080907631228	0	0	0	0	0	0	1	0	0	0.108529597417263	0.0791520885976008	0.00863584684833866	0	0.080025474571724	0.194960636374099	0	0	0.0206673304520247	0.153452922270396	0	0	0.0724190287704015	0.0130288281543563	0.179095183408443	0	0.0729318910209604	0	0	0.0225601755902569	0	0.000674034733696702	0	0.152655703587012	0.122627794782147	0.247435045247296	0.0268825479818269	0.0820852816614392	0	0	0.218658608918671	0.0294274629218466	0.014637795554603	0	0	0.121589928822641	0.0292117376497687	0	0.184365064278551	0.0201976663292872	0	0.170108647159004	0	0.0286011348563363	0	0	0	0.0489328729814634	0	0.0100861973831684	0.0425342128846389	0	0	0.207310705781215	0	0	0	0.0928108029088826	0	0.0951326371686503	0	0.127948300883497	0	0	0.161038147318603	0	0.0586525006931918	0	0.0796492320605105	0.064055432051278	0.158493208189407	0.134402413975703	0.170659119862402	0.00447482782005441	0.0631386446842885	0	0.0528798913051229	0.0458397864536993	0.0564841078559306	0	0	0	0.0617131163042748	0	0	0	0.0811519605680717	0	0.0523388928376044	0	0	0	0	0	0	0.0249813709965829	0.0878365706433243	0	0	0	0	0.0484194761060362	0.0960136066746609	0	0.244145782841876	0	0	0	0	0	0.178925634111535	0.173490037539103	0	0.0859662953613998	0	0.0860563965809198	0.0185288599844496	0	0	0	0	0	0	0	0.00514708287398684	0	0	0	0	0	0	0	0	0	0	0	0	0	0	0.196058787730236	0.123760866611029	0	0.0675115579344896	0	0	0	0	0	0	0	0.0321883541656228	0.0641146053823709	0	0	0	0	0	0	0	0	0	0	0	0.00788855703559217	0	0	0	0	0.100771619632379	0.185782322064499	0	0.0714374334228553	0.177371605967578	0	0	0	0.0429825295014545	0.158824171686165	0.0602917096907011	0.109346585701731	0	0	0.10324941048551	0	0	0	0	0	0	0.0751901318704183	0
0	0	0	0	0	0	0	0.0347762802773266	0.00823096239819639	0.138807726470114	0	0	0.178601405082681	0	0	0	0.117275899113842	0	0.0597883488424566	0	0	0.089153407370399	0	0.00140772504167154	0	0	0	0	0	0.0831495281361408	0	0	0	0	0.0980461258652098	0	0	0.313403274049477	0.0608727825050887	0	0	0	0	0	0.0462544847414562	0	0.0194876363316935	0	0.0434686151474141	0	0	0	0	0	0.00233410282806696	0.107398828109927	0.160332980166882	0.000843639447693257	0.224808044777093	0.189492212686424	0	0	0	0	0	0	0	0	0	0	0	1	0	0	0.0583362581137003	0	0	0.172740739576398	0	0	0	0	0.223767974030919	0	0.0302728055267487	0	0	0	0.220963766113439	0	0.0876928469665351	0	0.00774667905811735	0.034807598158813	0	0	0.130472757042063	0.107411189529998	0	0	0	0	0.179873449124194	0	0	0.0842325410125223	0	0	0.010713118619094	0.00698798649770322	0.0918359281406529	0	0	0	0	0	0	0	0	0	0	0	0.203589607254579	0.0453326479315459	0	0	0	0.107835530041397	0.113204594507186	0.0337546582012963	0	0.0759221116658665	0	0	0.0309302883165693	0	0.104621553291977	0	0	0	0	0	0	0.0144093477273505	0.147791452277918	0.0757311307296224	0	0.174863648041839	0	0	0.143487647440176	0.0742997842745157	0	0	0	0.0399707770125611	0	0.232861445317942	0.100432177294106	0.0298415146674022	0	0.13768606832067	0	0.0805695589210932	0	0	0.110889507650772	0.119500618051949	0	0.0560142738377242	0	0	0.0041862579022518	0.0268450591964573	0.107554010927373	0.182738106752336	0	0.126855866079995	0.0751829339966922	0	0.0772184908116945	0	0	0	0	0	0.0975187454789378	0.187432067888873	0	0	0.0638542828672366	0	0	0	0.00873157603897584	0.0904718547012276	0.0535989433825418	0	0	0.00989777728360956	0.160318921915818	0.0959992184507917	0	0	0	0	0.176352830232947	0	0	0.341211173537984	0	0	0.0882157252591848	0	0	0.0465749203510449	0.0441187102615653	0.147317573971777	0	0.316291633145457	0	0	0.167418982088017	0	0	0.025343840715179	0.0730861536687135	0.00711149122922723	0	0.000548044862964092	0.0976115442467369	0.207494047772337	0	0	0	0	0	0	0	0	0.121504456206843	0	0	0	0	0	0.241870086754837	0.365680149694592	0.182926731495062	0.277341981920868	0	0	0	0	0	0	0	0	0	0.154190770577713	0	0	0.0204271866268186	0
0.0220740965343936	0	0.108750427074667	0	0.159604254551059	0	0	0	0	0	0	0.071103679615995	0.110862945613656	0	0	0.0613557214931964	0	0	0	0	0	0	0.171605656473004	0	0.0180528938343442	0	0	0.00701089054170363	0	0	0.173658364191408	0.00300831169943251	0	0	0	0	0	0	0	0	0	0	0	0	0	0.0380516592815729	0.198101237730585	0	0.0199467790375971	0.114047849301773	0	0.206874307976786	0.141596537536635	0.0586199898839374	0	0	0	0	0.00659511480646365	0	0	0.167349291907512	0.0786380755983524	0	0.0115353936281114	0	0	0	0	0	0	0	1	0.00799414809092314	0.00692651831545679	0	0	0	0	0	0	0	0	0	0.0663736555190182	0	0.0659927550233086	0	0	0.00895371750387164	0.0470048534268932	0.0628815698796799	0.0110045103725313	0	0	0.00998117948260027	0	0	0	0	0.236159535415885	0	0	0.00180509256357781	0	0	0	0	0	0.0607140068798797	0	0.263160539163615	0	0	0	0	0	0	0	0.296820731080492	0	0.0687627331385532	0.00656142744536774	0	0	0.0368540940971098	0.153084352668569	0.0109568751523272	0	0	0	0	0	0.133550030849991	0	0.0609981980837765	0.0669415697706766	0	0	0.0337600565912786	0	0.0833689324581237	0	0.140421993474922	0	0.00650295121400536	0.188846937097847	0	0.00810299987383514	0.138273783911816	0.0714688719317957	0.0479117195373702	0	0	0.251309922028693	0	0.117409258916398	0.0536385352268843	0.013743184140828	0	0	0	0.0802125862471578	0	0.0414433418074726	0.0442149459524967	0.226871571887062	0	0.183936412776441	0	0.135814091921914	0.0770682913127189	0	0	0.17895280919012	0	0.117795527005578	0	0.0144646883840563	0.0342501477671776	0.0641708621457884	0	0	0.120800727103714	0.00948298661359303	0.137247319479149	0	0.0606030883822913	0	0.0995640429321213	0.122062449415855	0.0503494468203329	0	0.0671037366684395	0.254997146463448	0	0.0102182122424707	0	0.0859011019419126	0	0	0	0	0.184343160533221	0.0841116127738892	0	0.128258096597752	0.097394316281315	0	0	0.12579433507105	0.275405964576748	0.204203574396461	0.0920773673275609	0.0462779864698966	0.0623789562011816	0	0	0	0.0120603705489158	0	0.00905317725930716	0	0.138729950063438	0.186349248975085	0	0	0.0166922532896613	0	0.0428604207654336	0	0.0195644213174012	0	0	0	0	0	0	0	0.106242920155419	0	0	0.0974138333392715	0	0.227790159841252	0.171172996810796	0	0.0580615179492572	0	0	0	0	0.0588309964780478	0.0556919736226803	0	0	0	0.021664620712765	0	0.096997821803589	0	0.138286100933797	0	0
0	0.0252514650439527	0	0	0	0	0.159694720934195	0	0	0	0	0	0.015730409557951	0	0	0.26137412571506	0.250197390659543	0.291241916760003	0.1338548235419	0.324327633914797	0	0.209041508557645	0.119163313955929	0	0	0.16874401491916	0.0838496414261368	0	0	0	0	0	0.196949903369277	0	0.175347299586186	0	0	0.518375881918369	0.251578068048624	0.0675811594554032	0	0	0.234362344979434	0	0	0	0.30587200087588	0	0.21546014848236	0	0.10039506503804	0.061564622227752	0.170140166371893	0	0	0.124154973307495	0.338008386080917	0.162269568279301	0.461055517910032	0.0869304854252893	0.0240461573804086	0.154789120017315	0.134587298211234	0	0.305313282994066	0.21622942957743	0	0.317106674993905	0.232029525996871	0.0942503315554401	0.108529597417263	0	0.00799414809092314	1	0.155337603746517	0	0	0.199039439837249	0	0	0	0	0.00992778353256854	0.0678436812081539	0	0	0	0	0.315427754391793	0	0	0	0	0	0	0	0	0.0640407125990638	0.0277291013830368	0.0437260079704067	0	0	0.188410466862245	0	0	0.140257353035169	0	0	0	0	0	0	0	0	0	0	0	0.0104428340725444	0	0.0731492818174699	0.0601194547959524	0.130555956839076	0.165086373394134	0	0.0775329532777128	0.171852835492509	0	0	0	0	0.122169659944004	0.0415177796812861	0	0.309124148428757	0.0166006481532733	0.100797725683516	0.157295796569226	0.0651402728844089	0	0.0536657824349581	0.285784649337031	0.132571695963939	0.222435175490483	0	0.207079410508657	0	0.104540435231247	0.0809372552881178	0	0.0352516327262293	0	0	0	0	0	0	0.0225056687332679	0.223593043638996	0	0	0.0650326995305442	0.117706832083266	0	0	0.232123245584439	0	0	0.216020242809867	0	0	0	0	0.204804256067055	0	0.0706657594249072	0.109785369288392	0	0.112345374392348	0	0	0.0464723068609852	0	0.197359551194995	0	0	0	0.0514676974104414	0.390664496070914	0.102011452180047	0	0	0.144937202784049	0.01373400587327	0	0	0	0	0	0	0	0.0353840007787327	0.124079503582622	0	0	0	0	0.181135556918737	0.111880660947628	0	0.26612707099984	0	0	0.208183148547969	0	0.126339671227705	0.155315677521654	0.0125514589906606	0	0	0.259443257712679	0	0.090335691443624	0.163135776687419	0	0	0	0.0146661747331063	0	0.0481363309911545	0	0	0.218098835150085	0	0.0630394196074112	0	0	0	0.0832605500552516	0.12476362731607	0.00879406590523346	0.0723236356613921	0	0	0	0.236096882156975	0	0.355218191251649	0.390400680754199	0.475287663807403	0.347685422956969	0.0154820256658905	0	0	0.0144115184715123	0	0	0	0.159216924381395	0.295716534225364	0.188931369389302	0.161770318626638	0	0.296735218223998	0.0783796371425331
0.184300909584432	0	0.256337346674539	0.347097039059549	0.434609546904281	0.114333871211884	0	0.115226385850824	0.080537761510529	0.0957960771933093	0.167599293488125	0	0.390359564304569	0.104728153520735	0.333748207353403	0.294958496553229	0.44128518487688	0.307243015010932	0	0.0339395413625578	0	0.251286734038419	0.15000100081783	0.215678604022038	0.00919925996653085	0.0863311028728238	0	0	0.34881033528562	0.472120138566379	0.0272656948438511	0.271839416522046	0	0.387869589240448	0	0	0.0472407793720529	0	0.287138944782641	0.395770295664036	0	0.259208240350754	0	0.324425607160091	0.335781867857357	0	0.137659981788137	0.0768924778256329	0.270908645856896	0.198116229631042	0.238523316128789	0.0225203807807144	0.204363110578531	0.243031024548481	0.180531521423414	0.0944107429203759	0	0	0	0.316441884824991	0.000873766282779059	0	0	0.223442438278808	0.13419646010219	0	0.352012680381904	0.190061664104867	0.143813218727948	0.0884910641996584	0.0791520885976008	0.0583362581137003	0.00692651831545679	0.155337603746517	1	0	0.0834464186874165	0	0.115265587099771	0	0.230099062158514	0	0	0	0	0	0.0910464417884971	0.0454521258344996	0.159547173333246	0	0.123804812051493	0	0	0.184328756306534	0	0.18988478040006	0	0	0	0	0.119765363676359	0.394925514122577	0.232121900897305	0	0.0916545290231506	0	0.313165707436137	0.14760274918322	0.0111779591034548	0.394945362694783	0	0.204592534347896	0.0737469380100049	0	0	0	0	0	0	0	0	0	0.136065347069883	0	0	0	0	0	0.203359064001053	0.0233207524597914	0.0244121093400879	0	0	0.182673514398166	0	0.300257504498717	0	0	0	0	0.0767122379590999	0	0.122786097761618	0.30203856603226	0.149210868828043	0.186647931385543	0.0345535435103316	0	0.435518803116259	0	0.0952164427353699	0.367069724230374	0.490091659658621	0.389640905806151	0.335960823973879	0	0.268795041455428	0.0471050895625068	0	0	0.347536528939198	0.0156163451511985	0.0986497911762335	0.420210299226883	0	0.143022653722705	0.291042167337432	0.334282702335051	0.263994812333129	0.0292275864745565	0.531093732760541	0	0	0.130032576170561	0.244622127787803	0.135936723370297	0.395464168443839	0.1799083229716	0.432830693882695	0	0	0	0.197382496515866	0	0	0	0	0	0	0.178428747338312	0.267046056917435	0.400444317169692	0.102208857375703	0.379153307977003	0.353434519283709	0.0380369854925211	0.272502353941231	0	0.328123349599691	0.117829205809983	0.0240213836443308	0	0	0.202312677304041	0.0314338343857875	0.247458611748221	0	0	0.317582244512929	0.137717083874978	0	0.0698694368750145	0.0475365749692021	0	0	0	0.155812951154685	0.136729791553164	0	0	0.0334463911065178	0	0	0.401435159751147	0.363477211324397	0.178366430309468	0.180547807266025	0.0882629613204673	0.0527461537715636	0.416010634473427	0.406992158514841	0	0.437297599639558	0.198424847509063	0.319783683078356	0.200811443421405	0.246598496378201	0.0310627127632365	0	0.133376730762297	0	0	0	0	0	0	0.184070098480803	0.0651050640187979	0	0	0	0.384353153561882	0.443624253939537	0.275716887102123	0	0	0.146060545627269	0.23241063038349	0.30108727115242	0.24445517445337	0.0378215938191862	0.106087089377253	0.101248029052973	0.560616035633279
0	0	0.183426510791253	0	0.202757314331581	0	0	0	0	0.321415866169808	0	0	0.191020131428506	0	0.0391905005351132	0.360944113634502	0.283298485650669	0.108737491644139	0.136875576748612	0	0	0.037995541331688	0.120312198971543	0.0967610108896641	0.0195189632873804	0	0	0.00591661935403333	0.23484369413795	0.35618366934269	0.094807382187385	0.158596458645598	0	0.00354166185283551	0.079868379511568	0	0.0222568955242318	0	0.226377975374615	0.350194997859065	0.0662879530919475	0.00548947096138741	0	0.255326786683112	0.258217923480077	0.0355800024835989	0.21042001660213	0.169415607032201	0.210939805284715	0.135065383219021	0.18094288434527	0	0.389518261189752	0.0818535210618116	0.186522907492091	0.336563069805626	0.314723397254221	0	0	0.135056888893812	0.0993964586008676	0.15231841249282	0.00602184740139273	0.0872851039723592	0.165266585880978	0.0680197647485222	0.0476470157043917	0.0203977379408518	0	0	0.00863584684833866	0	0	0	0	1	0	0	0	0	0	0	0	0	0	0	0	0	0	0	0	0.000274724786745444	0	0	0	0.214926690055126	0	0	0	0	0.0825776952904194	0.198100067593808	0.0782257702714412	0	0	0	0.171448977414493	0	0	0.470745693323852	0.0989550710335322	0	0	0	0	0	0.0719745089830833	0	0	0.0308412846021092	0	0	0.00506906966526923	0.139177793837623	0	0	0	0	0	0	0	0.0758116821086832	0	0.0538092610875469	0	0.218356922704465	0	0	0	0	0	0	0	0	0.039354241067923	0.125945331937853	0.0498643256948246	0.0327102987214505	0.206621864991918	0	0.00372112102425006	0.149198211765566	0.300507648274686	0.047431724664857	0.278329916629019	0.0652256285898909	0.096847225605462	0.101084796484434	0	0	0.085327168065746	0.0393662623430709	0	0.174950502780764	0	0.131308997630709	0.152578670729788	0.263739213713402	0.179899877060335	0.0760880790757432	0.300205886534814	0	0.0333985266826791	0	0.340412567646558	0.202030448225815	0.418867474895606	0.303520454546401	0.336304631938055	0	0	0	0.0232146487357002	0	0	0	0	0	0	0.327244922194567	0.185313278901315	0.491439169570289	0	0.264881633334364	0.355537868590863	0	0.384129983026114	0	0.358124510702859	0.185112316156578	0.0149698030287819	0.121663627247792	0	0.46790363259552	0.0595881186427284	0.0253423830381819	0	0.0461387573184958	0.108726038274251	0.130549519350259	0	0	0.190703001700109	0	0	0.0897795673231573	0.212164353706008	0.223988821049566	0	0.118737551560336	0	0.0630286762098332	0	0.181608873330714	0.241195515891123	0	0.110751977183063	0	0.0460919717206486	0.354883998944794	0.166734333045059	0	0.0947387387521738	0.223119694807576	0.173739751084185	0	0.141828834441471	0.0624577848762547	0	0	0	0	0	0	0	0	0	0.0841763082999326	0	0	0	0.0587488657538372	0.346987627135914	0.177552131438597	0	0	0.121089491784126	0.00511658505547131	0	0.157530569098595	0.0394172882152321	0.184979097417286	0	0.259892270230416
0	0	0.0830804821442359	0	0	0	0	0	0	0.171051501243438	0	0	0.134813309331152	0	0	0.0780647065093916	0	0	0	0	0	0	0.119666537082399	0	0	0	0.0759739872815452	0	0	0	0.00252035409934356	0	0	0	0.0248123442570102	0	0	0.193570550693849	0.0450642256246816	0	0	0	0.0401264621238023	0	0.0594192701102856	0	0.138142610009513	0	0	0	0	0	0	0.0260598932143319	0	0	0	0	0.224193164423454	0	0	0	0	0	0	0.080412976278697	0	0	0	0	0	0	0	0	0.0834464186874165	0	1	0.176177834666296	0	0	0.000219799930911385	0	0.344594277092599	0.00122632498564503	0.0542600782992442	0.0185681316062511	0.149730669249128	0	0.00371643302855398	0	0.0958088104132432	0.0456170819734835	0	0	0	0	0.151730544651741	0.107122377714631	0	0	0.12861394535362	0	0	0	0	0.164507049287691	0	0	0	0	0.114095240522801	0.0591572009003932	0.11667368570754	0	0	0.082139340516336	0	0	0	0	0	0	0.056853569517653	0.0386721749737498	0	0	0.0863347616017198	0.181970656782005	0.00145009245845002	0	0	0.0738637744793559	0	0	0.117253765392423	0	0.1322615932756	0.0150332811537949	0.00784342897101199	0.093115974540232	0	0	0	0.0103097088184967	0	0	0	0.211874192615702	0	0.00326263582563791	0.0413796830814349	0	0	0	0	0	0	0.140615419345774	0	0.190684871014806	0	0	0	0	0	0	0	0	0	0	0	0	0	0	0	0.071546956826369	0	0.235490449777222	0	0	0.0046663275634527	0	0	0.103402207093502	0.0589318866593111	0.117522072682366	0.0984690107654177	0.056160386577998	0.190904693784769	0.145807515705111	0	0.0397710096373575	0.0294237815081805	0.0261743031165854	0	0	0	0.0779783541542161	0.129041162471364	0.23510128925787	0	0.095203143978051	0	0	0	0	0.151508016598431	0.182529042047055	0	0.0947487374088063	0	0	0.265087282727982	0	0.0234145534351982	0.0609521756741801	0.0914211456174907	0.160440823257846	0	0.200047532868208	0	0	0.317492217328545	0.0530616539224813	0.0202572503631952	0	0	0.078724023309809	0	0	0.0114588461230087	0	0.170334147999966	0.0787695451949398	0	0	0	0	0	0	0	0.184374275815948	0.0835718149157546	0.118302626602254	0.0516631267515407	0	0.0961230991354477	0.140285509560769	0	0.334934792495962	0.12313302571206	0	0	0	0	0	0	0	0	0.0127686804470498	0	0	0	0
0.204050632168692	0	0	0.211519682110399	0	0.0335510651160428	0	0.0129065804765382	0.143153614969384	0	0.015879802251706	0	0.10943852662901	0.275045259571119	0.14157224728107	0	0.164479572191574	0	0.139019785225147	0	0	0	0.0510246259004226	0.240888458816439	0	0	0	0.356043726839968	0.0384924736177804	0.313256514093175	0.0368623648735378	0	0	0.243509791811901	0	0	0	0	0	0.280193682204295	0.0922433536623575	0	0	0.190096718527753	0.207792026263894	0.230892371054688	0.157727651714131	0.0353782896709845	0.230917120012532	0.360305555436409	0.0137405449628597	0.121837969217607	0	0	0.095084973732098	0	0	0	0	0.0455682453325016	0.321931018506103	0	0	0	0.0864489449408189	0	0.225310328602606	0	0.0208802529279093	0.0925103867577009	0.080025474571724	0.172740739576398	0	0.199039439837249	0	0	0.176177834666296	1	0.281250007528533	0.00140971888452916	0.206163073892455	0.346660840086495	0	0	0	0	0.171050706702914	0.0116687008365971	0	0.175038621969996	0.0998004686136071	0	0.0769893318536277	0.00392533722281396	0	0	0.117038234079066	0.0553403958556369	0.0771657173584807	0	0	0.354770182760541	0.256424499319628	0.251628652151521	0.240471237453767	0.0040507253103388	0.377412043197954	0.0850130251336326	0.197339379794743	0.174941132282826	0.0301177908175843	0	0	0.144736393001088	0.258557658416444	0.269470830009054	0.144009812413256	0.0141173609982795	0.347550347592142	0	0.152017223962751	0	0.200552396648881	0.182623600504107	0	0	0	0.285224348937732	0.255927143963491	0	0.0916820943883588	0	0	0.286161135083032	0	0.0886160478631581	0	0	0.329003363901635	0	0.0611617903293199	0.0491746256267586	0	0.184951851565302	0	0.157959717390465	0.0653481849199961	0	0.176320292638718	0.154804336265643	0.117980037865869	0.231357871983084	0.194479133855105	0.060064207579189	0.419337484302926	0	0.141415672619097	0.0154749169324779	0	0	0	0	0.0729837309854194	0.300078341983887	0	0	0.0121954063779889	0	0.371143948275438	0.0690361690583425	0.213873868340028	0.301158766569311	0	0	0.191319304864344	0	0.322507110230699	0	0.120368484769522	0.0101001902084916	0	0	0.286097625636618	0	0	0.0347371040846107	0	0	0	0.267503831699998	0	0.335653778857946	0	0.287823193423936	0.159599192242347	0	0.341192517695505	0	0.184950516979273	0	0	0	0.0196100057507446	0.0496325302414514	0	0.0495660090554892	0	0	0	0	0	0	0	0.136816504462292	0	0	0	0	0	0.0746579285295993	0.0439841533982325	0	0	0.203833991005329	0.046269708915076	0.271257706049293	0	0	0.0635501701679252	0.0560911651834406	0	0	0.0162081945028953	0	0.00552971043723897	0.238818923534489	0.245185315010232	0.143726121755133	0.159175577334853	0.247316545864138	0	0	0.181009010784924	0	0	0	0	0	0	0	0	0.256719348747252	0.190406017000948	0.34500308056151	0	0	0.0797854459032789	0	0	0.105693492407552	0.210642960818727	0.192902989578101	0	0.0831522077207706
0	0.169066991821842	0.231590105368368	0	0	0	0.237312582305253	0.023908450671676	0	0.018464706750499	0	0.126305403696629	0.0692392519270699	0	0	0.35669820859186	0.26877187526592	0.210030610870192	0	0.221103706766866	0.0402543878757278	0.11064186468992	0	0	0.158113979345267	0.218150449805346	0	0	0	0	0	0.306884874393003	0.16753379327239	0	0.161392519537548	0.0526339943837708	0	0.245793206586234	0.0972312244506222	0	0	0	0.374339598146101	0	0	0	0.140342871258127	0.152063442367674	0.0610153154357843	0	0	0.230281198311636	0.15379479238987	0.104317326540735	0	0.278697207866742	0.133560570170455	0	0.470113722674305	0.0360240009878584	0	0.252249146820908	0.312596429434057	0.165144831107865	0.152759779660609	0.0893272613488623	0	0.0636644295810857	0	0.0761945326075251	0.194960636374099	0	0	0	0.115265587099771	0	0	0.281250007528533	1	0	0	0	0.146773635826464	0	0	0	0	0	0.0344593710164263	0	0.0518186004183815	0	0	0	0	0.110992297944032	0	0	0.00786642691633129	0	0.0047013771582755	0	0.00784303353540429	0	0	0	0	0	0	0	0	0.023944096407308	0	0	0	0	0	0	0	0	0	0.174778384140198	0.0381955057540245	0	0	0.280140139166657	0	0	0	0	0.0694132126266493	0	0	0.0799802893707332	0.138564526826853	0.0184833781311975	0	0	0	0.201246472784149	0.117582606609616	0.0932703994564218	0.171246029368319	0.00737044367442905	0.0231189574472918	0	0.240424697950104	0	0.112524655305574	0	0	0	0	0	0	0.194991633673048	0.065947163283341	0	0.153344283608613	0	0.0934182356668814	0.0543606875970176	0	0	0.0535825247385728	0.0575166066158542	0	0.200676315368253	0	0.087706648412411	0	0.00106804846495339	0.208246859932124	0	0.234280423755321	0	0.0876315326781654	0.116267084709182	0.155663998436435	0	0.0363750952087736	0	0.0768354666702479	0	0.0301075178317344	0	0	0.413756336103277	0.361181010041133	0	0.0840181823215694	0.198618886385192	0	0.054596693377076	0.191290423957081	0.0348955550058019	0	0	0.155826523443088	0	0.265302568210847	0.152697736762105	0	0.178555247488641	0	0	0.247448388750904	0	0	0.315962708308154	0.0211239193605965	0	0.310315918686512	0	0.181085608172109	0.125565613740655	0.124118794074848	0.220556746978485	0	0.220328374853036	0	0.174664498112238	0.260184006804587	0	0	0	0.208792682740194	0.274227582722544	0.160920931405669	0	0	0.0881786893228219	0.1809623445954	0.137811389657356	0.199447660068256	0	0	0	0	0	0	0	0	0.198340035629597	0.226264313890083	0	0.228928656108766	0.337240119362075	0.0655077127025618	0.225376122014357	0	0	0.23442724855007	0.0413549716927684	0	0.00531682434468965	0	0.108047202408384	0.231788495186175	0.369150885985515	0.112663825620412	0.0741900846651831	0.306226780748106	0.035549000979633
0	0	0	0	0	0.0210534112355657	0	0	0.0499488820789228	0.0103398527387075	0	0	0.0341915041733518	0.0821216172173702	0.11158575536081	0.252610991139442	0.219734904055249	0.144039159688946	0.0841154470444269	0.151585884369189	0	0.106731400243702	0.208827043067241	0.0289199847988202	0	0.158730157601076	0.148021449306935	0	0	0	0	0.0828393666254132	0	0.0214355657644635	0.204927453106446	0	0	0.236341039790831	0.433381094140072	0.108956909017607	0.0478581958526112	0	0.0204409055743404	0	0	0	0.310741843343339	0	0.232864554042477	0	0	0	0.160995804078845	0	0.0630312873777365	0	0.118916222935282	0.35261476999646	0.0948155334949011	0.221427722193046	0.105186087607428	0.082695002864421	0.00508045915331432	0	0.0594216726878553	0	0	0.0505189181512657	0	0.120543461272057	0	0	0	0	0	0	0	0.00140971888452916	0	1	0	0.0170051680634876	0.0326480653698704	0	0.152294509648374	0	0	0	0.184685964681874	0	0.177121134962409	0	0	0	0	0	0	0.0590285882659057	0	0	0	0	0.192851660787615	0	0	0.104891451190495	0	0	0	0	0	0	0	0	0	0	0	0	0	0.0402388068343654	0	0	0.222678118267186	0	0	0	0	0.0352295153312404	0.258665391032331	0	0.131244088643706	0	0	0.0627807577611436	0.010669539990414	0.0507508582131247	0.00784253498592088	0.0933656883143887	0	0	0	0	0.0912846562202466	0.201580020078309	0	0	0.148708554236086	0.178581206117667	0	0.0291392425926495	0.151188950411529	0.112903483770193	0	0	0	0	0	0.227752507546939	0	0.0205485121009979	0	0.0709454840098362	0	0.119356074646994	0.0038083469566367	0	0	0.183599329766823	0.20900393286986	0.0338159646412908	0	0	0.133119424626538	0	0.228572684025273	0.251543133783956	0.000433668909216475	0.234726643004111	0	0	0	0	0.0192860405805458	0	0	0	0.273228644625844	0.458556790448357	0.0133660525244649	0	0	0.152862564982213	0	0	0.110635414617474	0	0	0	0	0	0	0.142770073196256	0	0	0	0	0	0	0	0.156800607138388	0	0	0.254353061165967	0.0169517985464707	0	0	0	0	0	0.108546437719165	0	0	0	0.238295554879015	0.0976738720628547	0.24549304403463	0	0	0	0.0169457707516331	0	0.303264658807538	0	0	0	0	0	0	0.109218130955257	0.227301672723907	0.136607130335393	0	0	0	0.000692801164731802	0	0.114787221735378	0.0946162939922551	0.200806798760603	0.177583874915891	0.154003182714794	0.135555692568711	0.124916628408362	0.141023558760558	0	0.0403613115338022	0.0986094660818142	0.0931508243725263	0.11653232797413	0.27548559671011	0.0200098370102564	0.113671731632653	0.263669430846855	0.14656899007287
0	0	0.0733108602572983	0	0.00963556589779496	0	0	0	0	0.216131813633297	0	0.0493412932876916	0	0	0	0.0666826955634172	0.0667099255451606	0	0	0.109869841410286	0.0939368186012156	0	0.0992740807608639	0	0.0453045546089366	0.00857383392153312	0	0.0473760031886116	0.100006986380552	0	0	0.138587735143757	0.000202767177481092	0	0.101125179664998	0.0184917973210414	0.0417792452705713	0	0.0428115006704735	0	0	0	0.13458784855315	0.0122259266702482	0	0	0.0639914240668016	0.0498164648093331	0.0368342515982249	0	0	0	0.247882287713752	0.0428506253552665	0	0.0956538168422177	0	0	0.00536200620914842	0.0760489642438706	0.0685325670437118	0.285357655172394	0.103121059893209	0	0	0	0	0	0	0	0	0	0	0	0.230099062158514	0	0.000219799930911385	0.206163073892455	0	0	1	0	0.173103987444592	0	0.173767656238982	0	0	0	0	0	0.0181650713511578	0	0	0	0	0	0	0.0755869973920721	0.0398736343746883	0	0.0530953338555083	0	0	0	0	0	0	0	0	0	0	0.0767005698599307	0	0	0	0	0	0.150191210782383	0	0	0	0	0	0	0	0.0187973010088024	0.154260257476474	0	0	0	0	0	0	0.032314202821364	0.00165123249372915	0.111503966729815	0	0	0	0.0764894531321413	0	0.0615290393497898	0.0236745065689695	0	0.0579796415042536	0.111829218690615	0.206887278173987	0.137265424407236	0.0264103433236007	0.0547935913396019	0	0.0271853055566495	0	0	0.150279557905344	0.109385109326758	0	0.00617406572475834	0	0	0	0	0	0	0	0	0.00273788620497151	0.067841643206248	0.137258723189095	0.238012859200084	0	0.096061540352862	0	0	0.290155535063625	0	0.15236204236262	0.138703657240689	0	0	0	0	0	0.163995470997318	0.115360872058424	0	0.00754537403196024	0.328033454309894	0.218634721215137	0	0.249304353024498	0.0136264247987368	0	0	0.243223655450507	0	0	0	0	0	0.110842615675391	0.0558911394798347	0	0.183229564090531	0	0	0	0	0	0.146838978764605	0	0	0.0808062840645017	0.155063847213282	0	0	0.0886785754642784	0	0	0.0148720897442701	0	0	0	0	0.0411530321307795	0	0	0.143144261511984	0	0.0421721591539059	0	0.0796392095039341	0	0	0.0271912126346814	0	0	0.0266163497100803	0.0778015551139099	0.0652154696224394	0	0	0.0839914217583691	0	0.0389063376246825	0.160882790422161	0	0	0	0.19737839363862	0	0.00779330927573525	0.0497488901933827	0.041032695116858	0.0381876703873989	0.0540145391546798	0.137681448861832	0	0	0.111978464123833	0	0.0520127638363553	0.148477626911505	0
0	0	0.190247850457298	0	0.119411455111528	0	0.109868141255848	0	0.0255743618333549	0.137512060190493	0	0	0	0	0	0.250324551175403	0.0649864343321002	0.111441479819494	0.102334405245967	0	0	0.0870154807134568	0	0	0	0	0	0	0.0856138899782744	0	0.0271735494275837	0	0.121027951246535	0	0	0	0	0.152067057518689	0.0389710824796261	0	0	0.028136547527945	0	0.102449119146833	0.177680247131612	0	0	0.0226744205019303	0	0	0.105975184473287	0	0.0423360926650575	0.0247431494962765	0	0.418284717002907	0.17124043205014	0.106141395226844	0.165298808973065	0.110042025917105	0	0.152032870553178	0.111335832513461	0	0.0889949053408913	0.137869783737474	0	0.184634830778646	0.125558010551129	0	0.0206673304520247	0	0	0	0	0	0	0.346660840086495	0	0.0170051680634876	0	1	0	0	0	0	0	0	0	0	0	0.114920821357068	0	0.0736612438218745	0	0.345909194017933	0	0	0	0	0.193208110877299	0	0	0	0	0	0.082491825384599	0	0	0.27306345772952	0.278932945872052	0	0.035837834082814	0	0	0	0	0	0	0	0	0.207298220177684	0.0489586325642885	0.0760421463424862	0	0.0125743746883663	0	0	0	0.138186612417939	0	0	0.0963012739955973	0	0	0.105050067844983	0	0	0	0	0	0	0	0	0	0	0	0	0	0	0	0	0.0392899814192085	0.0363558243024851	0	0.063634954388497	0.0180679635747808	0	0.148286427890492	0	0.0605985404375531	0.0747930991338041	0	0	0	0	0.0120122576870189	0.057373572136769	0	0	0	0	0	0.118103867529864	0	0	0.0301805462956789	0.392195740154001	0.295535901871218	0	0.165981792337455	0	0	0	0	0	0	0	0.06169654645642	0	0.138298907445547	0.102852554455768	0.0562409154581607	0.0635462081980886	0.21119642927335	0.185136171663046	0.0788121478441765	0	0.0922736066913578	0.304171020212971	0.252222993344216	0.163381016651119	0	0.228682982184923	0.226792332534964	0.089221791488892	0.0757529819786387	0.0291404143120221	0	0.295688293714961	0.0285655043608116	0	0.0718720609288461	0	0.29398921104059	0.321264654670241	0.320162807834538	0.196985343522438	0	0.200517225763248	0	0.0186008039415972	0.147753255867167	0	0.181340470768589	0	0.145409294819375	0	0	0.164762749444578	0.100640295318816	0	0.152652273923843	0.132569001088927	0.253613860483409	0	0	0.0515311319510512	0	0	0	0.0146498078650944	0	0	0	0	0.126934739035152	0.266516356988435	0	0	0	0	0	0	0	0	0	0.0118633911127723	0	0.0323132977326505	0	0.158195745890304	0	0.0434829823652622
0.177898706690097	0	0.133944011061617	0.142116864755387	0.201489716427806	0.243599072198264	0	0.159426002464521	0	0	0.00588531313543728	0.153173764970519	0.0080465836593236	0.0904921101599453	0.261257160378767	0	0.0416791135674428	0.214355169745471	0	0.0918038888628616	0	0.251057075630543	0.139672324930957	0.128773368143867	0.157996043045603	0.0160261707662464	0.127382835271489	0	0.379170012553471	0.0289162284876038	0	0	0	0.0071170724856529	0	0	0.00951772739253545	0	0	0.198561402543688	0.106828460614698	0.360161846305734	0	0.117017284668281	0.00743393398491261	0	0	0	0.0514012040853865	0	0.165721024723397	0.0324160015472425	0.031474552358108	0.0986549449200703	0.121895008917041	0.112170754071533	0	0.123554377033818	0	0.207042677348581	0.0241768606512688	0.0176552049898981	0	0.157860347514433	0.127246939461934	0.00309940571139152	0.316914151638481	0.244466314792382	0.288763382823145	0.196444675666899	0.153452922270396	0.223767974030919	0	0.00992778353256854	0	0	0.344594277092599	0	0.146773635826464	0.0326480653698704	0.173103987444592	0	1	0.00905293396290631	0.16460229962933	0.0464901422209538	0.00684329660693038	0.00837289134790459	0.198107510636759	0	0.0708218328965104	0.106728323398899	0	0.291527742500381	0.0768026944436786	0.209479356002268	0	0	0	0	0	0.363390189974284	0	0.00448599092581627	0.168501357025057	0.0861318547794953	0.0880933484894679	0.359753258941506	0	0.0736090828491021	0	0	0	0.128131190072214	0	0	0	0.0813717845451583	0.262873381564289	0.239406055382116	0	0.105621584236995	0	0	0.166821790528713	0.119216016213738	0	0	0.126002579659141	0.115877851989055	0.112122330393396	0	0.0451148496775156	0.163954516263554	0	0.266283297146378	0.0739526409115828	0	0	0	0.18896407306164	0	0.202452103525275	0.130621541049934	0.0802100218995154	0	0.183230725642336	0	0.328941035861702	0.0737279946234015	0.107676746587231	0.309845988441802	0.278773355754672	0.450189020996584	0.21509117134524	0	0.471577107223827	0.0618574771812978	0.0359559538373548	0	0.284703070967085	0.279033359491043	0.340639429386745	0.24654240753596	0.28815797054352	0.12412554561276	0.346321891354302	0.231744709106406	0.0437156407606524	0	0.420366757689322	0.0181805549319869	0.111107699141652	0.0774696985819456	0.171004574170353	0.03659915012911	0	0	0.072069564387533	0.136016592886263	0.0950106254846073	0.17072802960489	0.304377309968683	0	0	0	0	0	0	0.0701559175081534	0.203481570821255	0.0755554787201531	0	0.250730112634666	0.159664347682646	0	0	0.0103870916809916	0.0871994560913258	0	0.0152244405095954	0	0.0631026573999469	0.0843798243921528	0.157276160883394	0.412964764155168	0	0.0819625721510751	0.181790739270263	0	0.245625938503886	0.171173251284491	0	0.0846222123625648	0.0615504382188893	0	0.20227437030151	0	0.0987269771222546	0	0.100245313437768	0.0712070094625636	0	0.192151681466118	0.273171291289346	0.139048390682453	0.145624506911378	0	0	0.277751482324366	0.160373851168224	0	0.134336563624972	0	0.32343855944142	0.300690882966509	0.130679726444549	0.0898799590052007	0.239400056945184	0.217376299870129	0.147502019937174	0.00231197201476158	0	0	0.0350792698246182	0	0	0	0.101784913438095	0	0	0.0291728395287498	0.0234689991647391	0	0.0447286612122147	0	0.19828419005421	0.232166209299662	0.204387614685493	0.0588945548759116	0.14317701171062	0.041217978550829	0	0.237884591359152
0	0	0.109135763077564	0	0.0430472059426484	0	0	0	0.110049653552479	0.271040978918787	0.0991520882526736	0.128413196651824	0	0.00798528436244496	0.0598838926979508	0.224294664876217	0.0861557498459811	0	0.0262479132823123	0	0	0	0	0	0.0400874444385366	0	0	0	0.208163007606844	0	0.208584415764243	0	0	0	0.13086545951107	0	0.0191708906355414	0	0.116809338217921	0.097569548034154	0.111563206118446	0.0105818224901702	0.00366720692732621	0.220367105857977	0.263814358942332	0.155692491506549	0.00768581482010641	0	0	0	0.148850552629749	0.123800661064958	0.243205486652998	0.156530472214784	0.330512238366116	0.209401153430066	0.111949894904226	0.193953995067343	0	0.397786977847673	0.144811387407699	0.21048507874268	0.0902896375247503	0	0.224936508977901	0.0661393333738002	0.0663849113731865	0	0	0	0	0	0	0.0678436812081539	0	0	0.00122632498564503	0	0	0	0	0	0.00905293396290631	1	0.152542546870114	0	0	0	0	0	0	0.112648666115667	0	0	0	0.130189260867499	0	0	0	0	0	0	0	0	0	0	0.219134986170964	0	0	0.309669499766443	0.228209534194557	0	0	0	0	0	0.161064789180467	0	0	0	0	0	0	0.0788888953188975	0	0	0.12180861990931	0	0	0.0700228955344548	0	0	0	0	0	0	0	0	0	0	0	0	0	0	0	0	0.130411616479212	0	0	0.0152742245778616	0.207801003633312	0.0430265182873523	0	0.00301472705792175	0.0536687902723782	0.225320875015654	0.0406462894381765	0	0.188396117826475	0	0	0	0	0	0	0	0.0965818784474178	0.0309186281233084	0.121262693131037	0.0980443557200445	0.0655578761502593	0	0	0	0.289830760740676	0.123216433525015	0.25444063202376	0.186004157892084	0.264324633379201	0	0	0	0	0.121078930477995	0.24049890427731	0	0	0.0914884994877755	0.251128900346501	0.116167425750689	0.257587887715686	0.175887208917034	0	0.0779531400463047	0.49866598331347	0	0.407192474470887	0	0.155892883196983	0.119042190713931	0.132683624025166	0.327991712416396	0	0.307108393026606	0.243712451386156	0	0	0	0.102538401407821	0.0292514788339113	0.0176509601365037	0	0.105281941667507	0.123123725222247	0.107018332379871	0.148370980485344	0.417841199249394	0.130099549495074	0	0.0181585635317164	0.0690871765027032	0.0443040331865875	0	0.131251448591421	0.282856875699235	0.00143674778882603	0	0.0372113369197411	0	0.179192983276229	0.246649519108768	0.0893377370995791	0.0542148945704514	0.200763196449036	0.114705227337717	0.114309599566782	0.130420653029689	0.00782812299466563	0	0.0883291431152949	0	0.0307142436157411	0	0	0	0.0763157876477562	0	0	0	0	0.0101768871741181	0.0916370906254486	0.17412951223282	0.197677536616945	0	0.140503851228985	0.22436572156363	0	0	0	0	0.242436736235878	0	0.155011686190363
0	0	0.0724378542009689	0	0	0	0.168377221096283	0.0242434426704996	0	0	0	0	0.162136637975652	0	0	0.231656055251675	0.0385414234051597	0.110218497936819	0	0.050806746414152	0.0981542917274483	0	0	0.0262481654117373	0	0.192377912852226	0	0.107556316327773	0	0.146933454396973	0.0569924052202609	0.204994121975792	0.0146986397073198	0.0195788425859464	0	0.0408307542731946	0.0336913175196665	0	0	0.0647880931683635	0	0	0.15475656136088	0	0	0.110812775127404	0.0652971495383341	0.295171278552288	0	0.153243985913904	0.179840414331642	0.104034864701203	0.0155262705667851	0	0	0.150588524940576	0.26664867356193	0	0.115568653760627	0	0.0527828808692128	0	0	0.195167345768239	0.13934207691946	0.0574936771487863	0	0	0	0	0	0.0302728055267487	0.0663736555190182	0	0	0	0.0542600782992442	0	0	0.152294509648374	0.173767656238982	0	0.16460229962933	0.152542546870114	1	0	0	0.158402202504849	0	0	0	0	0.00742084188519405	0	0	0.108137677885465	0.0651914170251754	0.0967731165359791	0.0507505264082104	0.0142138681350683	0	0	0.0876391753192188	0	0.0490168286671215	0	0.184311670560472	0.0962908272280698	0.0363310967447997	0.0710222120419591	0.0406269308643595	0	0	0.160881815134601	0.00158514559393696	0	0.179475841104167	0.0272122892692834	0.0363088217488218	0	0.0145218610577436	0	0.233195452450439	0.186967430610754	0.128246248335617	0.181145190654746	0	0	0	0	0	0.402727308646333	0.102154804489286	0.0779367678192273	0	0	0	0	0	0	0	0.0211676711158522	0.039606680971281	0	0.150923615332953	0	0	0	0	0	0	0	0.0200704198771742	0	0	0	0.0128140552065002	0	0.0334103755155172	0	0	0	0.13981882872026	0	0	0.0917669578542993	0	0	0	0	0.00242208298948244	0.127097206423453	0.0316952886146914	0	0	0	0.136599735053096	0	0	0	0.1903032518704	0.00417088361502181	0.060118193362525	0	0	0.0282990394181052	0	0	0.0946611678342614	0.0895505451270979	0	0.278280328093498	0.0922289954835966	0.053039945707199	0	0	0.0335549514898478	0	0.216826625418541	0	0	0	0.233811507357106	0.0933595370709975	0	0.192129732316185	0.148035538928419	0	0	0	0	0	0.137042861639818	0	0.233982252389662	0.312933648214867	0.0163546147511155	0.0836179975848687	0	0.331044340333935	0	0.287562968985012	0.378124806782647	0	0	0	0	0	0.150574282287492	0.0268633849096378	0	0	0.106626013246321	0.223646679818205	0.0285573895746038	0	0.149009258816626	0	0	0	0	0	0.125445278295635	0.20565212281069	0	0	0.109173649449497	0.0754377552084879	0.105447497698384	0	0	0	0.178634633142112	0	0	0.0144416615114217	0	0	0.104661568466139	0	0.135660420246442	0.158045941807817	0.10493680369317	0.0558262610504786
0.158192233502085	0	0.105629824246072	0	0	0	0	0	0.0610520319760378	0.154618511075167	0	0	0.213692548172422	0.108985401832185	0	0.274857502168812	0.209631859171553	0	0.0179300887781653	0	0	0.0290732838488945	0	0.056676741735297	0	0.100460753871437	0	0	0.312117997145893	0.437364454655118	0	0.145610945744341	0	0.0490179339033956	0.313378987717238	0	0.252377329057933	0	0.223670996045646	0.184636282001526	0.188832025343695	0	0.0341287176561619	0.194477982171456	0.0569652705927754	0	0.395136578154637	0.0321113293143121	0.0354368766394066	0	0.136945905080013	0	0.184575815876499	0.349568500038974	0.075010414766943	0.10228042079507	0.155805909213242	0.104106191717759	0.0802499940574717	0.207020176904715	0	0.152200019726059	0	0.176877814299294	0.151502345063862	0	0.0443317492415143	0	0	0	0.0724190287704015	0	0	0	0	0	0.0185681316062511	0	0	0	0	0	0.0464901422209538	0	0	1	0	0	0	0	0	0	0.120484100513444	0	0	0.039143843715395	0	0.079533593352479	0	0	0	0	0.271018285900861	0	0	0	0	0	0	0.163718968640458	0	0	0.0185039072099019	0	0	0	0.184327366563004	0	0	0.00100433740657559	0	0	0.129984457976985	0.159376848061328	0	0.0881380096292021	0	0	0	0	0	0	0	0.193944212365537	0	0.200611809975058	0	0.0247194006915119	0	0.219565755359974	0	0	0.0559968468719928	0.114401544107974	0.0360313681863943	0.367203221225109	0.0454777988773848	0.00674415113541422	0.0234288888598541	0.0414811996495857	0.17157544330125	0.237296776706356	0.426829023762122	0	0.285338754355507	0.202075152436635	0.0452405524620377	0.153674192497511	0.217752431747063	0	0.0602346685161261	0	0.0346176029986245	0.281226203399402	0	0.0594863889598629	0.128919537083669	0.130914708772042	0.398544249863266	0.243423091694761	0.2433948349337	0.102361822452619	0.0239240115512936	0	0.475989141001686	0.136809399373651	0.249230372264378	0	0.353784826191642	0	0.0230844778515828	0	0.259436315660269	0	0	0	0.0367438690512896	0.215410884389721	0	0.128005939672053	0.169299026223311	0.498682128855339	0	0.204113294356347	0.424809694949636	0	0.0395330826843818	0	0.298558895139487	0	0	0.2149482947746	0	0.258514560777199	0	0.0837876791470491	0	0	0.0160836626243123	0.254815862099263	0	0	0.271454596512129	0	0	0	0.246263309392051	0.139092204744213	0	0.267907437440554	0	0	0	0.134317115919207	0.212873907062669	0.0988291697654121	0.16400779161545	0.121552267983737	0	0.0990953956307967	0.156907518989489	0.0578020552672796	0.0932549732970928	0.0864010651725799	0.222120331530708	0	0.0845598748426534	0.0920068709968387	0.156360307138517	0.0252106138668794	0	0	0.0158255933200479	0.0585212951255745	0.105905307636148	0.203142034456118	0.142484107135883	0.101097136754364	0.00963974172184911	0	0	0.148658014036758	0.243053734416132	0.53314239571856	0	0	0.246319695313563	0	0	0.132428589389298	0.27318031608367	0.2841783380006	0.165872657370482	0.331500201169142
0	0.00340427633517806	0	0	0	0	0.121613739382884	0	0	0	0	0	0	0.0647366656546919	0.136082026443532	0.269701011809816	0.221195294451453	0.180805447138258	0.245990232254264	0.144107071206141	0	0.0597173000826987	0.0780991373426991	0	0	0	0	0	0.0642559589016131	0	0	0.109115230250816	0.139433861052558	0	0.153455281981499	0	0	0.116208069309825	0.236520516518864	0.127774989367962	0.0171846799395175	0	0.117813930934442	0	0	0	0	0	0.0539885124701512	0	0.142164483172628	0	0.162925505027257	0	0.156372948767619	0.253113995633144	0.230802269161072	0.232846677039257	0.134234689666039	0.289217371745765	0.278350107932722	0.178709789321265	0.09301233810513	0	0.131821924043175	0.00204850377443428	0	0.218702089261362	0.0373639293639607	0	0.0130288281543563	0	0.0659927550233086	0	0.0910464417884971	0	0.149730669249128	0.171050706702914	0	0	0	0	0.00684329660693038	0	0	0	1	0	0	0	0	0	0	0	0	0.204023611804185	0	0	0	0	0	0	0.159534098542254	0	0	0	0	0	0	0	0	0	0	0	0.0721907974946387	0	0.0331831397212016	0	0	0	0	0.159437180472993	0.0646214625991549	0	0.0816244252273584	0	0	0	0.0309447770505771	0.0619922297317328	0.120876605053089	0.0478883322101708	0	0	0.117627703767741	0.0947400733911591	0	0.159774523688458	0	0	0.0844458630437167	0.0602511809126056	0.019600758168647	0	0.00386098698142747	0	0.2468828919694	0	0.000753960051506508	0	0.00658682539480306	0.0690278299425439	0	0.0761817287530572	0	0.252236515685071	0	0.305298244134301	0	0	0	0.246413429550498	0	0	0	0.210412912464124	0	0.141294176115499	0	0.00790558797502849	0	0	0.28692580832195	0	0.0738026386954591	0.098003494745794	0	0.00591955804652325	0	0	0	0	0	0	0	0	0	0.018263509168409	0.0158699406114471	0	0.180009198061403	0.102543919024313	0.0208537944744616	0	0.155325813289369	0	0	0	0	0	0	0.0723822100660798	0.00542011277151446	0.258964293474638	0	0	0.0839277213157992	0	0	0.162647255039523	0	0	0.0523403088665695	0	0	0.225256647948548	0.0964392220621474	0.00809445927298695	0	0.0996989422665136	0	0.217343044531907	0	0.0461809765785771	0.0152154463774044	0	0	0	0.0459537920531549	0.0816088919740345	0	0.299356474660279	0	0	0.0746519378858088	0	0.119295122715591	0.146681465163597	0	0.0804901824459685	0.0846133594750735	0	0	0	0	0.0432893491344873	0.146375018762272	0.018072570811997	0.228817783368629	0.128577656709075	0	0.118844429062638	0.032946861055021	0.0475759136210556	0	0.0777365633485818	0.0216603765935674	0.186991168957124	0.190608567833729	0	0	0.1923431503566	0.185989171171942	0.0896976766489225
0	0	0	0	0	0	0	0	0.072710269860636	0.0514180524388865	0	0.215410033493868	0	0.118311327298904	0.143806400580243	0.345834324142269	0.0428280194338871	0	0.070478293537932	0	0	0	0	0	0	0.175440026231794	0	0	0	0	0.0715341897116472	0	0	0	0.0569102009163558	0	0.0140186887998839	0.0805494744380886	0	0	0.219328283448269	0	0.0778911247430339	0.0553951783399106	0.160503977897832	0	0.115055155963694	0	0.149866007698056	0	0	0.156065743909273	0.102142499241926	0.0252410869142166	0	0.0466487713963255	0	0.287192192436554	0.162269649104278	0.0517318448673076	0.0493670101672799	0.130716521652143	0	0.0418189356231776	0.0455635672667911	0	0.0120933664903836	0.0515612958456736	0.0486264319979878	0.288723433031903	0.179095183408443	0	0	0	0.0454521258344996	0	0	0.0116687008365971	0	0	0	0	0.00837289134790459	0	0.158402202504849	0	0	1	0	0	0.280614531481113	0	0	0	0	0	0.00541022604509299	0	0	0	0	0	0.0301875317929244	0	0	0.00714634098041904	0.0686270342291205	0	0	0	0.0106525145958813	0	0	0.149366178631005	0	0	0	0	0	0.0776369235079436	0	0	0.0745001850867214	0.026836943281358	0	0.0470593497032423	0.00497275828732649	0	0	0	0.0622333785137459	0	0	0	0	0	0	0	0	0	0	0	0	0	0	0	0.11841307462416	0	0	0	0	0	0.00859959625043875	0	0.0303047804423963	0.00856253022355302	0	0	0.125366637763683	0	0	0.0789465446263943	0	0.0793867846816607	0	0	0	0	0.294574256978211	0	0	0	0.141692971349494	0.0719883067226491	0.212111500544827	0.129238621693961	0	0.0770930413486227	0.282277439002823	0	0.146297707693378	0	0	0	0.181098553788312	0	0.0788640166162278	0.487169345158246	0.215361097792708	0.0918985035925347	0	0.370278089722147	0	0.0767752432506591	0.170629159038038	0	0	0	0.105487298502751	0.0678878583199685	0.301701353826959	0.210782270321912	0	0.202933385465382	0	0.0381974248461573	0	0.0374572347033872	0	0.203483080551636	0	0	0.107783143583923	0.0994325116065539	0.16430127274296	0.0328589150591789	0.268766596780612	0.00790536814131465	0	0.376404774933407	0.004311837718594	0	0	0.0943969352961661	0.0864985285039087	0.287153756606401	0.0761824555279897	0	0	0	0	0.150631152535383	0.0418630455463765	0	0.24362606057834	0	0	0.0372067920282114	0.0506306488686467	0.185169938071514	0	0	0	0	0.0128651522938614	0	0.0228845545525085	0	0	0.0475653179799906	0	0.0233300084781038	0.0931289370465417	0.226905244657991	0	0.0718499236006486	0	0	0	0.332536399328725	0.0265774837364726	0.172424545386986	0	0
0.0313965747886842	0.213752205516654	0.139100648582429	0	0.0817519652735585	0	0.0171307728282155	0	0.09386335904612	0.126065277362672	0.0113386941207938	0.181864877279186	0	0	0	0.040812662017598	0	0	0	0	0	0	0	0	0.00226365712768148	0	0.0024535419289554	0.0477172286633225	0	0	0.336436559353556	0	0	0	0	0	0.281994830864236	0	0	0	0.192510034368794	0	0	0	0	0.150713842696294	0	0.04924823200804	0	0	0	0.130306955340228	0.0338349693837866	0	0	0.00762961192202701	0	0	0	0	0.0579397225810887	0.113625059607838	0.0152284777926083	0	0	0	0.0321236586934741	0	0	0	0	0.220963766113439	0	0.315427754391793	0.159547173333246	0	0.00371643302855398	0	0.0344593710164263	0.184685964681874	0	0	0.198107510636759	0	0	0	0	0	1	0.0524397119455447	0	0.144073271878458	0.173807907225119	0	0	0	0.247139943580065	0	0	0	0.040269868199568	0	0	0	0	0	0.0893339890471298	0.0404609112998954	0	0.143233535217567	0.109875296598801	0	0	0.125850732935368	0	0.115067177779934	0	0	0	0	0	0	0	0.174046354870217	0	0	0.286375182212674	0	0	0	0	0	0.289401748066339	0	0.227341638147396	0	0	0	0.0878895288245611	0	0	0	0	0	0	0	0	0	0	0.0129929015863628	0	0	0	0	0	0.247179348546162	0	0	0.256850569371566	0	0	0	0	0	0	0	0	0	0.123378507517592	0	0	0.165862573892158	0	0	0	0	0.0867367661425132	0.149957604714039	0	0	0.0252987911081209	0.131863807229033	0	0.228823916051883	0.403283090946721	0.00174181685973865	0	0.0300363989002588	0.35551537848426	0.0177261587513026	0	0.0921576997490419	0	0	0.0435526701369091	0.0395612209638852	0.0244286567436152	0	0.190283471901427	0	0.251453306099737	0.168289587921269	0.0164594431315553	0.135575005645411	0.158493494200002	0	0	0	0	0	0.117452585486188	0	0.0807081032825839	0.316790899220168	0.203743018100209	0.341811698846156	0.0855270912468389	0.00336104987064838	0.154913208171612	0.0528873041370252	0.263673755718532	0.0176247922190036	0	0	0	0	0	0	0	0	0	0	0	0.201589826051396	0.156453017820303	0	0.0549319929173515	0	0	0	0	0	0.300387723850342	0.138548040504054	0	0.0904484745108328	0	0	0	0	0.21403119747079	0	0	0.0683411507601307	0	0.40572051931594	0	0	0	0	0	0.247369097434191	0	0
0	0	0.0623662647740363	0	0	0	0.207935651103761	0.024627249071505	0.101989399879234	0	0	0	0.0873072809360474	0	0.0870316540954475	0.307377000472563	0.103890029307574	0.00500432716679895	0.018649388011436	0.0492753396953383	0	0.198789706493948	0	0.0683592347371244	0	0.107093756315331	0	0	0.0514427462880831	0.181906449861534	0	0	0.0795283300808976	0	0	0	0	0.322096642530816	0.0902095400389878	0	0	0	0.157450476232311	0	0.0740435327506744	0	0.124927424358469	0	0.0210875526506465	0	0.299128759288791	0	0	0.313055671940072	0	0.287815766938691	0.168393960606546	0.114076049113017	0.124314005085131	0.18181505559648	0	0.0515915319238965	0	0.163316477593853	0.220366700041443	0	0	0	0	0	0.0729318910209604	0	0.00895371750387164	0	0	0	0	0.175038621969996	0	0	0	0	0	0	0	0	0	0	0.0524397119455447	1	0	0	0	0	0	0.124928987356796	0.114073799646176	0.174944648069579	0	0	0	0	0.281380688645244	0	0	0	0	0	0.0601984292210999	0.0776853037423092	0.175674469870967	0	0.155453615555076	0.0937825406510821	0	0	0	0	0	0	0	0	0.125483827371974	0	0	0.179150711929964	0	0	0	0.03845823766456	0	0.0511276761326884	0	0	0	0.15875054430831	0	0	0	0	0	0	0	0.0286457419524281	0.0669989167010291	0	0	0	0	0	0	0.177689098434609	0.085222568136621	0	0	0.114161379186384	0	0.0792787985643368	0.253458710904871	0.0511100699720306	0.106089451311194	0	0	0.0516782628267468	0	0	0	0.113516142799481	0	0	0	0	0	0.131824658503828	0.255882611714304	0	0.0491488037829838	0.17199826430032	0.288770879703219	0	0.171309645462375	0	0	0	0	0	0	0.0644821436379096	0.259600725662399	0.0850233324126078	0	0.231326882984882	0	0.0269936794710473	0.0587952297681687	0.208038818865927	0	0	0.147694128818621	0	0.0340119678382255	0.389145599556306	0	0.0849615943162986	0	0.063966470536406	0.17803888448825	0	0.0295344266691675	0.29018104460663	0.0675480744086841	0	0.307957678765034	0	0.247138122352341	0.153317453812669	0.317369241227532	0.166454242518997	0	0.469229753595911	0	0.237756778582294	0.190884451337743	0	0.0760091400196459	0	0.221317524043237	0.0617752697233356	0	0.144662547243073	0	0.0894568461604025	0.196747490740015	0.191679592161367	0.368584427229414	0	0.137551297663446	0.0223810459590712	0	0	0	0	0	0	0	0	0.201083502539293	0.351435120952448	0.17756998061042	0.0957365437998083	0	0	0.00465300398064508	0.0607848799746985	0	0	0	0	0.014372393930288	0.0157667661937945	0.0715729464212916	0	0.127620711270063	0.273910751266374
0	0	0	0.0530346105299125	0	0	0.0886258851667997	0	0.225856312693689	0	0.0732146419098827	0	0	0	0	0	0	0	0	0	0.0478278778200632	0	0	0	0	0	8.69337055434633e-05	0.098478736535107	0	0	0	0	0.215055194727866	0	0	0	0.166589068427784	0	0	0.0511656366598267	0	0	0	0.0727056297619556	0	0.0761203197948609	0	0.158811140483774	0	0	0.660691031419805	0	0.027923239908162	0	0	0.244674502288386	0.273663501222076	0	0	0	0.0410408169989235	0	0	0.0370218751419372	0.157539611960958	0.0313695827867542	0	0	0	0	0	0.0876928469665351	0.0470048534268932	0	0.123804812051493	0	0.0958088104132432	0.0998004686136071	0.0518186004183815	0.177121134962409	0.0181650713511578	0	0.0708218328965104	0	0	0	0	0.280614531481113	0	0	1	0	0	0	0	0.130046446617144	0.182729143202513	0.211659422838888	0.247808435562119	0.157104885186729	0	0	0	0.0537684753395494	0.124939193943592	0.0475745787735542	0.062902782071908	0.15364450826381	0.0876345458683453	0.129551906545063	0.287856038127618	0	0.18432793248504	0.104299372923644	0	0	0.165843753012417	0.140615295091779	0.327162467767428	0	0.257834595967843	0.00243871713093247	0.0597830023854362	0.241452462466895	0	0.249573640009425	0.0319205700908429	0	0	0.0674006094343208	0	0.462850291591872	0.17485916009552	0	0	0	0	0.120866730978503	0	0	0	0	0.0355269573818395	0	0.169459072956911	0	0	0	0	0.0731176947439885	0	0.103648720936435	0	0	0	0.129860046881105	0	0	0.00802245705078761	0	0	0	0.0943322492286853	0	0	0	0	0	0	0	0	0	0	0	0	0	0.0676163431858853	0.130441710388907	0	0	0.148876619847529	0	0	0	0.111857884112425	0	0	0	0.168812917578537	0.0330108703294538	0	0	0	0	0	0.0745082533007668	0	0	0	0	0	0.178602514919763	0.0128770070164365	0.0648036829135276	0.0659291457262237	0.00225357207412485	0	0	0	0	0.177045181093066	0	0.110620808155453	0	0.127344983959603	0.256730809464388	0	0	0.0441647103825431	0.200376708014133	0	0.463723786663811	0.215190591109915	0	0	0	0	0	0	0.0287638191777909	0	0	0	0.359117075170604	0	0	0.242174164159569	0.215977920234199	0	0	0	0.105382670013732	0.259474471402037	0	0	0.413619275427111	0.00874382099088477	0.0363770689621014	0.191122568447861	0	0	0	0	0	0	0.0723136189742286	0	0	0	0	0	0.0359595327357204	0	0.13285916485818
0	0	0	0.00621710633352898	0	0	0	0	0.185854120158663	0.0860217494619043	0.0471667694204255	0	0.13726986067459	0.217836177397451	0.138849887694646	0	0.186568678533329	0.177310808527887	0.0301350685548208	0.264218159773688	0.227465275228954	0.252604632637792	0.19404270667479	0.279828767969859	0	0.126199165949407	0.346526180154742	0.017762443221004	0	0.133356162150634	0	0	0.0775755202331396	0	0.346456219896401	0.0286608013040824	0.00799695967646574	0.297437557313385	0.256904228982239	0.0823577986228808	0	0	0	0.193970701251089	0	0	0.322881740476034	0.116750073713906	0.161261777421687	0	0.171340335545114	0	0.0889302926599291	0	0	0	0.0246775261362265	0.24795301723496	0.0154403053597205	0.114591525880646	0.0944537436520608	0	0	0.107995702403475	0	0	0	0.0324047311789485	0	0	0	0	0.0628815698796799	0	0	0.000274724786745444	0.0456170819734835	0	0	0	0	0.114920821357068	0.106728323398899	0.112648666115667	0	0	0	0	0.144073271878458	0	0	1	0.0386012377431623	0.0952884239443432	0	0	0.0848965563744585	0.368295449954854	0.273487222782408	0.268949405701571	0	0.147387447735758	0.328360091445545	0.0543632171261595	0.0339758292534791	0.137868823075732	0	0	0.103317641118262	0	0.0263951370856079	0	0.194155927915349	0	0.0973387331236124	0	0.135133689599903	0	0	0.213750658252567	0.202213374951739	0	0.365366776414211	0	0	0.23685354259287	0	0	0.23066733104764	0	0.00633382090356371	0.126732828720775	0	0.353272421335927	0	0.213682337899475	0	0.244049204655525	0	0.103840974494673	0.106710118104171	0.0572172176800027	0.259640128255247	0.142498670413216	0.171293726748607	0.240384162318517	0	0.233880448153641	0	0.128217904155985	0	0.140389762420673	0.316615828138086	0	0	0	0	0.160884250298182	0	0.0529296297849972	0	0	0	0.284060053224104	0.127649615463004	0	0	0.218463776343925	0.253871532312068	0.219692446049899	0	0	0	0	0.123020708219252	0.164094393980498	0	0.0987255550484337	0	0	0.0155113217473904	0	0.282906360082837	0	0	0	0.0805608665356867	0.255194914368481	0	0.0305636329355585	0	0.13668288389488	0	0	0	0	0.0311779828944116	0.0877254736904826	0	0	0	0.172139460996253	0	0	0	0	0	0	0	0.244545438687783	0	0	0.234643230412469	0.0787372926204397	0	0	0	0	0	0.235962467454381	0.027092595975197	0	0.0137336986364681	0.0684598144827296	0	0	0	0	0	0	0	0.155037508738157	0	0	0	0	0.00808541615410841	0.0760967300359002	0.257047121729161	0	0.270378875239905	0.12285820321035	0	0	0.00972999225311427	0.0932633949987568	0.296120547121287	0.259528423581545	0.37363156273857	0.11410146096725	0.133140705692166	0.0325652531190939	0	0.102741434532003	0.0699095367357313	0	0.167541746846108	0.0474507055342851	0.112031122983069	0.0201810537920877	0.196689840961622	0.0410446792084821	0.37383505716851	0.106306358568422
0	0.0363114082957395	0.130062004743363	0.0784090576504658	0	0.0538821698351532	0.220042495271389	0.0612256514035416	0.075279229625059	0	0.0955375346546308	0.0572868271044935	0	0	0.110243294867394	0.195269010125888	0.155398748542175	0.194874863493996	0	0.00672672762238559	0	0.0750013792010054	0	0	0	0	0	0	0	0	0	0.0908731511219384	0	0	0	0	0	0.115038980439423	0	0	0	0.0778972429207508	0.155987821889262	0	0.00185903481573859	0	0	0	0.260355202579714	0	0.0741320178485219	0.222243356721709	0.126255841088228	0.0758252589977333	0.100511297679449	0.0718766029276883	0.140899521731824	0	0.221234224411677	0.075195712644243	0	0.204010413775534	0.109587810533576	0	0.306940535237321	0.175080039121294	0	0.0884960008483027	0.134836252593103	0.190594158952897	0.0225601755902569	0.00774667905811735	0.0110045103725313	0	0	0	0	0.0769893318536277	0	0	0	0	0	0	0.00742084188519405	0.120484100513444	0	0	0.173807907225119	0	0	0.0386012377431623	1	0	0.00366006515526592	0.0759419451213163	0	0	0.0143057538410729	0	0	0	0	0.0371804790475223	0	0.157924820403116	0.0569578367225891	0	0	0	0.016845684012813	0.0249411820555438	0	0	0.00865296446993469	0.0263097060857629	0	0	0	0	0	0.101057519633398	0.12657313322786	0	0.0150173651438377	0	0.147746563627563	0	0.0351090464464046	0	0.250615765156893	0	0.0263346788431805	0	0.059125553756485	0	0.130274010512259	0	0	0	0	0	0.0751396204182709	0	0	0	0.144726648903357	0	0.156306676213855	0	0	0.0265065311096956	0	0.068731691085261	0	0	0.0301934173909465	0	0	0	0.120066805262545	0.00184409341399554	0	0	0	0	0	0.104189805551375	0	0	0	0	0	0.040886112778103	0.017681921426146	0	0.0199938318362834	0.100773891772315	0	0	0.00909091765069519	0	0	0.126757324153087	0.195390339208548	0.0451686235556189	0	0.238336151809371	0.30514213060733	0	0.118144776049037	0.0572462151205449	0.1484013402416	0.110879246049638	0	0.00910524575317151	0	0	0.0375721429509835	0	0.186119139855883	0	0.225410746699111	0.0158586975403806	0.0712273512917089	0	0.0559872013139102	0.201740636501827	0.0259702000787656	0	0.150846220452841	0.0605368111828865	0.0095889098818028	0	0.165475656080229	0.229363174740226	0.140188576638992	0	0	0.092172926173357	0	0.118905640081556	0.062242405126011	0	0	0	0.104841438678957	0.038195115485773	0.133615767520384	0.160799643279606	0	0.0832131369310432	0.287409211995739	0.188071812814583	0	0.130305380455512	0.176071926141253	0	0	0.0145202636820496	0	0	0	0	0	0	0.126797894272596	0.118010968967189	0.0797627596779522	0.156565787290758	0	0	0.111728111674787	0	0	0	0	0.031553248329661	0.178020114859056	0.12856371277084	0	0	0.0120386340078337	0.1593483063556
0	0.146909856723075	0.0820339510540205	0	0	0	0.132953432547049	0	0	0.14397005948449	0	0	0	0	0	0.183641310725856	0	0	0	0	0	0	0.0622257279778904	0	0.110928662416298	0	0.0566875293550949	0	0	0	0.340348524425493	0.0462606511141467	0	0	0	0	0.0964673269788926	0	0	0	0	0	0.261280563363042	0	0	0.176515727645847	0.0507239510149281	0	0	0.166344290844335	0	0.29507376884848	0.259598334836733	0	0.00738084338567813	0.00333227420150996	0.162757784557191	0	0.0284436419769577	0.0778984613054926	0.138128472779474	0.399557521929352	0.169152889978036	0	0.0928436183747514	0.140840821696948	0	0	0	0	0	0.034807598158813	0	0	0.184328756306534	0	0	0.00392533722281396	0	0	0	0.0736612438218745	0.291527742500381	0	0	0	0	0	0	0	0	0.0952884239443432	0	1	0	0	0	0	0	0	0	0	0	0	0	0	0	0	0	0	0.0198416286123098	0	0	0	0	0.0774748286981024	0	0	0	0	0	0	0	0	0	0	0.551291063259051	0	0	0	0.0534893959238731	0	0	0	0.291994202905371	0	0	0	0	0.111832492526329	0	0.019851613463153	0	0	0	0	0.278101402195977	0	0	0.0237183225526589	0	0	0	0	0.00890906920923843	0.118896953718544	0	0	0.0723849639395793	0	0	0	0	0	0.0141608296295518	0	0	0	0	0.00136332174397473	0	0	0.00415419398264352	0	0.0755837085204966	0	0.200319958979152	0.187994980812618	0	0	0	0	0	0.504807531542644	0.482573559920298	0.152003561687968	0	0.0665439042204897	0.480582153982729	0.0528499391585879	0	0.154120365680397	0	0	0.119693247314493	0	0	0	0.243517604999138	0	0	0	0	0.0910392641355591	0.0470324299114685	0	0	0.0290581037710245	0	0	0.0438423132702426	0	0.142645489997502	0	0	0.258138940905322	0.0222403753418669	0	0.0102554550936741	0.0749653987143111	0.0872439074069518	0.0983300745072836	0.0145199657552049	0.112394873166101	0.0192966714537916	0	0.0127982627828776	0	0.205084223832832	0.0734228842563	0.0124850553544184	0.148506459359217	0	0.265404115395575	0	0.0546793241671341	0	0	0	0	0	0	0.255662077452435	0.288219293691695	0	0.00555330327412968	0	0	0	0.211943056813807	0.148044158867132	0	0.0648811604763185	0.0906310130142547	0	0.227281159524902	0	0	0	0	0	0.0989165493899231	0	0
0	0	0	0.0298833540415795	0	0	0	0.0287444584804887	0.20709734940075	0.124536744087991	0	0	0.149159785315989	0.254958059679291	0.06987720700961	0.216684303591613	0.140391431042437	0	0.0828847686155685	0	0	0	0	0.230363066617661	0	0.17829489798471	0	0.060587852767788	0.153049940669598	0.244713363126326	0.0802914511387081	0	0	0	0.0491756984507262	0	0.154853341346239	0	0.174206607132418	0.130319862472358	0.0593615144129051	0	0	0.179345823504955	0.314909916547476	0	0.306388064915842	0	0.0956230950829227	0.020627177174891	0.040192938484025	0	0.159900698024288	0.234802457264308	0.0963703979618831	0.069238155695207	0.0874324787998412	0.240037331567541	0	0	0	0.0358498836140846	0	0.122408461644756	0.172940434574448	0	0.0206007012039194	0	0	0.0285189678917031	0.000674034733696702	0	0	0	0	0	0	0	0	0	0	0	0.0768026944436786	0	0	0	0	0	0	0	0	0	0.00366006515526592	0	1	0	0.0665111145985929	0.0135547471714912	0	0	0	0	0.194909058307975	0	0	0	0.232679484018671	0	0.0774143438959524	0.237814620859921	0.115466442243571	0	0	0.162057445728209	0.0062466028683539	0.00720549127123757	0	0	0	0	0	0	0.127889988831784	0.209119573888557	0	0.0302397787405353	0	0.130851174776242	0	0.0445378948591941	0	0	0	0	0	0	0	0	0	0	0	0	0	0	0	0.092070907730966	0	0	0	0	0.131431137351392	0.098881045292005	0.164147807649118	0	0.0102543845381203	0.0935229016549117	0	0.0292782892474348	0.022006241797794	0	0	0	0	0.285432984195238	0	0	0	0	0.239800956793447	0	0	0	0	0.174464124277967	0.393052237772112	0.158021695335421	0.251129740755258	0.137868666498142	0.330788578170357	0	0.107632130990981	0	0	0	0.132629286003419	0	0.0424706400433939	0.185791400422485	0.0899317321047191	0.234830761876159	0.00918817960245986	0.402653818152393	0	0.0185912448648084	0.269350756452053	0.21636635168819	0.214711798538472	0.0662552100909444	0.102035823741808	0.210402540512759	0.0566061944301313	0.262569110773721	0	0.138009126093747	0	0.171150771338018	0	0.0422142561870656	0	0.0959681866519398	0	0	0.217222283076336	0.0210802535506784	0.0923524103772726	0	0.166860907832337	0.0507199282452665	0	0.39055027477975	0	0	0	0.015009515717393	0.0528362136538197	0.270592342569016	0.106605644799747	0	0	0.151404842875258	0.00910020753549116	0.0421918808123094	0.0529726100391356	0	0.235894204560981	0.0304263329279278	0.276036511782208	0	0.138602760378215	0	0	0	0	0	0	0	0.00422487054770731	0.0390284081547089	0	0	0	0.178703234140733	0.17777622107482	0.319263281120134	0	0.00501791517716838	0.0595874559374037	0	0	0.0116817557398092	0.123385655736153	0.174754203060536	0	0.283798083602043
0.0760370566756251	0.0482978819000888	0	0.0074408172845792	0	0.150661681602117	0	0	0.105242806525286	0.16341780896826	0	0	0.0127392275993421	0.143100629402578	0.0131401883758961	0	0	0	0.0824561761539486	0.0377344149122796	0.0233337187494366	0	0.446741432687826	0.123791267257767	0	0.00208335032207013	0.407513972549628	0.288012484950498	0	0	0.151156216353598	0	0.0717035414957248	0.0222261939839887	0.166784680715864	0.0546882648949668	0.0151860883881271	0.00722077937781181	0	0	0	0	0	0.0568591706011719	0	0.0360376042174396	0.0927555383571644	0	0.0892318714667593	0.225335759207926	0	0	0	0	0	0	0	0	0	0	0	0	0.0352308216848724	0	0	0	0.0274922664100211	0	0	0.11022780091611	0	0	0.00998117948260027	0	0.18988478040006	0.214926690055126	0	0	0.110992297944032	0	0	0.345909194017933	0.209479356002268	0.130189260867499	0.108137677885465	0.039143843715395	0.204023611804185	0	0	0.124928987356796	0.130046446617144	0	0.0759419451213163	0	0	1	0.191841775818199	0.256410531319375	0.114110091026038	0.186474635327777	0	0.159936706698345	0	0.130682009389605	0.122916156296664	0.290482157432597	0	0	0.0507157913823097	0	0	0.0265132522824179	0	0	0.00437871917906628	0.136753366826633	0.150069607752189	0	0	0.0426190237428139	0.0141349199897722	0	0.0658921931390903	0	0	0	0.345230773939076	0.17858157267915	0.308790017656754	0	0.0913408144489243	0.136434408080165	0	0.0786151130577683	0.3800149679527	0	0.117453075942006	0.0842016840803254	0.152837088727613	0	0	0.158151394205975	0	0	0	0	0.144592832890942	0.338435715877703	0	0.164533440756083	0	0	0	0	0.00736025753853044	0	0	0	0	0.178482686899398	0	0	0	0.156695874820244	0.0254176023368758	0	0	0	0.0749686680715381	0.0323332528177011	0	0	0	0	0	0.0234882768664113	0	0.224686186744015	0	0	0	0	0.0844791048205391	0.33285286457439	0.178014202164092	0	0.380412633184029	0.180240175601296	0.139878709225364	0	0	0	0	0	0	0	0	0.219258210099777	0	0	0	0	0	0	0	0	0	0	0	0	0	0	0	0.0750762717097874	0	0	0	0	0	0.0363285784087452	0.185549058395346	0	0.00909993630795565	0.0731988046447609	0	0.0302529649066509	0	0	0	0	0	0.0404421552655239	0	0	0	0.155434523930828	0	0	0.0109248273141622	0	0	0.149892529013716	0.16429836738383	0.144466074668181	0.0610134593558018	0	0	0	0	0.287021308658761	0.476512230079774	0	0	0	0.197982172595831	0.232415371674453	0.0338632048004808	0	0	0	0	0	0.0717545085574844	0
0.168420209845861	0.0916627857456965	0.261291626985412	0.0116085653698498	0.25346954218781	0.0985041788386649	0	0.0280536334019252	0	0.103658614215313	0.0568009076337994	0.0671538739144727	0.0382843898198419	0.00818752327409144	0.180802861112521	0.207580209938876	0.310146445675679	0.403071322466001	0.143125024541427	0.200864523052653	0.118148900944423	0.120604689633131	0.192944279880695	0	0.279069311480585	0.0813544085277808	0	0.155107273082058	0.229697421278524	0.0594720710397036	0.1858869880672	0.325241161397753	0.0542204904673939	0.295301611612307	0.0037621343582255	0.234688693566699	0	0	0.281473504708178	0.474272942754181	0.0550984266209827	0.273976349667415	0	0.0195431868088361	0.00986570033523671	0.0790609742773617	0.0258239656379016	0.181596384490268	0.241226762237932	0.200248240535634	0.0793222633086113	0.183093813672945	0.407915600829543	0.0376409199061013	0.20123115675422	0.165457970302735	0.0241455981842172	0	0	0.0978710610777993	0.00546278566516108	0.248770993545919	0.177204685807791	0.0591709147727229	0.119066167783354	0.1274097892699	0.113008261850883	0.294685411512508	0.0941978005116693	0.040696177559573	0.152655703587012	0.130472757042063	0	0	0	0	0.151730544651741	0.117038234079066	0	0	0	0	0	0	0.0651914170251754	0	0	0.00541022604509299	0.247139943580065	0.114073799646176	0.182729143202513	0.0848965563744585	0	0	0.0665111145985929	0.191841775818199	1	0	0	0	0.115703444715045	0.272943060366016	0	0	0	0	0	0	0	0.00414804842428537	0	0.167735201763433	0	0	0	0	0.0647791024967561	0.203777226421231	0	0	0	0.223181629020241	0	0	0.0514743285054896	0	0.066728680201413	0	0.179489746416796	0	0.149930191969731	0	0	0.156801079524383	0	0.182636513561985	0	0.00553250207641337	0	0.18185351651937	0.281887141666027	0.115562444997019	0.0858576681918395	0	0.020997915992591	0.0132399542390528	0.452584812771456	0.0666248243789925	0.513027303004972	0	0.00869066036435108	0.0351791011737827	0.100066568837427	0.281247663090491	0.30830268011883	0.0814061751441294	0.153254929433948	0.199406571191347	0	0	0.147967769794288	0.045948081929503	0.0532729034309105	0.152515443213653	0.127444919798623	0.332787462029714	0.0812668900535821	0.483074509823447	0.191726035993864	0.104929809276552	0.242623169720245	0	0.111856335569735	0	0.114820156698087	0	0.321236780329189	0.0317516670740549	0.192644686182741	0.118140352800042	0	0	0	0.153692371159225	0	0.114308322842286	0.117808266455719	0	0	0.134065036117217	0.286326257074943	0.218072089860724	0.166936554716533	0.128976700364713	0.307301428821332	0	0.170059498124659	0	0.096863837134573	0.00489888754272511	0.0740484065184658	0	0.0784192758045585	0.427529325364758	0.24264642614052	0.0710425225952545	0	0.102379775802327	0.364401397770811	0	0	0.0478643972830768	0	0	0	0.00608953092365278	0	0.0357899629145026	0.0626755541604395	0	0	0.0447372697152629	0	0.0906041591271127	0.0377005873824834	0.184590042117338	0	0.0816208438216184	0.11633137512973	0.189036692044262	0.0636854786459736	0.00584196035352916	0.0775991659880749	0	0.014412900980724	0.147830564264899	0	0	0	0.181412578788332	0	0	0	0.109908412631697	0.0771791129744634	0	0.115471125075648	0.0957725356193558	0	0	0.0100221569177386	0.219051641774959	0.247723708763479	0.127240442316684	0.0194599439729347	0	0.0558732488843071	0.299085145732248	0.303857701097898	0.239010338460702	0.00350655225234	0.122107180715137	0.189285414347307	0.116819548535345
0.0481125560748283	0.109494732566923	0.244846841173256	0	0.213985448141123	0.205210381062971	0.156149530922217	0.0934475693087887	0	0	0.062029011073745	0.402369476095038	0	0	0.0178461669805755	0.216447707564322	0.0282232223487174	0.107757204168103	0.12035412366083	0	0	0	0	0	0.288500020302841	0	0	0.162454534498668	0.0650263810532904	0	0.430527253321002	0.00132269540465707	0.0319189881140565	0	0	0.121463603420396	0	0	0.03132144863536	0.238708849809362	0.102249813593166	0.273714672845715	0	0	0	0.0395639751281851	0	0.0241892637839167	0	0.0830844763727259	0	0.339248867262977	0.360985201313751	0.0065091312869124	0.198047449013675	0.182623131862733	0.0572813582942672	0.0632374011875203	0	0	0	0.300961530560349	0.168500352749849	0.00532018000479284	0.236675397967136	0.223432641548319	0.0515631843726748	0.0544070461314222	0.269659206853792	0.0853522180276284	0.122627794782147	0.107411189529998	0	0.0640407125990638	0	0	0.107122377714631	0.0553403958556369	0	0.0590285882659057	0.0755869973920721	0	0	0	0.0967731165359791	0.079533593352479	0	0	0	0.174944648069579	0.211659422838888	0.368295449954854	0	0	0.0135547471714912	0.256410531319375	0	1	0	0	0.122261101921607	0.187566706414227	0	0	0.183448178255489	0.0307991892394221	0.33626704838403	0.0161857704218112	0	0.265103179764188	0.164000117041773	0.161955881618256	0	0	0	0	0	0.0794526068052511	0	0	0	0.0992619071571179	0	0	0.10151435162185	0	0.243487302027013	0	0.0238561984923823	0.00649416376235109	0.0354035129220626	0	0.320008664335686	0	0.144263040780262	0	0.0732331178230137	0	0.0811287021625352	0	0.0306476517684312	0.00933667372374062	0	0	0	0	0.271212004106925	0	0.146129051129568	0	0.0228203768641804	0	0	0.164213697365895	0.203232017499259	0.019963505784067	0.218752627885535	0	0	0	0.0197741638247644	0	0.0205431484577854	0	0.0986251686424816	0.107719302463762	0	0.14044292149442	0.136468641760618	0	0	0.0129318040912211	0.17126471167069	0	0.0640993186649927	0	0.263914165776467	0.0335575183630436	0.277915768887527	0.231588710518269	0	0.151045754011274	0	0.256756274729063	0.177771378797495	0.285430232977523	0.0249845886181735	0.143549383041862	0	0.307449020937504	0.171879413707659	0.222438041355311	0.0932303312658897	0.273195415137766	0.370604411566412	0	0.180996493131391	0.0279985189562709	0.192468797124193	0.228513186792966	0.411213278286635	0	0.138982523176321	0.427197528370331	0.474055082795967	0.183404521315554	0	0.183610980878075	0.0632565577677904	0	0.189563795759305	0.1236790028277	0	0.159867946920124	0.261203174904939	0.243447043876812	0.311148171595095	0.0176914763175406	0.23151725611503	0	0	0	0	0	0.0312519124680101	0.207327430204365	0	0.0569363059255926	0.13082962194541	0.0477829858986905	0.120784564523324	0.144762739507278	0	0.019937110435028	0.0112152383677835	0.0753955630391767	0	0	0	0.215811196468372	0	0	0	0	0.0650833704805021	0	0	0	0	0	0.0607302631925021	0.0258212933034938	0.281698258474585	0.0912704452934804	0	0.0739456312996362	0	0.159356715348575	0.102766042169589	0.233473717986988	0	0.0818862280672834	0	0
0.0150655248979424	0.0482029322406784	0.214511614521731	0	0.107443319758729	0	0	0	0	0	0	0.0723775842810143	0	0.0234738432169508	0.0185101292445719	0.41255173653826	0.0106311554604873	0.0615255826017176	0.173584121571292	0	0	0	0	0	0.014052388532107	0	0	0.00422029759554687	0.114475023724187	0	0.394167453817264	0	0	0	0	0	0	0	0.247542297546217	0.239642373001719	0.0592823917318993	0.199736575545262	0	0	0.166688033219402	0	0.092586581203089	0	0	0	0	0.317046656068694	0.279064569345342	0.194168125769175	0.283686212390173	0.126034835057619	0.0786735603785196	0.210439388551429	0	0.0593674626691158	0	0.271525272895622	0	0.0481253790082965	0.329120704606286	0.256475533638794	0.0949985899652856	0.0273919468453081	0.184182903337978	0.149037205090421	0.247435045247296	0	0	0.0277291013830368	0	0	0	0.0771657173584807	0.00786642691633129	0	0.0398736343746883	0	0	0	0.0507505264082104	0	0	0	0	0	0.247808435562119	0.273487222782408	0.0143057538410729	0	0	0.114110091026038	0	0	1	0	0	0.17998111952812	0	0	0.0352859875520035	8.54925679534117e-05	0.0711405066825059	0	0	0.106547379866175	0	0	0	0	0	0.00885096947041306	0	0	0	0.0734283681564951	0	0.0585026447866325	0	0	0.129386273430163	0	0.107250823036931	0.0146549026580768	0.189766004946474	0	0	0	0	0	0.0488090912775228	0	0	0	0	0	0	0	0	0	0	0	0.202807789176248	0.133198361442965	0	0	0.145377357075658	0	0.0287873806340647	0.191802379456229	0.149567300579954	0.020985663538488	0	0.109825188421833	0.0977258014211167	0	0	0	0	0.0630155546151407	0.0381065600812504	0.0769253279601019	0.153658487375981	0.177741708911861	0.182812567806178	0	0.0413002642892593	0	0.216745969343289	0	0.208901206949474	0	0.0594919703296803	0.0869520170143473	0.239434857599525	0.0117468258007894	0	0	0	0.132396285860209	0.14467423965352	0.281445000253391	0.0696694862445054	0.0358683408326535	0.0297918485986459	0.236050218144146	0.160418045055546	0.240056869598526	0.0272888695498231	0.133598044562524	0.329045416490659	0	0.120878783232987	0	0.187682420282091	0.100731970821158	0.153160287403022	0	0.0275805181620428	0.29106426042726	0.202617765247312	0.283924995228481	0.0180826501790452	0.215001842059991	0.0994763074496249	0	0.115947684092586	0.171282098968531	0	0.0592826014718857	0.108008073858685	0.14010518374431	0.351442740027662	0.0714327022041215	0.0441903523833888	0.00449879615752723	0	0	0	0	0.0367634411813416	0.300635838265418	0	0.00675708319251974	0	0.195764208520304	0.147989359971571	0.231566851481178	0.050607482799969	0	0.0747793024327197	0.235687139726601	0.0025000641123749	0	0	0.0417179938916027	0	0.0565768786146335	0	0	0	0	0	0.00508319523257242	0	0	0.0292937942208547	0.0452731024166384	0.0918916533247766	0.134160001888365	0	0.173217563056495	0	0	0	0.130054091662403	0	0.140246519244537	0	0
0	0	0.174355812273505	0	0	0	0	0	0.0903471133938054	0.173998877253274	0	0.139653488497824	0	0	0.006607330463897	0.371112565333086	0.176475520775815	0	0.061687134242141	0	0	0	0	0	0	0	0	0	0.134312066424521	0.0938572138567757	0.0678586904811485	0.0887319569425586	0	0	0	0	0.0302808866372377	0	0.0108456342264339	0	0.158742225561411	0	0.131593998405506	0.125833217679609	0.352836083368417	0	0.0685038868499113	0	0.0498656662483119	0	0	0.113573207297974	0.14841767135685	0.231373984122838	0.032493859600237	0.166261534012124	0	0.100683008667659	0.0559930320625389	0.187748391258072	0.20135054329554	0.197093504155967	0.0502584453873271	0.00747307850099023	0.177511065267275	0	0.13239532664298	0	0	0	0.0268825479818269	0	0	0.0437260079704067	0	0	0	0	0	0	0	0	0	0	0.0142138681350683	0	0	0	0	0	0.157104885186729	0.268949405701571	0	0	0	0.186474635327777	0	0	0	1	0	0	0.116870980198979	0	0	0	0.224356908441871	0	0	0.199006465461972	0.10393994691361	0	0	0.0346020869387068	0	0	0	0	0	0	0	0	0.0250378056866386	0.0274467531070234	0	0	0.0282016879276433	0	0	0	0	0	0	0	0	0	0	0	0	0	0	0	0	0.0364081124216675	0	0	0.19196397630541	0	0.128273293246431	0	0	0.0606611293392245	0	0.0397813417127692	0.242745694303579	0.113495994205602	0.0324256681854996	0.00934974198846655	0.290529626691348	0	0	0	0	0	0	0.0940312992602729	0.0140511563769525	0	0.175388810505494	0	0.160455204612919	0.0714835834660735	0.0159387156902481	0	0.276340835423007	0.116862725425403	0.241529126088185	0	0.255539469480477	0	0.0403523391812885	0	0	0	0.208772189394564	0.0237630306921529	0	0.0579923321673339	0.24023330604686	0.162768016035843	0.324979833387258	0.427485940366816	0	0.325918536611206	0.464235679734828	0.0336354014401248	0.206867539896759	0	0.313953790621353	0	0.0255823003943621	0.185667143355409	0	0.34495300552336	0.135398864920693	0	0	0	0	0.0290798743276377	0	0	0.180490009358635	0	0.155056465783183	0.129090465178029	0.413478738899641	0.341144165364954	0	0.219984596824819	0	0.0563319293316854	0	0.17697076449614	0.265008449361675	0.148204488691012	0.270974772240166	0.136092831805478	0.204798283682068	0.180908043748038	0.336116973582086	0.0780010060485677	0.23223747791171	0.118282213989577	0.241889341931384	0	0.170656654126434	0.096086658480574	0	0.125816674823785	0	0	0	0.0207275987820387	0	0	0	0	0	0	0	0.0948019819660277	0.223461717343885	0.285026009286534	0	0	0	0	0	0.244366603810234	0.0382184857448575	0.141396842136484	0	0.184808361124608
0	0	0	0	0	0.0167015802561045	0.136303904054258	0.0800248278202444	0.0634629476846598	0	0	0	0	0.175943511234635	0.0314863277798165	0.121654400287286	0	0	0.0635371298839008	0.137228779711406	0.0649089113601744	0.0560034804276062	0	0.0606712200803562	0	0.202702365368288	0.178058563574458	0	0.170056904392868	0	0	0	0.0349793698713096	0.00808070417624858	0.0486957851257303	0	0	0.161641732498662	0.148762498419178	0.0535512476907037	0.0516882546559488	0	0.120712107003147	0	0.0244874911736105	0	0	0	0	0	0.0571077991505839	0.0517283073606644	0	0	0.167705695151749	0.000275318933748472	0.0950733152906432	0.1634565713879	0	0.155885639908341	0.0867374608203306	0.032172434695083	0	0	0.0902732130300337	0	0	0.0480131953786766	0.165112014341498	0.0887483937879317	0.0820852816614392	0	0.236159535415885	0	0.119765363676359	0.0825776952904194	0.12861394535362	0	0.0047013771582755	0	0.0530953338555083	0.193208110877299	0	0	0	0	0	0	0.040269868199568	0	0	0	0	0	0	0	0.115703444715045	0.122261101921607	0	0	1	0	0.303560251742647	0	0	0.067317309247247	0	0	0.0574658987664751	0	0	0	0	0.180155374735497	0.192824175511233	0	0.083934951552743	0	0	0	0	0	0.148592547718823	0	0.157907402657791	0	0	0.271960686404281	0.30458868218156	0.064457773965849	0.0222652670870884	0.0153090549462195	0	0	0.10792607073656	0.0119510744447781	0	0	0	0	0	0	0	1.00512236009524e-06	0	0	0.181222929107053	0	0	0	0	0.0228778013138001	0	0.138939717892933	0	0.0303393649284982	0	0.0148111456007776	0.0734540680378071	0.10164743353408	0.000311801820286802	0	0	0.149474987079896	0.0780436496426921	0	0	0.145710390604915	0.028067511263919	0	0	0.00788109080616364	0.24245282739966	0.0456129010905072	0	0.0623156682798484	0	0	0	0	0	0	0	0	0.0699008662554306	0	0.0973640176596948	0.12867076486273	0.110058172636703	0	0	0.0386742159014163	0	0	0.0824193421641967	0	0	0	0	0	0	0.127737419986181	0.0650793166448259	0	0	0	0.250995348751492	0	0	0	0	0	0.0069657270375425	0	0.0311890876660366	0.0592723916455495	0.0650044409758763	0	0	0.132476478550766	0.0439944303229145	0	0	0.0485274269038175	0	0.221647416282332	0	0	0	0.0300157076061137	0	0.276255106338821	0	0	0	0.112563814445494	0.226855182583796	0	0.103935322910239	0.0734617555830597	0	0.0312869310544833	0	0.0403027336492954	0	0	0	0	0.221034874666506	0.126932123040735	0	0.0892777494101761	0	0	0.103095644420976	0.226088724177674	0.267788532743839	0	0.143520204209315	0	0.0808254183895796	0.0918751301339968	0.0803465518488384	0.142246324381642
0	0.00351901267600223	0.204398577550162	0	0	0	0.14069637356397	0.149730325482443	0	0.0340997950760603	0	0.35790412280669	0	0	0	0.0593796851519863	0	0	0	0	0.206535518475232	0	0	0	0	0.193866035760978	0	0	0	0	0	0.131680180825429	0.00877748189175028	0	0	0	0.259644853039539	0.0135599672395288	0	0	0.117711387658283	0	0.414228930903684	0	0	0	0	0.0358705817602201	0	0	0	0	0	0.13032281608837	0	0.0648731012265767	0	0	0.12503337605135	0	0	0.022419819681734	0	0.0219126467215646	0	0	0	0	0	0	0	0	0	0	0.394925514122577	0.198100067593808	0	0.354770182760541	0	0	0	0	0.363390189974284	0	0	0	0	0	0	0	0	0.147387447735758	0	0	0	0.159936706698345	0.272943060366016	0.187566706414227	0.17998111952812	0	0	1	0.0722620870066918	0	0	0	0	0	0	0	0	0	0.0199524575328338	0.106414356610079	0.0301767772262109	0	0	0	0	0	0	0.00554551047108628	0.0208871451995678	0.131180962077245	0	0.235907710197063	0.0413536471061448	0.00642988258083007	0	0	0	0	0.0395038290659817	0	0.0380334325477006	0	0	0	0	0	0	0	0	0.085758108699864	0	0.0611410882816958	0	0	0	0	0	0	0	0	0	0.365595338796299	0	0	0.371569260256394	0.103895196246733	0	0.0991581168880513	0	0	0	0.0779652674836866	0	0	0	0.0401728641017659	0	0.117932729742199	0.134735427394122	0.204830925056614	0.0259881478979291	0.00582011659902585	0	0	0.00119174214761902	0.0027557396205984	0.173649138903956	0.177081811379369	0	0.0165770037392947	0.247218135596122	0.0479804954572565	0	0.244009723139363	0.446792010524316	0	0.220138211681384	0.0555451886552112	0	0	0.122999095422121	0.287038203342074	0	0	0.0568339367927109	0	0.116093788300159	0.21652895545405	0	0.0809875557572487	0	0	0.243913639931263	0.0530095600359502	0	0.23018402781558	0	0	0.26852669769672	0	0.193442519343735	0.1800944823318	0.109946133154919	0.360308223314212	0	0.208497365595391	0	0.0698521048824469	0.153900862397804	0	0	0	0.215525953480343	0.244612624840796	0	0	0	0	0	0	0.131789886854554	0	0	0	0	0	0	0	0	0	0.0877999180487968	0.138881900097555	0	0	0	0.301511833478419	0	0	0	0.00123351263728525	0.0972805227916469	0.23839684694401	0	0	0	0	0	0.0101633189772844	0	0.0317986310758278
0.205139725086012	0.263646021113284	0.262595952593002	0	0.321082391170076	0.155539341225229	0.101264218626139	0.0642284093693979	0	0	0.0313256371606546	0.355515718341946	0	0	0	0	0	0	0	0	0	0	0	0	0.266854104791499	0	0	0.334995523202099	0	0	0.513267733338413	0	0.15419966740605	0	0	0.168261736612013	0.0470598056757461	0	0	0	0.153292364549682	0.0453317776165836	0	0	0	0	0	0.0386333179403465	0	0.166167681685887	0	0.185217647113539	0.182978869415053	0	0	0	0	0	0	0	0	0.229642677643318	0.114062695852223	0	0	0.134752689181536	0	0	0	0	0	0.179873449124194	0	0.188410466862245	0.232121900897305	0.0782257702714412	0	0.256424499319628	0.00784303353540429	0.192851660787615	0	0	0	0	0.0876391753192188	0.271018285900861	0.159534098542254	0.0301875317929244	0	0.281380688645244	0	0.328360091445545	0	0	0.194909058307975	0	0	0	0	0.116870980198979	0.303560251742647	0.0722620870066918	1	0	0.232295899034223	0.216496903111593	0.048222577219097	0.222484830655773	0	0.0339353537554682	0.0621247577645683	0.338351018366805	0	0	0	0.13608775057297	0	0.282628884375346	0.0618731140443689	0.060551838143825	0.172321766128815	0.180275624821343	0	0.0092593329292626	0	0	0.404216583600577	0	0	0	0	0	0.547980648199909	0	0.36293270141526	0	0.277858256454438	0	0.364899557908754	0.00633582962169194	0	0.278551330376914	0.0069722612548714	0	0	0	0.163212531366872	0.105109308379286	0	0.125450459271204	0.0617120463062107	0	0	0.009959549295861	0.065732282519081	0.023779843595554	0.0800574199959756	0	0	0	0	0	0.0804502636243972	0	0.242226039986927	0.0932240860623486	0.00323937972679396	0	0	0	0	0.0977609021495573	0.0474075722413074	0	0	0	0.115565288838014	0.0991372643516926	0	0.372309613609943	0	0.291109143934018	0	0.374192278874167	0.303172020037979	0.379584343849879	0.0649717654212074	0.0927692034958225	0.156790562987594	0.209913258457312	0	0	0.0534215114552531	0	0	0	0	0.225468654297442	0.0276371318487453	0.10889138852115	0.398158287312022	0	0.196050481274448	0.175785820996389	0.378166984612865	0.200802050989518	0	0.231967090631142	0	0	0.288346611272728	0.172353825224228	0	0.399703659254983	0.146331512283217	0.194337192245425	0.0147423898975292	0	0.521899187796955	0	0	0	0	0	0	0	0	0	0	0	0	0	0	0.0874796679028387	0	0	0	0	0	0	0	0	0.268481973941225	0.0467805808866792	0.0642908804449968	0.0579760836590554	0	0	0	0	0.320790544913497	0	0.0213661720164854	0	0.0765131507863919	0.3725057775915	0	0	0	0.0245662669535419	0	0.00233132536470864	0	0
0	0.0186490385582068	0.270539661822291	0	0	0	0.0431066733811219	0.0972022114293625	0	0.11518563001581	0	0.212904586247102	0.00340643037125603	0	0	0.392288214540646	0	0	0	0	0	0	0	0	0	0.0821453992263733	0	0	0.176713909569704	0.0629554497071822	0.00682654604812137	0.077907233381332	0	0	0.208790156123588	0	0.272819008446506	0	0.135239193660061	0	0.25700787407023	0	0.0581028462769988	0.0690306449533696	0.0570241963722887	0	0.144060266189202	0	0	0	0	0	0.128292167063308	0.216405109919966	0	0.242234189118053	0.156165854215308	0.211955056759988	0.170777520174989	0.082522944314673	0	0.184766668510545	0	0.220932558240388	0.073237597199412	0	0.0190284204049991	0	0	0.0361339959452918	0.218658608918671	0	0.00180509256357781	0	0	0	0	0.251628652151521	0	0	0	0	0.00448599092581627	0	0	0	0	0	0	0	0.0537684753395494	0.0543632171261595	0.0371804790475223	0	0	0.130682009389605	0	0	0	0	0	0	0	1	0	0	0	0	0	0.0320238565639753	0.000113113816569237	0	0	0	0	0	0	0	0	0.021957586809789	0	0	0	0.197253615817597	0	0.12380229572913	0	0	0	0.0427424782267587	0	0	0	0	0	0	0	0	0	0	0	0	0	0.0194321902443461	0	0.0186669105455596	0.0297766908758704	0.0381815099106773	0	0	0.000263284162333905	0.0201534994313105	0.135288213047076	0.0184633609326546	0	0.369564145259019	0	0.0833369020175039	0.40749411635075	0	0.0135210979873083	0.103200051946681	0	0.013455954954598	0	0.0549068073861923	0.0393256537016722	0.0607526581942915	0.204502136448626	0.0353017334283181	0	0.0448224045743404	0.20695067496423	0.0395006285495592	0.366925017332553	0.170342112521282	0.114533055960043	0.171789889205789	0.336504419292292	0	0.126307191342502	0	0	0	0.127804771681963	0	0.0158853788770565	0.345327069797003	0.220770589825343	0.0535965220135503	0.273325023193351	0.403787080415539	0	0.107313336442754	0.361013964843289	0.0111247947594042	0	0	0.273151237304902	0	0.288559696276423	0.320724684483036	0	0.348441458627843	0	0.107214604646601	0.00492850501403253	0.0871146610166494	0	0.306262077408127	0	0	0.360138293966388	0.0678372436555219	0.154309880253425	0.153332316343391	0.443617212880909	0.263205739939242	0	0.275174431186057	0	0	0	0	0.0410495110831139	0.118739006703061	0.285546164273129	0.137114972564208	0	0.175949718281895	0.130898187431687	0.0550426742944305	0.131592108038041	0.0217130946216083	0.399902342274223	0	0	0	0	0.00406029938452	0	0	0	0	0	0	0.0224055330596101	0.0473977904987278	0	0	0	0	0.204455994864187	0.245540068643274	0	0.254645797240248	0.127638556270586	0	0	0.288201942938673	0.100004655657516	0.258118374005899	0	0.221781875115418
0.103122275252184	0.244773649161226	0.355965734218382	0	0	0	0.105267992567872	0.0818980391977651	0	0.195167933752428	0	0.180306428020782	0.223891721623055	0	0	0.242921375864525	0.0298508361118603	0	0	0	0.2077691209955	0	0	0	0	0.218150155622701	0.000427758045260708	0	0.118694774146561	0.177315288106645	0	0.402283167866949	0	0.0331548953336137	0.248492804582168	0	0.426181400268827	0	0.103717637740886	0	0.189297531923815	0	0.186469077577416	0	0.067305823630444	0	0.0415617275642981	0.143868823320038	0	0	0	0	0	0.180340752969593	0	0.185831856752444	0.0718898218862355	0	0.232421137084413	0.00576154008488987	0	0.160972933371984	0.178706756653855	0.114422659307193	0	0	0	0.0400063075406641	0	0.0723563715927685	0.0294274629218466	0	0	0	0.0916545290231506	0	0	0.240471237453767	0	0	0	0	0.168501357025057	0	0.0490168286671215	0	0	0	0	0	0.124939193943592	0.0339758292534791	0	0	0	0.122916156296664	0	0.183448178255489	0.0352859875520035	0	0	0	0.232295899034223	0	1	0	0	0	0	0	0	0	0	0	0	0	0	0	0	0	0	0	0.230267819766419	0.147810579676011	0	0.110256023609397	0	0	0	0.123843701626687	0.032488543906979	0	0	0	0.0446983301580383	0.0455455249938537	0	0.0306896501947432	0	0.289847667702957	0	0	0.0654639785951938	0.217848461605104	0	0.316383101962498	0.173157124905891	0.162252795156515	0.11298236290483	0.0718627900996708	0	0.108998142800059	0.0130034257071223	0.0850136322455101	0	0.56080323685262	0	0.126839775265972	0.510327576458302	0.0391035734953682	0.0721409890744296	0.234633972259894	0	0	0	0.301398390987829	0	0.142798900391941	0.122395790323217	0.349077129320328	0.00247773435847016	0	0.131371001417417	0.16094209818651	0.282240124954454	0.305496510287645	0.0605727481469623	0.13196030234296	0.08981117450589	0.0520452647359498	0	0	0.0451251840804867	0	0.0647900062455119	0	0	0.284113669794026	0.23948174926264	0	0.361038769446659	0.193073736271572	0	0.0429377337136837	0.189012928139127	0.179139041511319	0	0	0.255970279016743	0	0.0960049947541734	0.113423461216779	0.0912349112376594	0.307561484310175	0	0	0.159494345632662	0.110786581723711	0.0466596804192738	0.274161862720224	0	0	0.483252362154626	0.134753220221293	0	0.137545634567388	0.0414192552256796	0.468148070359133	0	0.0233951326085393	0	0.107812258875944	0.138308019507627	0.00021733663211961	0	0	0.268629971550993	0.0661615875036612	0	0.0165481592429864	0.0543597340220902	0.0934160123784013	0.128619738677132	0.0173286917393767	0.230853645259576	0	0	0	0.0629143188642709	0	0	0	0.0282531517356768	0.228544760799698	0.180052269591212	0.0585321070960292	0.0761171023160526	0.108101533015933	0	0.0559684069895577	0	0.0206094299270111	0.144311703663317	0.127325769584183	0	0.245154243490465	0.240583491635731	0	0	0.244074018353178	0.130775206387768	0.194172579773091	0.147989744580136	0.203474756941809
0.210093656386332	0.134404571717519	0.454397594843568	0	0.342084263693983	0	0	0.0901234445716548	0	0.445627170162459	0.0749009093881075	0.201296182911502	0.295656898597519	0	0	0.231944515801637	0.133715480896711	0.0180961545153007	0	0	0.30304437202116	0.0650013429597493	0	0	0.217302607458022	0.223249380556283	0	0	0.333619380465498	0.427727517466162	0.0645106304870321	0.541751090572692	0	0.301199208011016	0.194827650052403	0.0328278916671017	0.411551691501503	0	0.182828135386809	0.169665440303186	0.19682717979528	0.101276638779433	0.0577953547723278	0.244598991192079	0.241020485963844	0.169097449351288	0.124000060774649	0.456193122158573	0.0897421776127493	0	0	0.027751136684615	0.255259667201258	0.224948895001364	0	0.276132398642041	0.0452950396210057	0	0	0.00919686147357503	0	0.121158408657371	0.172989114131508	0.186781172380891	0.0408702475437112	0	0.174536922338747	0.00831258494605332	0	0	0.014637795554603	0.0842325410125223	0	0.140257353035169	0	0	0.164507049287691	0.0040507253103388	0	0.104891451190495	0	0	0.0861318547794953	0	0	0	0	0.00714634098041904	0	0	0.0475745787735542	0.137868823075732	0.157924820403116	0	0	0.290482157432597	0	0.0307991892394221	8.54925679534117e-05	0	0.067317309247247	0	0.216496903111593	0	0	1	0	0	0	0.0948358620325681	0	0	0	0	0	0	0.119707693498985	0.276834465197419	0	0	0	0	0.106596168270139	0.170650877141393	0	0.13588849275688	0	0	0	0	0	0	0	0.00541245403170464	0	0.321252590239735	0	0.0791928816549893	0	0.250998339201412	0.0554334463875074	0	0.176659495829999	0.232420088750373	0.104518037396354	0.393023525430792	0.227682010253656	0.02445103714334	0.379256419484181	0.111248639505308	0	0.21211473442024	0.242925167719974	0.135218195534012	0.317359266440467	0.435570861972823	0.228482663809637	0.00997328225598135	0.362325450790837	0	0.141829110284327	0.184367193970762	0.103167521971106	0.14361387338925	0	0.496684519194141	0.299114600556421	0.223997409105306	0.258531608235479	0.405788708685308	0.389288891671583	0.172833993538906	0.0914472934268081	0.12649871932481	0.310506902449902	0.249902649984379	0.417388969132313	0	0.210006511764043	0.0987927486116333	0	0.0737404361252535	0.13524252359587	0	0	0.0273650638122536	0	0.0405060854364891	0	0	0.491585707158966	0.296782715242396	0	0.240646363033272	0.407874724798085	0.148216816074615	0.342295582795885	0	0.346437341219034	0.0439591609015383	0	0	0.0326456324729618	0.566501216555876	0.12692499384938	0	0	0.0576470384184277	0.244423032205161	0.187242920763628	0	0	0.312584553967175	0.155140749178123	0	0	0	0.513598704059711	0	0	0	0.229287303178617	0.0482402449800486	0.0235903485892452	0.0765438079648336	0	0.306382425844263	0.210644343587173	0.1078654923081	0.237156464761115	0.234969344950819	0	0.18160450670705	0.169555011087425	0.225915030836024	0	0.139102456667918	0.192890775303733	0.0538976671831142	0	0	0	0.0390675540928667	0.267088795128635	0.144466628081173	0.140972467564532	0	0	0	0	0	0.152495912512851	0.304654165814627	0.356945990391982	0.0985367873737195	0.0921264470584129	0.347912026786311	0.0576140730631254	0.0255007293094852	0.1940092328232	0.221748595435886	0.290170059259276	0.0310618709397681	0.303980388363096
0.0931073939974026	0.236659576176871	0.111722139735614	0	0	0.056208463209976	0.00545248957403361	0	0	0.0516280925963909	0	0	0.163500673550203	0	0	0	0	0.0401423856312167	0	0.252506909755372	0.190754540060536	0	0.227807678666033	0	0.0359699116639315	0.0859696716354496	0.280556526994873	0	0.0120856205915312	0	0	0.247112493842365	0.283824696291292	0.102193167617133	0.275161741819594	0.134803743580799	0.164722378979551	0.124181585175768	0.0463161861107787	0	0.011256824636192	0	0.118325431522982	0	0	0.0219886567510636	0.031073433678856	0.0146212903400967	0.00554548351940139	0	0	0.0143873895078332	0.0419506021240482	0.0343694044650162	0	0	0.133453512691548	0	0.110175660325335	0.0592051504703684	0	0.251903499091318	0.152704673744338	0	0	0.140795075991089	0	0.293290397191645	0	0	0	0	0	0	0.313165707436137	0.171448977414493	0	0.377412043197954	0	0	0	0.082491825384599	0.0880933484894679	0.219134986170964	0.184311670560472	0	0	0.0686270342291205	0.0893339890471298	0	0.062902782071908	0	0.0569578367225891	0	0.232679484018671	0	0	0.33626704838403	0.0711405066825059	0.224356908441871	0	0	0.048222577219097	0	0	0	1	0	0	0	0	0	0.00240432954640186	0	0	0.0525615790666052	0.0727936511069213	0.16781893955126	0	0.10016671747052	0	0.260058557227034	0.186441531557743	0	0	0	0.213881525212083	0	0	0	0.17577314989864	0	0	0	0.333943136076659	0.00452716548633209	0.153504276694801	0.407468233810094	0	0.411307801829312	0.0863983467459524	0.263381325168973	0.135353689377823	0.0331524918963164	0.120331250662827	0.156718002780746	0.281629313794709	0.424816476787096	0	0.0624339785046669	0	0	0	0.0274473051335331	0	0.321463018251308	0	0.085503622724526	0.14109080266954	0.171675620002657	0	0.140710227840402	0	0	0.28127175932632	0.167547883522824	0	0.110124334080528	0	0.313141483908739	0	0	0.0668123890793487	0	0.089932482679558	0.226322764322566	0	0.278187497333323	0	0.198336657569351	0	0	0	0.249686371458969	0	0	0.226080024600972	0.112717581943726	0.0601413206934155	0	0.0686396187211055	0	0.063405122718325	0	0	0	0	0	0	0	0	0	0.0389859106957729	0.00805797850804513	0	0	0.164518282961246	0.17228480195981	0.157302404319756	0.137376923617134	0	0.114199971957576	0.229602198281395	0.034033699596966	0	0.0325181139922357	0	0.0168796801477932	0.0420984218551259	0	0	0.189798930436744	0.159026311302812	0.0227972072620157	0	0	0	0	0	0	0	0.201009302518716	0	0	0	0	0	0	0.158011264715824	0	0.0902486428086927	0.149658821131763	0.251693935910032	0.239082171189258	0.367460066007907	0.144345138137956	0.221501855674374	0.276210664785404	0.286909711630058	0.380135655163112	0.190273226597664	0	0	0	0.146804999595112	0.326807026230078	0.310650862221559	0	0	0.0115324838119832	0	0.000726274782525988	0.278337155925629	0
0	0	0	0	0	0	0	0	0.00557136763132928	0.471846181227807	0	0	0.00594873867582289	0.0211767071912956	0	0.145243271085964	0.087199996770492	0	0.130657455848109	0	0.0137330617159313	0	0.17070125851901	0.0162113798843318	0	0.130493758609875	0	0	0.0830595603546857	0.0734375719744574	0.0977012044759046	0.174287808150334	0	0	0.216842343244851	0	0.043040331628533	0	0.20508960433179	0	0.165456428891729	0	0.247357455104422	0.230914792455042	0.269698152609027	0	0.229639123325646	0.0456916096688667	0.31023010454027	0.0557325542755365	0	0	0.153468538093645	0.0282054744497618	0.0966259417132595	0	0.0398473912410558	0.139330103169893	0	0.123336095911943	0.0078553736549502	0.0396637841312213	0.065203912971069	0.0197535103953307	0	0	0	0	0	0	0	0	0	0	0.14760274918322	0	0	0.0850130251336326	0	0	0	0	0.359753258941506	0	0.0962908272280698	0	0	0	0.0404609112998954	0	0.15364450826381	0	0	0	0	0	0	0.0161857704218112	0	0	0	0	0.222484830655773	0	0	0	0	1	0	0	0	0	0	0	0	0	0.162960406900695	0	0	0	0	0	0.162683143948307	0.0064130112501052	0	0	0.191250905431077	0.095057874465105	0.0518525289108323	0	0.0573030837247489	0	0	0	0.0992379617087686	0	0	0.0697656252066962	0	0.0539175172078582	0	0	0	0	0	0.137608572157329	0.254481820079806	0.236348869443907	0	0.0734551834845879	0	0	0.0283430129684643	0	0.133612864505894	0.094555103468575	0	0	0.00161391501334314	0	0	0.0396964815487959	0	0.163146658935678	0	0	0.108055432460439	0.1860189209839	0.239097676476568	0.200169704569376	0	0	0.110635605065512	0	0.357020797669578	0.37794216206857	0.00730436023117995	0.179307284217068	0.0532496044198535	0	0	0	0	0.20831600055819	0.19598228154824	0	0.192129310870161	0.267023560916031	0.213547479129305	0	0.0328773470485969	0.0865846718380059	0	0	0.128712463664584	0	0.290435306221485	0	0	0.0707956173575608	0	0.0512805765884611	0	0.24229272646217	0	0	0	0.0320605167035966	0.0196203374245419	0.134838572966994	0	0	0.270673046315594	0	0	0	0	0.185796913973819	0	0.192749058366868	0	0	0	0.0821321847066356	0.104430602407042	0.0849305867732754	0	0.0375391074567417	0	0	0.0261996738983159	0.154505090065745	0	0	0	0	0	0.0328575996038121	0.023549717729159	0	0	0	0	0.111516587971734	0	0	0	0.050303260300889	0	0.0954861635642981	0	0.0765479381425598	0.120213149746438	0.25850436286817	0.0779504208633444	0.147572434293896	0.17506728854336	0	0	0.114106564004024	0	0.121702015750324	0	0
0.331044282768359	0.453295961300004	0.428051802764991	0	0.170516971165611	0.130728214942325	0.0287918341670865	0.0826899382154759	0	0.0357128959567884	0.0367622124398044	0.277374704384247	0.103508524438803	0	0	0.260918893470577	0	0.173624677072547	0	0.12141192219051	0.0949443758676423	0	0.243530926082693	0	0.154785984244763	0.0916024892355823	0.107163628652802	0.000543511848041132	0	0	0.312639968975359	0.32490602826014	0.0744928804918738	0.189024443958313	0.262870964881098	0.175773579788155	0.32634073116161	0	0.243869709123731	0.173848402665399	0.227452924708156	0.0139059922380301	0	0	0	0.144294078064305	0.0367592442111087	0.308548834734497	0	0.00381741587195485	0	0.26797713215271	0.350506671412358	0	0.115188206105466	0.0802096099721622	0.175009362940369	0	0.210858055498691	0	0	0.34249606753639	0.258067260682745	0.120732877995375	0.210849378578509	0.125885845513013	0.0434817582508859	0.19339315236227	0	0.236987935426386	0.121589928822641	0.010713118619094	0	0	0.0111779591034548	0	0	0.197339379794743	0	0	0	0	0	0	0.0363310967447997	0	0	0	0	0.0601984292210999	0.0876345458683453	0.103317641118262	0	0	0.0774143438959524	0.0507157913823097	0	0	0	0	0.0574658987664751	0	0	0	0	0	0	0	1	0	0	0.0350488919489446	0	0	0	0	0.0736107413072856	0.222603939346465	0	0.0413925582077135	0	0.232550307139752	0	0.0978637030758453	0	0.0748577855970431	0.213525425290432	0	0	0.112759391168693	0.184758361936367	0	0.13341212094043	0	0.292198508551188	0	0.0399541549998043	0.126985142429504	0.064462970237193	0.333263916730414	0.139498751534777	0.229509330715735	0.102207483040758	0.0222383970610584	0	0.0767687172719053	0.396645085047187	0.403559761861182	0.162029636612444	0.127065791153635	0	0	0	0.171418126797755	0.0638326468394795	0.412267863888977	0.0436103687960646	0.00749663751061608	0.222321097037132	0	0	0.0197426618067857	0.0404109328314571	0	0.266369564509707	0.374665016564797	0.0223110397549766	0.207634642969293	0.105095433157481	0.223504817197603	0	0.0343196410890868	0.148971248433456	0	0.161730985182037	0.18964168401285	0.203230313634786	0.285985311078183	0	0.31211454947647	0	0.0397276926867938	0.0294515785484165	0.217250880210292	0.147323935394567	0.0712708415360116	0.115861956086491	0.371910384527004	0.10728973463176	0	0.218555584478152	0.179778067952768	0.0438415516882396	0	0.123938450100686	0	0	0	0.314378640642329	0	0.312615310263133	0	0.351481607337979	0.46347415935832	0.187838506768978	0	0.0471890232739999	0.31157350180307	0.0810042747955002	0	0.174940659607917	0.133953859554575	0.264972464861836	0.412988110244055	0	0.283501997733108	0	0.123011237807951	0.174351316060172	0	0	0.167869385739251	0.105220893960853	0	0	0	0	0	0	0.0546967805220712	0	0	0.00859365127726016	0.0291817978910378	0.0546975092572124	0	0	0	0	0	0	0.016618499012898	0.250998217440369	0.309269975171801	0.308196110606051	0.00771599370458132	0	0	0	0	0.196883360944854	0	0.170760098946675	0	0.0268522015657873	0.520771811017145	0.302067282690377	0	0.026543920185022	0.200269835224754	0.00738163485103941	0.201879057065829	0.190416182147841	0.118558733478384
0.0994054536938992	0.269514045291826	0	0	0	0.168327440625767	0.0500009528929431	0	0	0	0	0.100899573454449	0.0736062006153818	0.109723048506051	0	0	0	0.0996208102758944	0	0.34213273978811	0.210196522454086	0	0.160288803436775	0	0	0.281246104888091	0.301509996171961	0	0	0	0.0288112230871382	0.213306790464299	0.109226793421643	0.168243174217693	0.117388930557147	0.325970835365041	0.110164123277535	0.132530831496846	0.020672345744473	0	0.15401104858443	0	0.136253762086477	0	0	0	0	0	0	0.00764109697712816	0	0.0758642186178087	0	0	0.0266766815738403	0	0	0	0.20150586563488	0	0	0.147850413209669	0.090046572237495	0	0	0.125545340904389	0	0.265620673449785	0	0.280747952700567	0.0292117376497687	0.00698798649770322	0.0607140068798797	0	0.394945362694783	0.470745693323852	0	0.174941132282826	0	0	0	0.27306345772952	0.0736090828491021	0.309669499766443	0.0710222120419591	0.163718968640458	0	0	0.143233535217567	0.0776853037423092	0.129551906545063	0	0	0	0.237814620859921	0	0.00414804842428537	0.265103179764188	0.106547379866175	0.199006465461972	0	0	0.0339353537554682	0.0320238565639753	0	0.0948358620325681	0	0	0	1	0	0	0	0	0	0.285335193872656	0	0.00157866567465788	0	0	0.0791520360144743	0.320535623905523	0.192146021270616	0	0.0590212111933839	0.0187743985451003	0.225473159393103	0.0662752039966838	0.100611832979433	0.0790770932233561	0.36760471295597	0	0	0	0.415231919427586	0	0.326434418668472	0.220257797406794	0.172199019587351	0.186422016441501	0.0754894131915293	0.347237547759068	0	0.0234143042409065	0	0	0.325785803428509	0.189426370768894	0	0	0	0	0	0.0174674514912901	0	0.199636153955848	0	0.0284177764983813	0.0511782775104366	0.20555503065771	0	0.0345018914378967	0	0	0.289900499555817	0.0984620891724707	0	0	0	0.00924895548921052	0	0	0.103593748879183	0	0	0.080382210349413	0	0.0233642115861839	0	0.324310752855922	0	0.0930685313778755	0	0.2305013279463	0.074902702264229	0.0145930501857428	0.277626986110738	0.17621003664878	0.0942375100379877	0	0	0	0.258006596019455	0	0	0	0	0	0	0	0	0	0.357347013231825	0	0	0	0.228450141392743	0.120542634199836	0	0	0	0.149087018455419	0	0.010213229270392	0	0.107562910980141	0	0	0.236290042602384	0	0	0.0607252425598186	0.155020276287791	0	0	0.0442153390567808	0	0	0	0	0	0.0854555643943755	0	0	0	0.118919665949397	0	0	0.124745170112654	0	0.100242559019438	0.118914732677559	0.268460644573607	0.219751907384659	0.303692059411757	0.0118890235273993	0.206696018414273	0.10639446327648	0.320315737431044	0.495236058343805	0.175850708887651	0	0	0	0.156402505220891	0.383921908647415	0.0734658792792343	0	0.172882270257119	0	0	0.00334307897029976	0.305640220328142	0
0.311671837055437	0.149207163684608	0.2699114764399	0	0.0935741382358192	0.185709223204219	0	0.0668223528965722	0	0	0	0.173369891954226	0.326432303086326	0	0	0.0402632034608461	0.118450886722917	0.195096660960504	0	0.219542476692358	0.294490707745548	0.0394376355094462	0.274143071102731	0	0.0893856301542794	0.336906822408042	0.089891111996753	0.0540126804724899	0.0915105349689528	0.0628621509894959	0.0871950714037367	0.442534450345666	0	0.276454075582191	0.119715678254382	0.196832561993448	0.133428905103611	0.0138601199425944	0.0619940191503396	0.0869437906549741	0.117498352074374	0.220427300747299	0	0	0	0.051041975235217	0.0847617879575599	0.125918241657246	0.177708052372879	0.184785805233723	0	0.108905288093534	0.256300347190587	0.0249441925972209	0	0	0	0	0.019652323059933	0	0	0.185148059639117	0.0956730539102339	0.165954380868117	0.0318054638604961	0.0320185037574992	0.0316069701288401	0.272793065905078	0	0.309018836921856	0	0.0918359281406529	0	0	0	0.0989550710335322	0.114095240522801	0.0301177908175843	0	0	0	0.278932945872052	0	0.228209534194557	0.0406269308643595	0	0	0.0106525145958813	0.109875296598801	0.175674469870967	0.287856038127618	0.0263951370856079	0.016845684012813	0.0198416286123098	0.115466442243571	0	0	0.164000117041773	0	0.10393994691361	0	0	0.0621247577645683	0.000113113816569237	0	0	0	0	0	0	1	0.0501416483216077	0	0	0	0	0.0312705333766231	0.203364806904316	0	0.043772928178254	0	0.226710183097265	0.219372177711941	0	0.0737198564557045	0.169106129577439	0.0699819501479357	0.122637516776632	0.138147686938791	0	0.327898333144331	0	0	0.228705115233653	0.0159286018535619	0.0704081823177633	0.0564973483695738	0.0686909521841761	0.0960288016007719	0.344996392116892	0.256348547283572	0.298401371795199	0.286309812903165	0.185472037465501	0.183348964294779	0.211489703729629	0.549077893120194	0.215447478599052	0.376215603038383	0.00640068876521978	0	0	0.103375570266894	0.143037505914069	0.238392945788414	0.0529266947336579	0.236801243056369	0.15026135548669	0	0	0.0764773684572921	0.198162815842925	0.123977863757676	0.143066939669355	0.358976631180818	0.377445539169804	0.226820176195813	0.242571218265987	0.228584550365103	0.262023219571437	0.175711915718224	0.0496583431209307	0.199483716527945	0	0.148320387720521	0.103431517791968	0.0486151212519782	0	0	0.272615595678207	0	0.161616272864616	0.23972165236506	0.0917230147894772	0	0.113695070950811	0.160777192410946	0.258475511949654	0	0	0.231298764361341	0.141735521458887	0.135480207385652	0	0.087728050665332	0	0	0	0.0839770725721299	0	0.0400030986620385	0	0.252839195353446	0.219620899132907	0	0	0.190347515968575	0.167077394451183	0.110995150890826	0.00107933396644515	0	0.148270930730406	0.016915537917667	0.0946413855590629	0	0	0	0.0240720511670305	0	0	0	0	0.0367033875267076	0	0	0.20895639265329	0	0.0532554138314363	0	0.00307778978485417	0	0	0.00496299436605905	0	0.0191862256445151	0	0	0	0.140024319916296	0.0158823171710724	0	0	0.165909553006293	0.196448030840736	0.433698956703123	0	0.148558016951943	0.0664576967133771	0.0290918634007017	0.10281346523211	0.0264010061357076	0.122306993128978	0.122797755004558	0.0939676234016828	0.130350467210952	0.146547338879871	0.26163332984298	0.15371428001367	0.274684490916651	0.232975593130687	0.0461764552323087	0.077056603181145	0.326304262521437	0.0629557626681028
0	0.0938593683169915	0	0	0	0	0.338501439142854	0.104886377096016	0	0.146434069229893	0	0	0	0.015734179683426	0.0521601246681238	0.13152522869762	0	0	0.0399892085802012	0	0.196337802873902	0.109077821736036	0	0.00313392154236137	0	0.125584654280826	0.0317778780511805	0	0.0799779485563769	0.0881827377210679	0	0	0	0	0.112599129604285	0	0.0090391230111097	0.105545940730554	0	0	0.117626584922942	0	0	0.0600758407168492	0.171383769693841	0.100325612176494	0	0.125799346041541	0	0	0.0166959547012716	0	0	0	0	0.181509018645576	0.0960218017037939	0	0	0.0612483625796744	0.212967647219019	0	0.0650993659710946	0	0.000518113711354812	0	0	0.0175715050616386	0.102503896296719	0.053736500083045	0.184365064278551	0	0.263160539163615	0	0.204592534347896	0	0.0591572009003932	0	0.023944096407308	0	0.0767005698599307	0	0	0	0	0	0	0	0	0	0	0	0.0249411820555438	0	0	0.0265132522824179	0.167735201763433	0.161955881618256	0	0	0	0	0.338351018366805	0	0	0	0	0	0.0350488919489446	0	0.0501416483216077	1	0	0.295919287635424	0.150313311362078	0	0.0721583932225383	0.0012434568389967	0	0	0	0	0.0810040802281806	0.207561438910237	0.237848204638383	0.0855678293921212	0	0.168808405343591	0	0	0	0.0610479738254057	0	0	0	0.18864298967871	0	0	0	0	0.0056276103028846	0	0	0.0239155004762519	0	0	0.0520743646268996	0	0.00831393231863468	0.068804257057829	0	0.0239510468603413	0.0673618506105534	0.100519186587062	0	0.0832832530223979	0.00931995213439447	0.125713918436328	0.276138389388785	0	0.105434424141023	0.150449524680085	0.08280673349292	0.128362243359245	0	0.107362233361141	0	0.0111085852272617	0.00144418289023813	0	0	0.121089953035019	0.172084973857285	0.119020065959008	0.0370104687759188	0.00933862982150459	0	0	0	0	0.091529326957867	0	0.11748294699435	0	0	0	0.0188478713054924	0	0.172135893814151	0.014469792976276	0	0.180791761826391	0	0.0969468646122618	0	0.0377018034387142	0.00477162251448056	0	0.147500910054725	0	0	0.222142805197985	0	0	0	0.026083352484669	0.279345020896715	0	0	0.054815303155456	0	0	0	0	0.0872952588157344	0.0279757477902541	0.190368450668463	0.112515128803918	0	0.220307674559952	0.0717643341908603	0	0	0.0459035233827738	0	0.0212675879738229	0.163385131434724	0	0	0.0227067388287925	0	0.0189699432889452	0	0	0.172263172537866	0	0.310517499069193	0.112565130581626	0.182335657983972	0.150862996881494	0	0	0	0.068695903970303	0	0	0	0	0.155592572761096	0	0	0	0	0	0.036186099187454	0	0.217175156575801	0	0.0213683637754227	0.0271806311266384	0.22315371390354	0.0650687316964386	0	0.0367349720095904
0.269488662473815	0.2236021961681	0.0536263199102259	0	0.157161190064717	0.114664476227254	0.084566050559203	0.0819311510758818	0	0	0	0.258485023420995	0	0	0	0.0578245019999039	0	0	0	0	0	0	0	0	0.0699080148943385	0.0616778677942079	0	0.277538963945905	0	0	0.345169603810971	0.207763338978703	0	0	0	0.0867321376224952	0.00978713437928358	0	0	0.137038163024412	0.269140230820456	0.0338730305564473	0	0	0	0.0765747676685003	0	0.0253590629191816	0	0.24922467107746	0	0.193613706885196	0.204981695637292	0	0	0	0	0	0	0	0	0.268556818818099	0.290622244692747	0.0175535379729245	0.0432632430811537	0.0809482549196019	0.0880690967959361	0.000982096230330891	0	0.247364976567226	0.0201976663292872	0	0	0	0.0737469380100049	0	0.11667368570754	0	0	0	0	0.035837834082814	0	0	0	0.0185039072099019	0	0	0	0.155453615555076	0.18432793248504	0.194155927915349	0	0	0	0	0	0	0	0	0	0.0199524575328338	0	0	0	0	0.00240432954640186	0	0	0	0	0	1	0	0	0.0319419239931182	0	0.151935149927361	0	0	0	0	0	0.204617525557576	0	0	0.308392027618964	0.0352926882643868	0.0504719386704407	0	0.288127928143671	0	0.27059283515544	0	0.202224834394137	0	0.105373557177483	0	0.224539069154282	0	0.0150098066816488	0.169281826290924	0.0930173167002764	0	0	0	0.407726360081139	0.0939936921437191	0.134845590256202	0.130553307110532	0	0	0	0.117941333702828	0.244804850572263	0.0304920818225065	0.0858046123453849	0	0	0	0	0.168526743481268	0	0	0.0719328697371717	0.1710317917384	0	0.0227168348280004	0.211414715704516	0.0658390851573248	0	0.191016017439881	0.108958884190278	0	0.133808534146845	0	0.18790260790171	0	0	0.193490547705416	0	0.0325798204580639	0	0.267441657175993	0.270445346631613	0.207887526841812	0.196325912209788	0.332837220808019	0.20633925405204	0.239856685751387	0.0367431182864598	0.221143203346135	0.0926252831123813	0.0860504559705915	0.14902216524941	0	0.00707994273851606	0	0.186796120400913	0	0.464403554307966	0	0.287801872719772	0.370820392321962	0.150241493523191	0.115846224425422	0	0.0452721449297311	0	0	0.00316649684898863	0	0	0.451649557928293	0.109151683839349	0.163228520375747	0.0450272091237598	0	0.109383319195508	0	0	0	0	0	0	0.221469820474898	0	0	0	0	0	0.0297008203434047	0	0	0	0.0618437250083804	0	0	0	0.178267391955588	0	0	0.102969110132714	0.0342527327067522	0.0476121828185909	0	0	0	0	0	0.113465773478097	0.12218516986399	0.222671744308618	0.016978953795205	0	0.269966400949567	0	0	0	0.337015387165517	0.0424721468805802	0.214113724282146	0	0
0.211950958636132	0.175276960207214	0.30442004413222	0	0.363064977642841	0.0521070331650576	0	0	0	0.313227238861364	0.0977799372304106	0	0.298787237159279	0	0	0.159327740697757	0.128309559733588	0.214809995496007	0	0.0515390793064608	0.0986916443078688	0	0.368820050521975	0	0.13603899225594	0	0.0726586376651056	0	0.0282952763810327	0.0987375408267405	0.145121561716677	0.392059891232758	0.166866215211377	0.328478481479611	0.170527673610781	0.128088366465207	0.103426130217294	0	0.264399994821968	0.116963992917861	0	0	0	0.0592261361413153	0	0.257578158894895	0.163615875055594	0.214350459691541	0.195289279059675	0.119336565077696	0.0344450560388105	0.214668836677998	0.322719000918816	0.0698894125313353	0.0557916318414347	0.0874857626852655	0.0244556567876346	0	0.0259954093964021	0.138362473159446	0	0.236650134592014	0.221759215852868	0	0.031226076295757	0.133374137761067	0	0.199229979920711	0	0	0	0	0	0	0	0	0	0.144736393001088	0	0	0	0	0.128131190072214	0	0.160881815134601	0	0	0.149366178631005	0.125850732935368	0.0937825406510821	0.104299372923644	0	0	0	0.162057445728209	0	0	0	0	0.0346020869387068	0.180155374735497	0.106414356610079	0	0	0	0	0	0	0	0	0	0.295919287635424	0	1	0	0	0.0264153042217868	0.278252576013354	0	0.0158934524775965	0	0.248454356885299	0.0901259467068009	0	0	0	0.204870519825321	0	0	0.0265136705114367	0.191538540597235	0	0	0.112947464587133	0.11623708871309	0.114564645978931	0	0.244394390524362	0	0.443599025854132	0.176158745931889	0.193724368663649	0.132238595168602	0.0973534905578815	0.0950125944483691	0.220393701130777	0.358176491849938	0.400756246206347	0.32799124591466	0.0581484435036609	0	0.0746211836846079	0	0.122282950829061	0.151718368765085	0.228731260602971	0	0.0768958214514336	0.0157859674380139	0.0638190427960906	0	0	0	0	0.0493498953361054	0.332646227328502	0.144470538583404	0.32859040717974	0.0794767734682627	0.394530705295306	0.0806197389399386	0	0	0	0.130255004790314	0.179421350048522	0.277377785964401	0.410064616875433	0.0132771374187031	0.118255834172707	0	0	0.00894104931338459	0.272635129222039	0	0	0.024895187837075	0.0521759027709963	0	0	0.272601259678448	0.00349362417015151	0.0979980273641431	0	0.157040304769346	0	0.146793572404257	0	0.141271822188286	0.0106751296075168	0	0	0	0.307768963779574	0.0817178618313122	0	0.0719240753561379	0.16990432456253	0.346647299637962	0.0926837441654388	0.0903605926304179	0.227527645944845	0.290447820331034	0.116708635757185	0	0.0513134882243402	0	0.160911369865359	0.0547118042740851	0	0	0.187724655411293	0.106081217682313	0.173778917886146	0.101799182567664	0	0	0.00238956242854947	0.0370875651751869	0.157246401960583	0	0.0160002454095572	0.0407214844292748	0.128237678737031	0	0	0	0	0	0	0.109646277308573	0.0940590791791432	0.239159239976444	0.251564016628182	0.245590918660119	0.0834682009990084	0.156100606778763	0.207945141002713	0	0.0311922371589586	0.146597024475907	0.0599344182327096	0.156829787309536	0.0578402106621656	0	0.17355824492206	0.271550838742946	0.0774156585840383	0.0143089728224876	0.186274514816771	0	0.0858438969642791	0.267714342906006	0.0819927164133127
0.368838354593032	0.337629209570706	0.397908920718258	0	0.372528837349277	0	0.0584540202303108	0.0143314807617485	0	0.0183005358318137	0.0141813860092	0.139475406608342	0.0679055289417312	0	0	0.128004086667476	0	0.0912946495792279	0	0.0710961648203839	0.00414978994512295	0	0.114469353456141	0	0.184966455888702	0.0439780534719504	0.0599842728686488	0.0607665239258881	0.0356631102198214	0	0.27001934594382	0.211737605024998	0.109393707189786	0.0414476999994379	0.0337164459696859	0.184437135836084	0.297817554679001	0	0.0713967121279175	0.0984632300467135	0.216852919177836	0	0	0	0	0.000501228326056904	0.0829058827675644	0.226465063276038	0	0.0859528184902602	0.0550337026614167	0.107849118404126	0.116357869093563	0	0	0.104247425945363	0.0962167174633415	0	0.123830589018378	0	0	0.253223045758688	0.127038306766678	0.16456371545238	0.0634184354553883	0.20601390797423	0.0292430490295768	0.105667114656345	0	0.0140729451382259	0.170108647159004	0	0	0	0	0	0	0.258557658416444	0	0	0	0	0	0	0.00158514559393696	0	0.0721907974946387	0	0	0	0	0.0973387331236124	0.00865296446993469	0	0.0062466028683539	0.00437871917906628	0	0	0	0	0.192824175511233	0.0301767772262109	0	0	0	0	0	0	0	0	0	0.150313311362078	0	0	1	0	0	0.244157918163068	0	0.163717503530525	0	0.119282168916165	0	0.112767983181298	0	0.0420875979923244	0.176230019637286	0	0	0.0463705057676713	0	0	0.289685942125323	0	0.237520816751664	0	0.184162380562528	0	0.112134561613802	0.175382242718417	0	0.205447315638836	0.0260673903018491	0	0	0	0.208208831004093	0.191585000557613	0.0360600960341501	0.123657505478492	0	0	0	0.13088583763896	0.059811653481529	0.313486308920667	0.0811974002239999	0	0.221679460271388	0.00217296834632708	0.0345825502806097	0	0.0228224288587539	0.0274117447783894	0.118783609129771	0.223644428076226	0.0293839927265252	0.154696243389455	0.0102225179642987	0.0626522704954465	0	0	0	0	0.0841201873241445	0.0330920275501185	0.214221683078048	0.354271590357355	0.190534427954381	0.271020751981383	0	0.00502029605116711	0	0.142727910168595	0.181146467533538	0.0470214030275741	0	0.214381367423472	0.116752308527364	0.116037484946251	0.0830238060929266	0.0695785752708248	0.0428274510825059	0	0.0928471450071869	0	0	0.00214869880148046	0.236392921595284	0	0.373975120717085	0	0.107913310340717	0.313489276034323	0.158817667387	0.0997093940452505	0	0.151563844625736	0.0153731690640942	0	0.0340788453313447	0.0250651506426102	0.219020481038365	0.2206843244117	0	0.155581857960563	0	0	0.220773161102462	0	0	0.03730586205101	0.253026735428422	0	0	0	0	0	0	0	0	0	0	0.167645562747367	0.0266980797575022	0.0211362581866064	0	0	0	0	0	0	0.216651312114536	0.237121091088735	0.191001207720568	0	0.000490712579673419	0.146486638149583	0	0	0.13643639416371	0.010515660559486	0.209225382202127	0.0170652071063708	0.0294655046307681	0.377933279121445	0.086159053519178	0	0	0.219579762957288	0	0.19021774357809	0.0337537538682797	0
0.0616728746856317	0.0350745727432039	0.177348269236115	0	0.0973559982443599	0	0.015179033502536	0.160245741079733	0	0.108035531352037	0.0328800715085132	0.0367937344727559	0.0923152931889095	0	0	0.129087551255912	0.168962126652266	0.294304804567413	0	0.0638411012610319	0.105547438503984	0.333115831738565	0.0120919588915352	0	0.154998518115993	0.0533145470634718	0	0	0.10050773089749	0.0864432660138771	0	0.139047766552029	0.16687365239463	0	0.257698324932622	0	0.102036102375502	0.139314001480945	0.327482256402489	0.0213472309584222	0	0.00454522566287934	0	0.195311352475231	0	0	0.196236319182122	0.199596765386462	0	0	0.0116209916405475	0	0.0579763531596443	0	0	0.304344133564427	0.000654473243973347	0.0654240859527793	0.116512035291479	0.256088922919665	0	0	0	0.198787892657763	0	0	0.00624821964865626	0.128116112680432	0	0	0	0	0	0	0	0	0.082139340516336	0.269470830009054	0	0	0	0	0	0	0	0	0	0	0.115067177779934	0	0	0	0.0263097060857629	0.0774748286981024	0.00720549127123757	0.136753366826633	0	0	0.00885096947041306	0	0	0	0.13608775057297	0	0	0	0.0525615790666052	0	0	0.285335193872656	0	0	0.0319419239931182	0	0	1	0	0.0794891932346807	0	0.182561427057275	0	0	0.0736766493879448	0.0757173920251778	0.0283502468695331	0.136818921605481	0	0	0.087312127764918	0	0	0.055900706317737	0	0.1527538477622	0	0.326166058378377	0	0.0970080128056493	0	0.162455921602446	0.13604431750761	0	0.409195724328579	0.323158508734286	0.16620060129041	0.200202323739894	0.122100512195944	0.114567768735891	0.235954774806973	0.193302761937979	0	0.308328469899748	0.312786659905657	0.242826859281559	0.0625141567806961	0.189106275572102	0.202237626549034	0.11919025637826	0.166884831964813	0	0.18618792990844	0.344059735526827	0	0.110146554207198	0.109842175729427	0.164069870976326	0.29148687575085	0.492597878655522	0.262485640330336	0.252494389535771	0.215056430362319	0.102615837809466	0.219700264549075	0.0394514077497323	0.239803248627999	0.235741225736907	0.0937719549281149	0.0538893939084451	0.170325333571968	0	0.0722260917115845	0	0.216322228496357	0	0	0	0.0134609121143717	0.159380773097237	0	0	0.285533675546472	0.199466637319171	0	0.176626174937459	0.313333670409057	0	0.183953631751899	0	0.147701210643593	0	0	0.270941894033172	0	0.141202251098793	0	0.119375019820377	0	0.0069606833996371	0.160428516614703	0.320253287474984	0	0	0.429965309928284	0.104948088274061	0.0882239839998941	0.00988808602406079	0.154214381422684	0.34034697441674	0	0	0	0.0902686035413843	0.120297398982357	0.152526788352285	0.148029019566481	0	0.131341472352341	0.106347345653045	0	0.179865409144348	0.211704981430037	0.0156131559256936	0.19988154956916	0.169125516386302	0.236565127678965	0	0	0.0538883517976712	0.0448995454840484	0.0514784451119305	0.0537615959097487	0	0	0.0139268804217729	0.151053464860617	0.0367580068180196	0.156153052332976	0.109697292527876	0.0266093429011465	0	0.0156495643007223	0.120514915914008	0.191921666414547	0.135863054570111	0.117732583253398	0	0.190423606729959	0.314900273052229	0.262644392821154	0.281007513471501	0.269864570755535	0.141215865675965	0.0845654314585285	0.268036963889688
0	0	0.206809643844726	0	0	0	0.240450275744626	0.110195913013397	0	0	0.0220968989604836	0.165059716457374	0.014346351325976	0	0	0.058923317669808	0.00921118526241714	0	0.0329830773341084	0.0313944487527425	0	0.134001751392062	0	0	0	0.0816574546134089	0	0	0	0	0	0	0.0446490600835422	0	0	0	0	0.225204462859454	0	0	0	0.256062838246041	0.000403046493328209	0	0	0	0	0	0	0	0	0.157138189653541	0	0.0871579991497569	0	0.226531230517897	0	0	0.198719758536919	0	0	0.0604430232653134	0	0	0	0.1737504978038	0	0.141327559965285	0.0902188845417578	0.249443314120023	0.0286011348563363	0	0	0	0	0.0719745089830833	0	0.144009812413256	0	0	0	0	0	0.161064789180467	0.179475841104167	0.184327366563004	0.0331831397212016	0	0	0	0.165843753012417	0.135133689599903	0	0	0	0.150069607752189	0.0647791024967561	0	0	0	0.083934951552743	0	0	0	0	0.119707693498985	0.0727936511069213	0.162960406900695	0.0736107413072856	0	0.0312705333766231	0.0721583932225383	0	0.0264153042217868	0	0	1	0	0	0	0	0.169698217315341	0	0	0.101442445790481	0.128630194150832	0	0	0	0.130061354933613	0	0	0.0552884691203855	0	0	0	0.230502674510205	0	0	0	0	0	0	0	0	0	0	0	0	0	0	0	0	0.160080293561786	0	0.0248264072617501	0.229244748378454	0	0.16598148361184	0	0.153241937094745	0.192362400348056	0	0	0.0333146974968922	0	0	0.125442032383304	0	0	0	0	0.111052526927871	0.170338363029384	0	0	0	0.047676037965886	0.271237584747372	0	0.289005403786965	0.0652702593835551	0	0	0.0322895126597317	0.0639154614491418	0	0.136008413659957	0.159035619964607	0	0.170022435688293	0	0.130344482866314	0.14336735590626	0.0872917033681345	0.303091499735261	0	0	0.00181846850273484	0.0686677790466175	0.336236106257365	0.159405704078365	0	0	0.161691015733812	0.180551862431172	0.24755554834303	0.0396058023127517	0	0.195799650167108	0.0686751429620963	0.139292606193709	0	0	0.318953353653245	0.121324285963333	0.220633062780707	0.0483511466880862	0	0.0955819715347385	0	0	0.0121249681134877	0	0	0.124640302799788	0.254474247002003	0.0261649474494996	0	0.132678308296861	0	0	0.0886931124308019	0	0.345565173024268	0	0	0	0	0.237605397740582	0	0	0	0	0.0453237502120255	0	0.175532892234005	0.157843752610092	0.14111416825623	0.161205026408752	0	0	0	0	0	0	0	0.0123166424792123	0.125825991516909	0.266394352147286	0	0	0	0
0	0	0	0.0231254210926278	0	0	0	0	0.267171749798416	0.00788814007704948	0	0	0.0660710040374828	0.302681421520251	0.20698296504135	0.228908593813409	0.111183608749127	0	0.159330461285956	0	0	0.0351385781404664	0	0.0277228986212331	0	0.0551666533633252	0	0	0	0	0	0	0	0	0	0	0	0.197620954198328	0.108011566287274	0	0	0	0.120007936954949	0	0.365046542104539	0	0.0191872544152677	0	0.0262193659983548	0	0	0	0	0.208169752291375	0.052241215630589	0	0	0.378501134713023	0.0253697988250712	0.234722670934934	0.0609947245831236	0	0	0	0.0175673836990932	0	0	0	0.190684207190251	0.203712193192894	0	0	0	0.0104428340725444	0	0	0	0.0141173609982795	0	0	0.150191210782383	0	0.0813717845451583	0	0.0272122892692834	0	0	0	0	0	0.140615295091779	0	0	0	0	0	0.203777226421231	0.0794526068052511	0	0	0	0	0.282628884375346	0	0	0.276834465197419	0.16781893955126	0	0.222603939346465	0.00157866567465788	0.203364806904316	0.0012434568389967	0.151935149927361	0.278252576013354	0.244157918163068	0.0794891932346807	0	1	0	0	0	0	0.146052914950553	0	0	0	0	0	0.0966323287476861	0.0856633469729752	0	0	0	0	0.0963450655291429	0	0	0	0	0	0	0	0	0	0	0	0	0	0	0	0.0159895659538949	0	0.103576512936499	0	0	0	0	0.056475730407646	0.140293822884008	0.064827901087872	0	0	0	0	0	0	0	0	0.0586403939854267	0	0	0	0	0.180234664903188	0	0.100089242857283	0	0.125360027464189	0.223835739357942	0	0.278529453542499	0	0	0	0.0459982478667518	0	0	0.0412153235596611	0	0.0655529922546638	0	0.136526903106483	0	0	0.08531136809518	0.167324832459425	0	0	0.00777907429888919	0.0431694960422208	0.0978182178769014	0.240437677941504	0	0	0	0.0533032257497817	0.15719314082708	0	0	0.196451114073645	0	0.123127959876714	0.102407688498831	0	0.202658223001454	0.158129591169512	0.370913921573517	0.0732243027306692	0	0.444167463752172	0.158370477368884	0	0	0.103186586540038	0.140779526093973	0.246414755924741	0.106569241972459	0.0498145848665013	0	0.101970250869023	0.242195206950239	0.194077163783103	0.152288277802559	0	0.295389786147433	0.112364422187262	0.122098737755403	0	0	0.01709186143046	0.0519932193116449	0.114319209269082	0	0	0	0	0.25383302792584	0.174447554588576	0.0209327157922036	0.192509769446612	0	0.041935279891612	0	0.00229606797498317	0	0	0	0	0	0	0	0	0	0.130835734433063
0	0.10446203913239	0.230814385092087	0	0	0.0715244337214513	0.0833222301079866	0.0750120379934073	0	0.225289083951387	0	0.093789656371217	0.234079461487341	0	0	0.295441462421057	0	0.0204787417244017	0	0.019624322381788	0.115259245804851	0.0122227421136438	0.05947914996273	0	0	0.188722748721378	0.035881656737175	0	0	0	0.0564378363159269	0.268620322837969	0.0536049929633795	0	0.248209109825941	0	0.170734333214601	0.14204893449191	0.180734452710358	0	0	0	0.27233468585991	0	0.102262213741111	0	0.119578434298854	0.0678426223478076	0.0481349310284831	0	0	0.0742275457553602	0.19161922394324	0.0447536830307424	0	0	0	0	0.0838342746821427	0	0	0.00559239923841977	0.0579622601048608	0.0740620829113749	0	0.0187196849076518	0	0.148152589412027	0	0.21302110551248	0	0	0	0	0	0	0	0.347550347592142	0	0	0	0	0.262873381564289	0	0.0363088217488218	0	0	0	0	0	0.327162467767428	0	0	0	0	0	0	0	0	0	0	0	0.0618731140443689	0	0	0	0	0	0	0	0	0	0	0	0	0	0	0	1	0	0	0	0.197298037670578	0.0349289749240991	0	0	0.0545333887896946	0	0	0	0.158497646146506	0	0	0	0.198648601661803	0	0	0	0	0.136325193434688	0	0	0.0651739212501686	0.115155825277236	0	0.065933018458013	0.274370585021919	0.260862958138049	0.0379136810917838	0	0	0	0	0.122406085313955	0	0.272859433223109	0	0.0211904842500132	0.208834682627056	0.240878059555498	0.021189349923334	0.0940931106092529	0	0	0	0.0920736328052769	0.0236626417701882	0.234687103338123	0.191320900548082	0.183644076035487	0	0	0.115411041430946	0	0.19931487195009	0.22654985269997	0.0931300103421649	0.341654687829328	0.0370233558811652	0	0	0	0	0.0690645575163043	0.126515005352161	0	0.165146335147513	0.430353205012269	0.294351300541562	0	0.146380375500921	0.253233220386147	0	0	0.222926497955084	0	0	0.00835007907025416	0.282796200357897	0	0.17689527352173	0.031285769459257	0	0.0914207611737182	0	0	0.0579155386415008	0.124391558780891	0	0.181257939718709	0	0	0.409715562585212	0.0660640494762099	0.00334608011703637	0.0970949649718272	0.107125328948442	0.324034496149687	0	0.0247109700851631	0	0	0.159839530623674	0	0	0.0827860524116902	0.0352193490639363	0.176197568310889	0	0.0684344507655908	0.0572222186018886	0	0.131909513326087	0	0.063736945830688	0	0	0	0	0	0	0	0	0.202243366916323	0.179593952734641	0	0.130246864879428	0.0821765639946877	0	0.16711563433521	0.154969864716997	0.0807061616264863	0.218541714624359	0.126055597034214	0.0244867696255459	0.348378289364482	0.167720826777083	0	0.0110062833705034	0.259455256171205	0	0.0520273109474481	0.170945328499511	0.0859079849958017
0	0.0917214518364581	0.0610619376958125	0.202305658892907	0	0.13435664535409	0.107614809667871	0	0	0.132963960295079	0	0	0	0.0719240310344181	0	0	0.183695729295222	0	0.141789498438128	0	0.102563542566383	0	0	0	0	0	0	0	0	0.0142749116304535	0.136977954342857	0.231023101778297	0.112751424403393	0	0	0	0.00114331382481627	0	0	0	0	0	0.165831775011324	0	0.0211787790542127	0.0771114631047848	0	0	0.00875785690743389	0.017276111486906	0.122306535385847	0	0	0.0516398972385861	0.113590777620391	0.0515141441621108	0	0	0	0.0399314850575377	0.0377887890762052	0.144142999202736	0.103637157441767	0	0	0	0	0	0	0	0	0	0.296820731080492	0.0731492818174699	0	0.0308412846021092	0	0	0	0.0402388068343654	0	0	0.239406055382116	0	0	0.00100433740657559	0	0.0776369235079436	0	0	0	0.213750658252567	0	0	0	0.0426190237428139	0	0	0.0734283681564951	0	0	0	0.060551838143825	0.021957586809789	0	0	0.10016671747052	0	0.0413925582077135	0	0.043772928178254	0	0	0.0158934524775965	0.163717503530525	0.182561427057275	0	0	0	1	0	0	0	0	0	0	0.233971402713846	0	0	0.176278972919	0.0219113737667021	0.123975804160186	0.00162824133711419	0	0.104161930696681	0	0	0	0	0	0	0	0	0	0	0.0272679157969517	0.111101122856037	0	0.100457502245243	0	0	0	0	0.113242743150856	0	0.186645905249095	0	0	0.043864736620626	0.247727645041604	0.0842325695874905	0	0.0399177135607354	0	0	0.0632944502758778	0	0	0	0.0603080346802101	0	0	0	0	0	0	0.176357665815131	0.1146172708128	0	0	0	0	0	0.292793529197885	0.254500241011889	0	0	0	0.259593324518846	0	0.0813937810160429	0	0.106531878737226	0	0.0498432438887691	0.208827263932245	0.066096169355528	0	0.0171327693619717	0.126189869088793	0	0	0.109904842971005	0.122368168979327	0.138071440041597	0	0.0858971439874743	0	0.0765365129432364	0	0	0	0	0	0.0541386629334179	0.11600504819826	0	0.100745849848057	0	0	0.0285089233795972	0.0644256398577408	0	0.0445356563017399	0.050965236441097	0	0	0.0968555942175463	0.0921031757387209	0	0	0	0.0604908176739738	0.0645524900356675	0.00538165867079573	0.0102002894540207	0	0	0	0.0575126635242633	0	0	0.162988783707363	0.0996963243878841	0	0	0	0	0	0.143284566339742	0.0421731981192382	0.0821335260362485	0.147743712072013	0	0	0.0321229331275818	0.0587731595332246	0.0220698337953324	0	0	0	0.0118005265166279	0.179885872191243	0
0	0.0870787932487905	0.329323306453936	0	0.191541593397384	0.0887101073683945	0.142800169885963	0	0	0.281116358891175	0	0.0425922451413441	0.0871989251872395	0	0	0.472248108842498	0.0359946201429457	0	0	0	0	0	0.0196789808781049	0	0.0944309820053292	0.163236807646762	0	0	0.301914107930894	0.0633392112743102	0.215578380956464	0.29527491879484	0	0	0.0564259933515044	0	0.196874360193622	0	0.151546805412477	0.0181408079999098	0.10736288627177	0.0667056056471602	0.154436971777741	0.156768636872195	0.402469024772356	0.031358445559595	0.0605966507835969	0.165006294262831	0.051394350459199	0	0	0.0997144876050008	0.201643561712256	0.201427147517776	0.0966414466092765	0.192833957632325	0.00219011189677535	0.0234947149235269	0	0.0935399142566735	0	0.191765850344985	0.132278818372612	0.247876387664948	0.0833470120925919	0.0768554821938782	0.138621865130516	0.0335136983057152	0	0.131366319011691	0.0489328729814634	0	0	0.0601194547959524	0	0	0	0.152017223962751	0	0	0	0	0	0	0.0145218610577436	0	0	0	0	0	0.257834595967843	0.202213374951739	0	0	0	0.0141349199897722	0	0	0	0	0	0	0.172321766128815	0	0	0	0	0	0	0.0791520360144743	0	0	0	0	0	0	0	0	0	0	1	0	0	0.119594514696137	0	0	0.0112170001655112	0.0248997503131677	0	0	0	0	0	0	0.0897777784810058	0.0337701223549606	0	0	0	0.0107240424292246	0	0	0	0.105568398837573	0	0	0.258723337474303	0.0859356717384399	0.139286462313169	0	0	0	0.0427673931138925	0.303378613038186	0.127978381165678	0.270610561354863	0.0363298712850795	0	0.468613453907161	0.00945721781062623	0.208087129142547	0.0675277378984856	0.000166383072692773	0.0983769194741025	0	0.13521086618825	0.202996636789585	0.234539989126401	0.160395443658909	0.0263037779646135	0.137772723567683	0	0.15343829578614	0.102567456964188	0.359222157657518	0.306423785753594	0.215102023185856	0.315471285987953	0.208942730411381	0	0	0	0	0.0324119440515529	0.144585634283927	0	0	0.112826737182268	0.350659252134543	0	0.300181847504033	0.315966771791171	0	0.180297934101829	0.420882975277854	0.178517217449579	0.184750410889408	0	0.345501965858558	0	0.102444290549878	0.191686358490057	0.0102245521522118	0.37789270153311	0.0522860059769843	0	0.198167599196923	0.0783877921256802	0.217052866915363	0.101710672458246	0	0	0.379733244193211	0	0.0835185936583449	0.0878677439323665	0.303567069726587	0.463447747204537	0	0	0	0.0190108197267641	0	0.169244649985446	0.182540699963902	0.0852720132282981	0.20117323340314	0.184000733501227	0.0355365949723265	0.146770241364637	0.35266149008502	0.0242342797777006	0.167973640270793	0.0383148715700183	0.254117659564903	0	0.0301838711512516	0	0	0	0	0	0	0.165878205280782	0	0	0	0	0	0	0	0.178552621507577	0.20157692413939	0.188413291598117	0.0544901378090445	0.17516222628387	0.280053080625058	0.0221829736483977	0	0.27074441233373	0	0.13360611700188	0	0.237395037970965
0.0346412458230409	0	0	0.102378586401168	0	0	0	0	0.144821765627886	0.213701794675952	0	0	0	0.176709556498067	0.00614745600583072	0	0.0362003382977758	0	0.110762448567754	0	0	0	0	0.267582283848787	0	0	0	0.260188451151474	0	0.263916695897799	0	0	0	0	0.0816268013832267	0	0.0720183465314741	0	0	0.127778333124831	0.122332019158923	0	0	0.215281939829555	0.21289140812059	0	0.198863309921555	0	0.168496226622908	0.14598971435991	0	0	0	0	0	0	0	0	0	0	0.0970630507082737	0	0	0.107900777000055	0	0	0.037509906348446	0	0	0	0	0	0.0687627331385532	0.130555956839076	0	0	0	0	0.174778384140198	0	0	0.207298220177684	0.105621584236995	0	0	0	0.159437180472993	0	0	0	0.00243871713093247	0	0.101057519633398	0	0	0	0.223181629020241	0.0992619071571179	0.0585026447866325	0	0	0.00554551047108628	0.180275624821343	0	0	0	0.260058557227034	0	0.232550307139752	0.320535623905523	0.226710183097265	0	0	0.248454356885299	0.119282168916165	0	0.169698217315341	0	0	0	0	1	0.075834479241523	0.335459364173154	0	0	0	0.24132053809779	0.120579927793489	0	0	0	0	0.178355900166974	0	0.0350248658550505	0	0	0.0902189916076683	0	0	0	0.0459896816126027	0.0402017865657125	0.0264696714136495	0.247934929931652	0	0.0408652079307845	0.0236580686921055	0.137725148838751	0.0740567451709539	0.215818821120331	0.14240140497174	0	0.341912449363311	0	0	0.030200992154877	0	0	0.00510493512956507	0.0295858217524725	0	0.342454915385265	0	0	0.072883890678236	0	0.380838564277983	0.171585695769035	0	0.227008563326154	0	0	0.40169371721028	0.126805211239894	0.212144488338117	0	0.101348419173701	0	0	0	0.23139092428509	0	0.0489924037819454	0	0.178673370286711	0.10394057637746	0.15351748620106	0.388750032240269	0	0.295169831640242	0	0.207936445603193	0.0827199100890269	0	0.372729431535361	0.0426833603781118	0.117819801695238	0.00729743201484601	0	0.155980919200779	0	0.0631685905784367	0	0	0	0	0	0	0	0	0.0592613676054741	0.169997196432095	0	0	0.0341853858335874	0	0	0.264997365548251	0	0	0	0.0872717334001908	0.0527317491234151	0.15822701444627	0	0	0	0	0.0404674165823154	0	0	0	0	0	0.164982836110125	0.075270727715584	0.16460043441033	0.129199496942821	0	0	0	0	0	0	0	0	0	0	0	0.214179647999077	0.127363668383233	0.279751209360693	0	0	0.171207058313162	0	0	0.14161065796969	0.258980109142786	0	0	0
0.101209805571145	0.290994092615567	0.0182282917953513	0.0466053537517827	0.21777329227651	0.188606067129036	0.174588091563978	0.0403013853963379	0	0	0.0517064330461351	0.18019488579272	0	0	0	0	0	0	0.126480697432015	0	0	0	0	0	0.275651207652638	0	0	0.169608604285491	0	0	0.226059443734986	0	0.0656789195093008	0	0	0.0196600396193079	0.0362286135658801	0	0	0.0711215141108939	0.0346560894853494	0.145335981781086	1.93652518214873e-05	0	0	0.0797634688115989	0	0	0	0	0.0631111918511668	0	0.0702701564494221	0.188015009815315	0.140853176129898	0	0	0.086305263550504	0	0	0	0.120959759570213	0.0876764323483572	0	0.0414063608437889	0.104238137855707	0.00713458187167945	0	0	0	0.0100861973831684	0.203589607254579	0.00656142744536774	0.165086373394134	0.136065347069883	0.00506906966526923	0.056853569517653	0.200552396648881	0.0381955057540245	0.222678118267186	0	0.0489586325642885	0	0	0.233195452450439	0.129984457976985	0.0646214625991549	0.0745001850867214	0	0.125483827371974	0.0597830023854362	0.365366776414211	0.12657313322786	0	0.127889988831784	0.0658921931390903	0	0	0	0.0250378056866386	0.148592547718823	0.0208871451995678	0	0	0.230267819766419	0.106596168270139	0.186441531557743	0.162683143948307	0	0.192146021270616	0.219372177711941	0.0810040802281806	0	0.0901259467068009	0	0.0736766493879448	0	0.146052914950553	0.197298037670578	0	0	0.075834479241523	1	0	0.0690732805461863	0.0707732979866978	0.147883156720464	0	0	0.0977837142487824	0	0	0.240768569894256	0	0.141122299014253	0	0	0	0.133383870767019	0.00280907928230212	0.103757842519127	0.0786478421409076	0	0	0	0	0	0	0	0	0.0615078360597035	0	0	0	0	0.0307842801536117	0	0	0	0.0573551880897115	0	0	0.0805269315779688	0	0.0138345665896178	0.000225955516117847	0	0	0	0	0	0.0216307272441996	0.043863469775076	0	0	0	0.0519218936751996	0.0372645698715101	0	0.179451268997287	0	0.251715160726402	0	0.154485696197898	0.132186668770725	0.245472382458562	0.0682985924533559	0	0.0875834218598775	0.107940853595603	0.0270028919407145	0	0	0.0753276714534857	0.0287228005885992	0	0.00786656818853057	0.269050467272983	0	0.114197677355512	0.127723408070961	0.140721557177695	0	0.0632713229167704	0.337406544345109	0.0676329767704926	0	0.106368197057862	0.114457698424655	0	0.190247185646148	0.0130230645885818	0	0.143029543058433	0.0247450523871665	0.0474587551905588	0.124021399636124	0	0.287180610414761	0	0.0160990313886911	0.0527620555896686	0	0.0438671712656478	0.149298994050113	0.0985765619714178	0.0343923831639579	0.168639849701432	0.0685837113716647	0	0.107999387043931	0	0	0.0709389376834215	0	0	0	0	0	0.0647503033666159	0	0.0358369191129373	0	0	0	0	0	0	0	0	0.0657865961334987	0	0	0	0.105062440994652	0.0430002360285903	0	0.145078587095678	0	0	0	0	0	0
0	0	0	0.0740071605430133	0	0.179499002862135	0.0419280308264992	0	0.131204913114516	0.0132367298080947	0.0923114847284576	0	0.020190693723958	0.01907774806929	0.164053924422594	0.0535550992205057	0.158117334391488	0.222732291960171	0.260209616152624	0.180644577634132	0	0.172429863930047	0.0545776659255217	0	0.0465180854016562	0.00377023243060654	0.0617188769254	0	0	0	0	0.0724198809751086	0.0243698535313853	0	0	0.037863928417333	0	0.313246479900244	0.0471220915742923	0	0	0.167654336694947	0.133738564502596	0	0	0.0739406369214045	0	0	0.187530520988607	0.00090464467435325	0	0.257285477858075	0.054380262948015	0.0132574513588012	0.062754925865369	0	0	0.127073144973259	0	0.295241357556515	0.00444520822964553	0.20994846882612	0.090113987830943	0	0.11746027242982	0	0	0.0594648726991881	0.0982148404831687	0.0281299455486031	0.0425342128846389	0.0453326479315459	0	0	0	0.139177793837623	0.0386721749737498	0.182623600504107	0	0	0	0.0760421463424862	0	0.0788888953188975	0.186967430610754	0.159376848061328	0	0.026836943281358	0.174046354870217	0	0.241452462466895	0	0	0	0.209119573888557	0	0	0	0	0.0274467531070234	0	0.131180962077245	0.0092593329292626	0.197253615817597	0.147810579676011	0.170650877141393	0	0.0064130112501052	0.0978637030758453	0	0	0.207561438910237	0.204617525557576	0	0.112767983181298	0.0757173920251778	0	0	0.0349289749240991	0	0.119594514696137	0.335459364173154	0	1	0.0791223556685118	0	0.124206616114391	0	0.164430087833773	0	0.0539598160960443	0	0	0.0442886561024255	0.0992666780370307	0.0839933624817774	0.192633487541706	0	0	0.15017492854672	0.214119785213848	0.176278592086713	0.0139388447500471	0	0.091804157748167	0	0.184643769559959	0.0335467242777534	0.0784377034608964	0	0.0377124460427976	0	0	0	0	0	0	0.114337752623326	0	0.235641343975096	0	0	0	0	0.0529758005781843	0	0.00927628551626073	0.0972803606467431	0	0	0	0	0.0188984389631386	0	0	0	0	0.0449763923034568	0	0	0	0	0	0.192093839156026	0	0	0	0	0	0	0.0689423514807054	0	0.117871737886131	0	0	0	0	0	0	0	0	0	0	0	0	0	0.0840011848510877	0	0.187485355036096	0.00755550310303281	0.136398866011218	0.392896545366044	0	0	0	0	0	0	0.0906976302404871	0	0.188350132080764	0.0884397431504713	0	0.270832813898967	0.229168605361069	0.22641191639202	0	0.0159586464115141	0.209456076090392	0.107565816564057	0.0467355356837879	0.319349992577665	0.167031261365565	0	0	0.0947773943997089	0	0	0	0.083561030197711	0.30986176003394	0.124106317915623	0	0.0411497305335248	0.0457534707525364	0.0122773160777756	0.202183921757795	0.222414167692638	0.0690174362619827	0.373084262023443	0.11199660351529	0	0	0	0	0	0	0.170024379495139	0.0771570330812829	0.0363708133596189	0	0	0.168427999326471	0
0	0	0.0648825190766151	0.238443166153259	0.231989605002119	0.045767406284823	0	0	0.166271890991316	0.224201916844866	0	0	0.0378375382755505	0	0.0425623589819325	0.154195839388116	0.0295126360886206	0	0	0	0	0	0.25642801727594	0	0.0124224540887208	0	0.0813548626935892	0.162261529941206	0.0665009218450846	0.173304354610857	0.193766980795302	0.0988301177618848	0	0.245063754711125	0.0520522407883542	0.00493004465836439	0.303201886264006	0	0.0156686622295424	0.0111860632740357	0.0923399243600916	0	0	0.214697038963585	0.00228140578912792	0	0.152924559679428	0	0.0667529757891143	0.150569443916674	0.0403969504192802	0	0.223463614377123	0.0461821975696393	0	0	0.00457643028375174	0	0	0.101966176044916	0.105731700454742	0.188002010186021	0.0391305224955543	0	0	0	0.159391782651296	0	0	0	0	0	0	0.0775329532777128	0	0	0	0	0	0	0	0	0.166821790528713	0	0.128246248335617	0	0.0816244252273584	0	0	0	0	0	0.0150173651438377	0	0	0	0.0514743285054896	0.10151435162185	0.129386273430163	0	0.157907402657791	0	0	0	0	0	0	0	0	0.0590212111933839	0.0737198564557045	0.237848204638383	0	0	0	0.0283502468695331	0.101442445790481	0	0	0	0	0	0.0690732805461863	0.0791223556685118	1	0	0.212301206859087	0	0	0.0651011948050711	0	0.104698963187239	0	0	0.048516893789452	0	0	0	0	0	0	0	0	0.109041483290478	0	0	0	0.00149728568461025	0	0.133579407308088	0.0724618874374291	0.0775392453577796	0	0	0.0892297390966176	0.092303510712994	0	0	0.00764288053673786	0.0126586880980967	0	0	0	0	0	0	0	0	0.0565605198183627	0.034801359085751	0	0	0	0	0.165694973603314	0.0315409227070504	0.29477704746698	0.367966838028503	0	0	0	0	0	0.18787973970476	0.259814702508297	0	0	0.0837944970245555	0.149762928123298	0	0.0535619500569924	0.0284358322270415	0	0	0.110321682724663	0.0258743506742697	0.0935283253791492	0	0.0463040703988953	0.0630485907320302	0	0	0	0.0692191099459276	0	0	0	0	0	0	0	0	0.233677321565194	0.0458925424781812	0	0	0.0307843758633875	0	0	0	0.110649932478511	0	0.00825101586753712	0.179316150595764	0.177666792881213	0	0	0.158132937242933	0.00824064113156591	0.151017131857546	0.0371402296594229	0	0.00150891930680762	0.289216913698149	0	0	0	0	0	0	0	0	0.276651218265606	0.00624738722823155	0	0.242925256182257	0	0	0	0	0.0859145368862479	0.0311547350709039	0.170390062593604	0.0834306940026779	0	0.0766393329402637	0.029792895946144	0	0	0	0	0.0304548848771694	0.0228963843396499	0.113166063954377
0	0	0	0.235048844253532	0.114285167397342	0.0442776600231143	0	0	0.235552591783951	0.217508795521119	0	0	0	0	0.199706357616169	0.055741663547842	0	0	0.201626498959843	0	0	0	0.0935984415502878	0	0	0	0	0.168154219255542	0	0.00807492200239435	0.295608849043516	0.0669971175027413	0	0.241920367526255	0	0	0	0	0.0106873051535608	0.064357360278857	0.182380056542467	0	0	0.0238221323078638	0.204269591747435	0	0	0	0.157438291442859	0.339312026986838	0	0.121491782486271	0	0	0.251953154840315	0	0.0657272878746002	0.0481334717430141	0	0.250387084262466	0.190451877178631	0.186099006000738	0	0	0	0	0.00446070792140155	0	0	0	0	0	0.0368540940971098	0.171852835492509	0	0	0	0	0.280140139166657	0	0.0187973010088024	0.0125743746883663	0.119216016213738	0	0.181145190654746	0.0881380096292021	0	0.0470593497032423	0	0.179150711929964	0.249573640009425	0.23685354259287	0	0	0.0302397787405353	0	0	0	0	0	0	0.235907710197063	0	0.12380229572913	0.110256023609397	0.13588849275688	0	0	0.0748577855970431	0.0187743985451003	0.169106129577439	0.0855678293921212	0	0	0.0420875979923244	0.136818921605481	0.128630194150832	0	0	0	0	0	0.0707732979866978	0	0	1	0.296168638620719	0.0416917216548825	0.181435328043558	0	0.115490053860411	0	0	0	0.140009881103822	0	0	0.0534410470970302	0	0	0	0	0	0	0	0	0.126279452046267	0.0479082866191278	0.000393454048516771	0	0.177213294187015	0.0845787434763706	0	0.0530120162400289	0.0578840249889296	0	0	0	0	0.0711389952685837	0	0	0	0	0	0	0.0081226690956776	0	0	0	0	0	0	0	0	0.108625188513455	0.0634980306989768	0.187448075151316	0	0	0	0	0	0.345858177550464	0.219897033131452	0.0635839538004484	0.0961709601294613	0	0.0529000895484705	0.0425580820515051	0.0976529435245043	0	0.0718838406925054	0	0.086098329165145	0	0.229742021277833	0	0	0.179848622595224	0	0	0	0	0	0	0	0.01251493933607	0.0124750434399642	0	0	0.00386603461324987	0	0	0	0	0.0761238766753415	0	0.106949971282672	0	0.199860848508568	0	0	0.307601494801309	0.265218786599289	0.183823325667315	0	0	0.16682872262623	0.15351123919086	0.250756023293178	0.172758163300578	0.0690254110011915	0.0704796021498583	0	0.263970800783667	0.15668054781142	0	0	0.168929487094232	0	0.195376837104427	0.00831536058244683	0.0366309367778228	0	0	0	0	0	0.0470420029062982	0.116244990276343	0.152233431435791	0.0423828982995035	0	0	0.00602853720358094	0	0	0	0	0	0	0	0
0.136068130804546	0	0.0426833819261665	0.0315918858047821	0	0	0	0.544776179994176	0.176293537935105	0.0815838489375772	0.193753745862461	0	0.251823515384974	0	0.0643187539642532	0.0314851191642515	0.314168924008276	0.287678412291457	0	0.116960266217831	0.203457539456939	0.618410895713793	0	0.22160856130706	0	0.193678835865105	0	0	0.117535227164343	0.354680081155904	0	0.038882910864231	0	0.0928547087990794	0.279072902471467	0	0.0239240399148722	0.301986313173032	0.328737431214865	0.0637558780807536	0	0.117556097945791	0	0.294714999352175	0.0984630513297071	0	0.105042246915939	0.0291852000652741	0.00158049471441713	0	0.132263710628628	0	0	0.0947673858869609	0	0.206411074698229	0	0.204793166322203	0.132468396503232	0.255687003507357	0.0949815010689305	0	0	0.256218553086759	0	0	0.150040231559024	0.0301302431402876	0.191889599631942	0.070966047601102	0.207310705781215	0	0.153084352668569	0	0	0	0.0863347616017198	0	0	0	0.154260257476474	0	0	0.12180861990931	0	0	0	0.00497275828732649	0.286375182212674	0	0.0319205700908429	0	0.147746563627563	0.551291063259051	0	0.345230773939076	0.066728680201413	0.243487302027013	0.107250823036931	0.0282016879276433	0	0.0413536471061448	0.404216583600577	0	0	0	0.213881525212083	0.191250905431077	0.213525425290432	0.225473159393103	0.0699819501479357	0	0.308392027618964	0.204870519825321	0.176230019637286	0	0	0	0.0545333887896946	0.233971402713846	0.0112170001655112	0	0.147883156720464	0.124206616114391	0.212301206859087	0.296168638620719	1	0	0.0366151836752016	0	0	0.0739421061425595	0	0.189000844279216	0	0.577062423882172	0	0.0480987513647139	0	0.0787829210042486	0.231890558452162	0	0.240576374651011	0.486165668242168	0.284132498777523	0.311547191076097	0	0	0.206833902484405	0.0235190075507442	0.08578147854977	0.46739814699241	0.586901732650135	0.299585319539375	0	0.100576227468025	0.172021864632858	0.335173095641902	0.18101004648259	0	0.331440576002484	0.438497209344762	0.178929997344326	0.372302602704848	0	0.157121657615113	0.277153848179729	0.277373774995093	0.145227138697579	0.144449301355338	0.244055559653655	0.12803863478628	0.147141701878494	0.336885681226778	0.170208410755635	0.0569572128937168	0	0	0.391175248572149	0	0.44137708880666	0	0.404637360612213	0	0	0	0	0	0	0	0.101920668680948	0.172155281222604	0	0.340120774595303	0.014998789523905	0.0318465624592006	0.108237659030322	0	0.0853371748393467	0.00507134347312061	0	0.366743029741309	0	0	0	0.44418517484893	0	0	0.0917031033292477	0.534996657271348	0	0	0.152147032576483	0	0.0879812767289956	0	0.216696937773834	0.279871792465221	0	0.190551269508221	0	0	0.152140375881551	0.164010002922085	0.170704372197873	0.093893382049588	0.275467769916099	0.0542492536325329	0	0.176512535946362	0.249397039444188	0	0.445535480691235	0	0.4355154353432	0	0.116538832646139	0.324104809748081	0.28925202870329	0.0967070977702637	0.31744911108452	0	0	0	0	0	0.338319763047756	0.159944846498885	0.186442536376623	0	0	0.195926359499201	0.0755550490537399	0.0998730460066261	0	0	0.0875560330150274	0.255298699626616	0.420864153751078	0.2611971769845	0.484085771216613	0.0583482370859838	0.131421680053714	0.419990489337216
0	0.215743849593551	0.210783394635865	0.00473006456181896	0.225173537981051	0	0.142177539528677	0	0.138766356633989	0	0.243262718021275	0	0	0	0.182614114198388	0.124197659304831	0.032890316913687	0.254085883997233	0	0.0363182833739458	0.0806073358784236	0	0.0444617697645402	0	0.0974947829689571	0	0	0	0	0	0	0.196777205142993	0.053644312512061	0	0	0	0.118145141549896	0	0	0	0.0105929244708985	0	0	0.0968366168458997	0	0	0	0.053026371796604	0	0	0.215819413137988	0.00333899729170371	0	0.0585734368545881	0	0.172589200690543	0.0959245287472496	0.13884901358397	0.00434475747606057	0.215564912300069	0	0	0.0622536024491258	0.0668932329181617	0	0	0.120532808100032	0.213507923581337	0	0	0	0.107835530041397	0.0109568751523272	0	0	0	0.181970656782005	0.285224348937732	0	0.0352295153312404	0	0	0	0	0	0	0	0	0	0	0	0	0	0	0.130851174776242	0.17858157267915	0	0	0.0146549026580768	0	0.271960686404281	0.00642988258083007	0	0	0	0	0	0.095057874465105	0	0.0662752039966838	0.122637516776632	0.168808405343591	0.0352926882643868	0	0	0	0	0	0	0	0.0248997503131677	0.24132053809779	0	0	0	0.0416917216548825	0	1	0	0.0223975025666549	0	0	0.0797618796638524	0	0.0860998524379234	0	0	0	0	0.0221750266505295	0.121536551369866	0.154236693033656	0.232203050446585	0.0364204717037315	0	0.0463875030055103	0	0	0	0	0	0.227095019856109	0.0516137063347122	0.139055787906008	0	0.263279319048045	0.0416707503131803	0	0.171735223434592	0	0.0289672795823169	0.333429511275428	0	0	0	0	0	0	0	0.0211046854762282	0.0816608695038231	0	0	0.178259590738997	0	0	0.0163572035685247	0.294208151970044	0.0830011963868638	0	0.0806639430249838	0	0	0	0	0	0	0	0.0623552806432366	0	0.114105959351047	0	0.199815646385511	0.0220866442553807	0	0	0	0	0.0736781371240553	0	0.0720757530621134	0.0526384972904527	0.0213197200394018	0.1589481681561	0.0867024062919567	0.0131630324398976	0	0	0.0701301217587989	0.16450460462002	0.159669868523096	0.00313305673412599	0.16164256109512	0.0494769701393894	0.0470440480149352	0.182756910159901	0.106148774004843	0.0885107999587994	0.0711147816406173	0	0.080330689059857	0.191016128216442	0.0440731715282672	0.141980419110666	0.162317991906059	0	0.256416664533654	0	0	0.0445025512897418	0.0282295313005714	0	0.271548507141793	0.110367622315875	0.141352479994055	0	0.0903307441529088	0.178127631335169	0	0	0.144652718759872	0	0	0	0	0.110047178577965	0.263902795339458	0.0988459601678928	0.0642970367274722	0	0.152947521808	0.0406888320033721	0.212113000156023	0.0846592274467816	0	0.0826276491038116	0	0.247104186124547	0.0669358083423315	0.0714836145207717	0	0.19804506558376	0.0606750809922462	0.118877519114088
0	0.198452270509255	0.221357877019283	0.102263797559625	0.190363419617086	0	0.303105150374913	0.0515008208339635	0	0.0131319054557835	0.135692841576469	0.124446372308849	0	0	0	0.0661286083095662	0	0	0	0	0.10043846313415	0	0	0	0.0851448947744643	0	0	0	0	0	0.0360945502821573	0.0280539085877166	0.101431528121688	0	0	0	0.187634059042897	0	0	0	0.0402074688617974	0.00721663314177949	0.123199808601081	0	0	0.0259323025533868	0	0.153315352187964	0	0	0.163608443303382	0	0	0.1131041124013	0	0.254460698385126	0.10825228510843	0	0.098656807875087	0	0	0.167860772765021	0.128450822940367	0	0.0557214799755335	0	0	0	0	0	0	0.113204594507186	0	0	0.203359064001053	0	0.00145009245845002	0.255927143963491	0	0.258665391032331	0	0	0.126002579659141	0	0	0	0.0309447770505771	0	0	0	0	0.23066733104764	0.0351090464464046	0	0	0.308790017656754	0.179489746416796	0.0238561984923823	0.189766004946474	0	0.30458868218156	0	0	0	0	0	0	0.0518525289108323	0	0.100611832979433	0.138147686938791	0	0.0504719386704407	0	0	0.087312127764918	0	0.0966323287476861	0	0	0	0.120579927793489	0	0.164430087833773	0	0.181435328043558	0.0366151836752016	0	1	0.135698876320731	0	0	0.257243624390994	0	0.0468308457155	0	0	0	0	0	0	0	0	0	0	0	0	0	0	0.00515083018504311	0	0	0	0	0	0.319694957581888	0.0252049463727456	0	0.257967788327472	0.0883640412338622	0.111808803737924	0.0313732163060738	0.0604699286765875	0	0	0.0834449370690571	0	0	0	0	0	0	0	0.0680940114554258	0	0	0.154762492871336	0.227284893062913	0.183966674465253	0	0.0544761786261504	0.0616531085999557	0	0.0206575367784886	0.155191955804202	0.0628387362240981	0	0	0.219960692196035	0	0.0951860374913225	0	0	0	0.0225552417344392	0.391371747858274	0	0	0.141200313313597	0.160728668683766	0.228340278787289	0.271716638219164	0	0.193535876821166	0.305007198606888	0.0743256003589543	0	0.0406239183026738	0	0.163125003665592	0.0954274092240881	0	0.0404210498830236	0.064546693963343	0.23656127883149	0.280990969787532	0.152673461495415	0.144847795609623	0.0520399752371898	0.077380460664904	0.0120480750672003	0.225998755664181	0.16955705900129	0	0	0	0.261604399896266	0.00130424344448331	0.0356941756082055	0.102848766860192	0	0	0	0.298179820250967	0.320435846745197	0	0	0.141776450065158	0	0	0	0	0.130316814226502	0.0362945052942851	0	0.241396954845833	0	0	0	0	0	0	0	0.0157404431385724	0	0.118272772271858	0	0	0	0	0	0	0	0
0.0324285983835739	0	0	0	0	0	0	0	0	0.127080865373469	0	0	0.0448353238114015	0	0	0	0	0.0199412054189642	0.0166975138992549	0	0.111523300256512	0.0795879549512775	0.190746868424042	0.0385348423782297	0.0584133786144631	0	0	0.104913554140184	0	0	0.00544745752946968	0.112000859729734	0	0	0.152815061933121	0	0	0	0	0.0224704902698981	0.0541743012094997	0	0.0588865278932918	0.0177183841361465	0	0	0.258322794376365	0.0802601026967647	0.0701171424376238	0.277562501014088	0	0	0.174269380024469	0	0	0	0.00180814506918865	0	0	0	0.0998578064346655	0	0	0.0571121556724753	0	0	0	0	0.028743618756965	0	0	0.0337546582012963	0	0	0.0233207524597914	0	0	0	0	0	0	0.138186612417939	0.115877851989055	0.0700228955344548	0	0	0.0619922297317328	0	0	0.03845823766456	0.0674006094343208	0	0	0	0.0445378948591941	0	0	0.00649416376235109	0	0	0.064457773965849	0	0	0.0427424782267587	0.123843701626687	0	0	0	0.112759391168693	0.0790770932233561	0	0	0	0.0265136705114367	0.0463705057676713	0	0.130061354933613	0.0856633469729752	0	0.176278972919	0	0	0.0977837142487824	0	0.0651011948050711	0	0	0.0223975025666549	0.135698876320731	1	0.119458315990511	0	0.053325506147174	0.283329537600425	0	0.0542752232753347	0	0	0.0736280658640599	0.18025737249631	0.140078289555432	0.115941657648094	0.369373100524148	0.0251571606450413	0.274766988494833	0.0843974848141516	0.211035890977824	0.113635180696226	0.147350877692323	0.111447692805295	0	0.0822451968932025	0.0676693110675621	0	0.275545007721607	0	0.00499517064736267	0	0	0	0.030121675669336	0.142017161775876	0	0.0636455026134635	0.178479391254886	0.0624071861791612	0.156802507226893	0.0116260402087812	0.179368341277192	0.0916652999569858	0	0.124108503165685	0.0520886454391152	0	0.132284842904279	0	0.103556062543949	0	0	0	0	0	0.273981659344537	0	0	0.207907471609196	0.198188673759194	0.105348059579726	0.163831874247472	0.285781406802683	0	0.255704809016859	0	0.215715830681179	0	0	0	0.0664564156504988	0.206120211356401	0	0	0	0	0	0	0.0309408755368756	0	0.11714848713268	0	0.00741806940747511	0	0	0.0609339888128647	0.0251666866379539	0	0	0	0.0383173972944752	0	0.0814437875358336	0	0	0.0402630164317713	0.0271800125205026	0	0	0	0	0.0907067582629528	0	0	0	0.0441434498697538	0	0	0	0	0	0.055433668294506	0	0	0	0	0.0574002603976968	0.154874825305332	0	0.0356681973679959	0	0	0.0793598801987774	0.210635981502965	0.11630973937666	0.179004565920207	0.190086545640924	0.0356920497139465	0	0	0.0926051321962431	0	0.251936681752166	0.0991495741837274	0	0.00489530469245794	0
0	0	0.1692354124243	0	0.0404644798491391	0	0	0.0881038523504673	0.0918298058952044	0.112788823882924	0	0.0463851543974382	0	0	0	0.0216509133597639	0	0	0.153759563338664	0	0	0.0150452102068939	0	0.137270732779867	0	0	0	0.0355737265917001	0.0858786962450309	0.226865873094474	0	0	0	0	0	0	0.0956331883283588	0.0423994773841675	0	0	0	0	0	0.0504574003375863	0	0	0	0	0	0	0.190553728461882	0	0	0.168832261074849	0	0.170380051034133	0.118963140817459	0.0857446015151703	0	0.0131083247516023	0	0.0332493136076166	0	0.0103249738053459	0	0	0	0	0	0	0.0928108029088826	0	0	0.122169659944004	0.0244121093400879	0	0	0.0916820943883588	0.0694132126266493	0.131244088643706	0	0	0.112122330393396	0	0	0	0.120876605053089	0.0622333785137459	0	0	0	0.00633382090356371	0.250615765156893	0.0534893959238731	0	0.0913408144489243	0.149930191969731	0.0354035129220626	0	0	0.0222652670870884	0	0	0	0.032488543906979	0	0.17577314989864	0.0573030837247489	0.184758361936367	0.36760471295597	0.327898333144331	0	0.288127928143671	0.191538540597235	0	0	0	0	0.158497646146506	0.0219113737667021	0	0	0	0.0539598160960443	0	0.115490053860411	0	0	0	0.119458315990511	1	0.142729298907419	0.0521317600020028	0	0	0.200468933650346	0	0	0	0	0	0	0	0	0	0	0	0	0	0.00115463001733503	0.0806113210184687	0.0571823847019781	0.197396096010326	0	0	0.0100718375933826	0	0.0140888649767814	0.233711679972993	0.0797886055591747	0	0	0.296231611584402	0	0	0.00286926415092376	0.0526341558707219	0	0	0	0.117322005394216	0.00258767069992466	0.0364434291604675	0.0170504522517433	0	0	0.063871532967565	0.0219787378551916	0.214290819848959	0	0.180759786224501	0.021102609451609	0	0	0	0	0	0	0	0.0364545720300835	0.093595188935641	0.0440863270325801	0	0	0.116519074984409	0.177279975363699	0.0517417734146221	0.00615801026139444	0.00206426711088054	0.112143900943941	0.0383598069707414	0.312208211355358	0	0.0293713424101521	0.0389404555449373	0.0510265693359895	0.0598360374691849	0	0	0.0748899116567324	0.0821181659657344	0	0.0480378243654089	0	0.210459425746089	0.152091377479806	0.299974452868853	0.0247179186985553	0	0.207571457584683	0	0.133513447890253	0.121264363506121	0	0.21441862076717	0	0.14875995196298	0.135950746990465	0	0.186951064394824	0.0902721401390695	0	0.0551873004325115	0.310106335982476	0.134623255150585	0	0	0	0	0	0	0	0	0	0	0.0792817514290352	0	0.0095843735486852	0	0	0	0	0	0.014432615789244	0.0104120345343372	0	0	0	0	0	0	0	0	0
0.0325721949802924	0.021892922525126	0.103466747317062	0	0.0531717697240117	0.143836632042348	0.0662147917355065	0	0.056789886397399	0	0.271203924084157	0.280412836626648	0	0.0904548994751166	0.143647082352758	0.238847554800556	0.0063979353603272	0	0.00312281218921469	0	0	0.119813914219434	0	0	0.0110448294376977	0.124027147788407	0	0	0.0237188293576978	0	0.1574417335062	0.0284277913357894	0	0	0	0	0	0.0224345673616881	0	0	0.131469288783323	0.427353214189153	0.065491760630004	0	0.174802186546347	0	0	0	0.120860180719575	0	0	0.31880006240349	0.00501434632360951	0.166833252922771	0	0.0785875720482317	0	0.318190666483525	0	0.0114491419820267	0	0.264138611650143	0.0409527549434524	0	0.0356242498962554	0.111748700477431	0.0182952235781663	0.104522020829109	0.110088836102063	0.337349802074715	0	0.0759221116658665	0	0.0415177796812861	0	0.0758116821086832	0.0738637744793559	0	0	0	0	0	0	0	0.402727308646333	0	0.0478883322101708	0	0	0.0511276761326884	0.462850291591872	0.126732828720775	0	0	0	0.136434408080165	0	0	0	0	0.0153090549462195	0	0	0	0	0	0	0	0	0	0	0.0610479738254057	0	0	0	0.055900706317737	0	0	0	0.123975804160186	0	0	0	0	0.104698963187239	0	0.0739421061425595	0	0	0	0.142729298907419	1	0	0	0	0	0	0	0	0.0204994266488265	0	0	0	0.00574905722057216	0	0	0.0916900940587047	0.018394349133567	0	0	0.129723326355191	0	0	0.0863823624678783	0.0417973657831267	0.0493363827114611	0.201402082523282	0	0.155604769360424	0.019480693028405	0.0184988442925972	0.161183576167346	0	0.0117542764780387	0	0	0.0753966488317241	0.010869597535826	0.330696113394581	0	0	0	0.0957443926571745	0.183131443792138	0.0704966672063476	0	0	0.0321196655696544	0.289882409510412	0.311792933158956	0	0	0	0.0666971145385443	0.150723488972809	0.136234559955095	0.122341105656523	0.272150556823074	0.0986844565968118	0	0.236022753506345	0.0843640878042586	0.0212090306411956	0.226141643214071	0.311410978239905	0.212764473560828	0	0.0484875673546668	0.0141236157651887	0.0606517717328602	0.295918246815366	0.159274181200379	0	0.100709556020087	0.0553035815876369	0.0893689039797575	0	0.098456670320251	0	0.0779399005368183	0	0.225521517673492	0	0.172737461444428	0.182754158182548	0	0.196768827677197	0.0108948180263778	0	0	0.0157569203482029	0	0	0.217291997406278	0.248637455665475	0.502938420788519	0.0664844380782912	0	0	0.000585783749546317	0.086850047124419	0.23670118063877	0	0	0.181612857089832	0.0109829969984602	0	0	0.0394330135124425	0.486711722864585	0.0387739621522376	0	0	0	0.10508733588748	0	0	0	0	0.0108583189388957	0	0.167700302870177	0.0433978407747609	0.29417673030328	0.0189118579851128	0.0287379928770122	0	0.0569027954976381	0	0.350830662219702	0.0467768250180792	0.0576405516351045	0	0
0	0	0	0	0	0	0	0	0.269809579103986	0.191660186304158	0	0	0.177024341332535	0.279199313511334	0.0971548031818523	0.121190711017983	0.338575323630486	0.00601894392375296	0.127799181002185	0	0	0.224529801770194	0.0218372354253403	0.17578721715473	0	0.0175029144922776	0.0966991092358539	0	0.134597473995	0.321880638759529	0	0.0350947627605528	0	0.193525370373647	0.285859918115609	0	0	0.113265053049803	0.314285068539367	0.101412800565575	0	0	0	0.232582988430506	0.234587243455557	0	0.290461412921386	0	0.228676095275296	0	0.0610864280787733	0	0	0.134068391681372	0.137291690980713	0	0	0.347152003494169	0	0.359990171808727	0.188094372406932	0	0	0	0.00523949853170695	0	0.00641807234634646	0	0	0	0.0951326371686503	0	0	0	0	0	0	0	0	0	0	0.0963012739955973	0.0451148496775156	0	0.102154804489286	0	0	0	0.289401748066339	0	0.17485916009552	0	0.0263346788431805	0	0	0	0	0.320008664335686	0	0	0	0.0395038290659817	0.547980648199909	0	0	0	0	0	0.13341212094043	0	0	0	0.27059283515544	0	0.289685942125323	0	0.0552884691203855	0	0	0.00162824133711419	0	0	0.240768569894256	0	0	0	0	0.0797618796638524	0.257243624390994	0.053325506147174	0.0521317600020028	0	1	0.171141809690828	0	0.314502953600843	0	0.135590639055873	0	0.0729191615032013	0.00872339664405898	0	0	0.33141913043576	0	0.25399194718252	0	0.0751074352139499	0.049188568923843	0	0.214067967676393	0.267206744976386	0.320327905561839	0	0.0424820442663204	0	0	0.326233508979727	0	0	0	0	0	0.336400213396488	0	0	0.0353740952376879	0.165920944951126	0.26499248274962	0.194962926809386	0.0663261018491832	0.0730378266780443	0	0.0726355498992063	0.226872137977704	0.159309557989899	0.049535826280489	0	0.160638474198319	0	0	0	0.210332444413468	0	0	0	0.159187071275323	0	0	0	0.087181057601185	0.174998914783575	0	0.032495899490862	0.222410718247135	0	0.190525503990051	0	0	0	0	0.268623514767487	0	0	0	0	0.0351706688914295	0	0.116490359570305	0.262220236429847	0	0	0.122716093912571	0	0	0	0.0489607295769383	0	0	0.173405162772008	0.0268978017421638	0	0	0.388212605301238	0.314057645598136	0.288723592528153	0	0.000483831635331555	0.0495841530535318	0.155613380911444	0.111104937894085	0.19391555129305	0.198560436998505	0	0.0133526979197862	0.050411929792347	0.149220577009995	0.114030020133412	0.289001244873371	0.290507662772959	0.278637198004826	0	0	0	0	0.0433691905865104	0.19125273409342	0.0875706328407499	0.116151649903586	0.065724674036785	0	0.23676000905275	0	0.290082423577531	0	0	0.195866273451229	0.056486580869902	0.0635143271889842	0.0986515435478599	0.164000176177065	0.155889577360091	0.174120737199634	0.288262056290625
0	0.143554824093275	0.154931008431969	0	0.0565009368549755	0.0149910437142121	0.224887592651669	0	0.148201870502004	0.0145951466194464	0.00198633866509396	0.168353063672177	0	0.0209044118643029	0.0300933708372639	0	0	0	0	0	0	0	0	0	0	0	0	0	0	0	0.323408447545441	0	0	0	0	0	0.262007086924491	0	0	0	0.170814087252399	0	0.143964014508487	0	0.0781376704000852	0	0	0	0	0	0	0	0	0	0.105493065504846	0.0759857796438696	0	0.122112698435089	0	0	0.00078601521029751	0.0524907184494659	0	0	0	0.041303522886682	0.0601274461729308	0	0	0	0	0	0.133550030849991	0.309124148428757	0.182673514398166	0.0538092610875469	0	0.286161135083032	0.0799802893707332	0.0627807577611436	0.032314202821364	0	0.163954516263554	0	0.0779367678192273	0.193944212365537	0	0	0	0	0	0.353272421335927	0	0	0	0.0786151130577683	0.156801079524383	0	0	0	0	0	0	0	0	0.00541245403170464	0	0	0	0	0.228705115233653	0	0	0.112947464587133	0	0.1527538477622	0	0	0	0	0	0.178355900166974	0	0.0442886561024255	0	0	0.189000844279216	0	0	0.283329537600425	0	0	0.171141809690828	1	0.323013409971635	0	0	0	0	0	0	0	0	0	0	0	0	0	0	0	0.125136839037085	0	0	0.147189937383265	0	0.492845153627027	0	0	0.425383013031394	0.149945940451535	0	0	0	0	0	0	0	0	0	0	0	0	0.152378107020065	0.309214560362992	0	0	0	0.180632620197934	0	0.00256433539874342	0.101721606213954	0.248634847728508	0	0.176809275953451	0.514943552478958	0.0294168410150446	0	0	0.191687602498459	0	0.149681192114696	0	0.0179335959229429	0	0	0.323188201325202	0	0	0	0.160881232612516	0.168852026138874	0.17192172445741	0.197421939329245	0	0.168984033699155	0	0.0756596927020232	0	0.0213177366887787	0	0	0	0	0.057709429820309	0.0940812003423037	0.303879407584609	0.111816497562775	0.0622470083383368	0.224212674848126	0.0193966021115318	0.168717515168739	0.00571383342523918	0	0	0.0400506451464728	0.0909192714257429	0.0658320326668457	0	0	0.111707156414281	0.0826124632211167	0.149505325005318	0	0	0.0755164178487904	0.143602406052626	0.0658681017831315	0	0	0	0	0	0.00976222868419412	0.00186223896426352	0	0	0	0	0	0	0.116273028926995	0	0	0	0	0.506352770493297	0	0	0	0	0	0.171500442958246	0	0
0	0	0	0.115095033618492	0	0	0	0.173783529730671	0.0387555112969589	0.0155587423496316	0.0464319917939385	0	0.129599517593993	0	0.0763154316748731	0.0695001367257618	0.31651250336433	0	0.089903405158602	0	0.0774046138502452	0.53306011322147	0	0.337094057926791	0	0.0744064861160473	0	0.117314410787134	0.265989430140807	0.565471042367808	0	0	0	0.124205217867369	0	0	0	0.0775279842093439	0.0623415293250249	0.256183112665188	0	0.307615555815652	0	0.284520433449003	0.21799080474452	0	0.266210898624599	0.0871723978576862	0.216497195977506	0	0.118882503930191	0	0	0.288938237704279	0	0.22719406889108	0	0.00158711999937637	0	0	0.0751827004222469	0	0	0.084520372370435	0.108337428058277	0	0.00921829811038775	0	0.0085370176798979	0	0.127948300883497	0.0309302883165693	0	0.0166006481532733	0	0	0.117253765392423	0	0.138564526826853	0.010669539990414	0.00165123249372915	0	0	0	0	0	0.117627703767741	0	0.227341638147396	0	0	0	0.059125553756485	0.291994202905371	0	0.3800149679527	0	0.144263040780262	0.0488090912775228	0	0.10792607073656	0.0380334325477006	0.36293270141526	0	0.0446983301580383	0	0.333943136076659	0.0992379617087686	0.292198508551188	0.415231919427586	0.0159286018535619	0	0.202224834394137	0.11623708871309	0.237520816751664	0	0	0.0963450655291429	0.198648601661803	0.104161930696681	0.0897777784810058	0	0.141122299014253	0.0992666780370307	0.048516893789452	0.140009881103822	0	0.0860998524379234	0.0468308457155	0	0	0	0	0.323013409971635	1	0.570669621605384	0	0	0	0	0.0920691544645438	0	0.094363229909066	0.336490840831061	0.177204701232427	0.310781546660388	0	0	0.307423018052676	0.0164609000188007	0.0850154096148037	0.321083223272344	0.403385445952326	0	0.410664692256906	0	0.233377631778391	0.379123692744173	0	0	0.151442188363333	0.0259569609023177	0.0606351799444966	0.230261892909325	0	0.0314701494089743	0.144596006089105	0.109796823711376	0.23127874916439	0.0685073665837885	0.358242147324998	0.219291441046092	0	0.197779314744408	0.250982741752366	0	0.309580489961888	0	0.337469786164284	0	0.218207100440564	0	0.37986418852794	0	0	0.0927172872275924	0	0	0	0.229693477019149	0.205420071017138	0.378144917695495	0.00213776852089174	0.54499553479542	0.320329737745089	0.212730504397529	0.249996656173289	0	0.162391314942231	0.183045813514079	0	0.0890484534226778	0	0.0843941712166707	0	0.236003831874391	0.0530031240265859	0	0.0567087114622787	0.128336516318994	0	0	0.0013257056600622	0	0.13621390452126	0	0.124747429789104	0.165826901760045	0	0.147293963998097	0	0	0	0.130797365614829	0.172909510385574	0.184960872053346	0.210796299757548	0.132947981217698	0	0.284933202210678	0.0409716339150198	0	0.187996080980216	0.0499406488945333	0.18468848170826	0	0.197790051038395	0.363349270824449	0.250186520145476	0.322091480754495	0.0357647091265973	0	0	0	0	0.0352724824341263	0	0.0113170049821697	0.0535254951531817	0	0	0	0.106914564357129	0.255213839397182	0	0	0.10896715772768	0	0.137817873342349	0.132750459530752	0.368689376155504	0.0755533367678571	0	0.212129190064793
0	0.321390786301193	0	0	0	0.110306003613794	0	0	0.0404567298722432	0	0	0.143375043455966	0	0.168969747871603	0	0	0	0	0	0	0	0	0.0066096253672367	0	0	0	0.202774443444861	0.0476875786038547	0	0	0.416493543565164	0	0	0	0	0	0.18912680070058	0	0	0	0.119434620576682	0	0.160046693283704	0	0	0.106683405385657	0	0	0	0.0673764959991636	0	0.0434819993813784	0	0	0.0875723224081075	0	0	0	0	0	0	0.0503096164280816	0.0631157600322633	0.0098556692659361	0	0.15818273126208	0.0898921382193031	0	0	0.221407212206982	0	0	0.0609981980837765	0.100797725683516	0.300257504498717	0.218356922704465	0	0.0886160478631581	0.0184833781311975	0.0507508582131247	0.111503966729815	0.105050067844983	0.266283297146378	0	0	0.200611809975058	0.0947400733911591	0	0	0.15875054430831	0	0.213682337899475	0	0	0	0	0.182636513561985	0	0	0	0.0119510744447781	0	0	0	0.0455455249938537	0.321252590239735	0.00452716548633209	0	0	0	0.0704081823177633	0.18864298967871	0	0.114564645978931	0	0.326166058378377	0	0	0	0	0.0337701223549606	0.0350248658550505	0	0.0839933624817774	0	0	0.577062423882172	0	0	0.0542752232753347	0.200468933650346	0	0.314502953600843	0	0.570669621605384	1	0.188733557749892	0	0.277106107319744	0	0	0.061111280710146	0	0	0	0	0.0294577927185163	0.0364718929789849	0	0	0	0	0	0	0	0.135774374633293	0	0	0.109740480466492	0	0	0	0	0	0.0300758681995887	0	0	0	0	0	0	0	0	0	0	0.0175299649898501	0	0.247194863251388	0	0.118802761015745	0.00753851153079347	0.184786060375653	0	0.497182434755196	0.701872423771254	0.134804370968332	0.118056704711939	0.215170975878302	0.304464509460481	0	0	0	0.152109874742273	0	0	0	0	0.145109738140466	0.0788059250134264	0	0.191321923733664	0	0.274349758943843	0	0.0681487204219675	0	0	0.125900631388975	0	0	0.0401281823068529	0.0701863906456506	0	0.114157717997488	0.0039764272090191	0.343096876133944	0	0	0.349037189700333	0.138013562112309	0.0730289274539989	0	0	0	0	0	0	0	0	0	0	0.0169310654656218	0	0	0	0.297807285488412	0	0	0	0	0	0.103037124802371	0.205693668126848	0.14928052532727	0	0	0	0	0	0.185672728824799	0.336824052933493	0	0.00660407947537175	0	0	0.519308935945056	0	0	0	0	0	0.0704641811801259	0	0
0	0	0.00202888365130219	0.0431253293106239	0.0443943952058814	0	0	0	0.177546914716106	0.410215445381091	0	0	0	0.123304663543925	0.120913797568512	0.251671610976634	0.173884671679024	0	0.15426535954501	0	0.0346198676876044	0	0	0.127415417450403	0.0755985946923896	0	0	0.0678929535924481	0.302079484807549	0.37049382478583	0.0591215297799332	0.137938739726162	0	0.103187670801365	0.127506304241453	0	0.272719240205339	0	0	0.183301238242279	0.179306971773838	0	0.0567995690355868	0.38132128991161	0.486763113247957	0.205962523014512	0.159421901684052	0.244550539441331	0.152732384212048	0	0.092411092825587	0	0.23507969307734	0.187975121065959	0.211224263513065	0.17000328851649	0.142926196450214	0.0928885376545676	0	0.152663745727411	0.215364136962661	0.108733827313482	0	0	0.0790460928908116	0	0.16089127465984	0	0	0	0	0.104621553291977	0.0669415697706766	0.157295796569226	0	0	0.1322615932756	0	0	0.00784253498592088	0	0	0.0739526409115828	0	0	0	0	0	0	0	0	0	0.130274010512259	0	0	0.117453075942006	0	0.0732331178230137	0	0	0	0	0.277858256454438	0	0	0	0.153504276694801	0	0.0399541549998043	0.326434418668472	0.0564973483695738	0	0.105373557177483	0	0.184162380562528	0	0.230502674510205	0	0	0	0	0	0	0.192633487541706	0	0	0	0	0	0	0	0	0	0	0	0.188733557749892	1	0	0	0	0	0	0	0	0	0.21334372686154	0.0108749647232731	0	0.07900604394426	0	0	0.105919932099177	0.238548504783389	0	0.269403511074038	0.175290430644336	0.00805146901982659	0	0.133048780185006	0	0	0	0	0.148217416656975	0	0	0.107677557475594	0	0.258277281280764	0.145926891220027	0.252541665383851	0.191745934948851	0	0.0948562296400325	0.341475311522516	0.144138274655039	0.382223248265724	0.0257416219713643	0.207374382005983	0	0	0	0.036934475373196	0	0.0880198870718984	0	0	0	0.197450632600678	0.127847673543639	0.26475394951917	0.375073026863488	0	0.183695040647859	0.363773082378043	0.0792916562468191	0.440470125691098	0	0.241533095558173	0.0493430089408675	0	0.234746683843479	0	0.333306317005203	0.0463421647454627	0	0	0	0.0855420067131199	0.0410839980404617	0	0	0.139473817847067	0	0	0	0.142561701675007	0.337268613097164	0	0.210960136659673	0.0702250547359694	0.0520520533048778	0	0.182843581434905	0.198925313340325	0.0476830688432347	0.16498432799966	0.0972967608582912	0.112838934965054	0.259156052525354	0.219923804014668	0	0.124525530041451	0.109014684423893	0.208272301689444	0	0.358567600000409	0.159782452778347	0.139351841351805	0.0102688590257009	0	0	0	0	0	0.179014118270584	0	0	0	0	0	0.154943971806295	0.161275949249962	0.37642062266761	0	0	0.262268210787093	0	0	0	0.114515319002168	0.193125510665068	0	0.303517850477393
0	0	0.156188779511697	0	0	0	0.17616821004969	0.175977167559886	0	0	0	0.105455166213973	0.0291596095329007	0	0	0.0773450827705363	0	0	0.179133240144874	0	0.0122125421190194	0	0	0	0.0290378872730243	0	0	0.0110607687053385	0	0.0211780178799528	0.0943524169415834	0.0954189470393402	0	0	0	0	0	0	0	0	0	0.0950191887860674	0	0	0.00277454823867231	0	0	0.102081386920925	0	0.220238087691119	0	0.207237272807884	0	0	0	0.149031495582417	0	0	0	0	0.0363957094954401	0.187121034184656	0.0829564222501068	0.0784347288437199	0	0	0	0	0.0734656327181281	0.0968287675386668	0.161038147318603	0	0	0.0651402728844089	0	0	0.0150332811537949	0	0	0.0933656883143887	0	0	0	0	0	0.0247194006915119	0.159774523688458	0	0	0	0.120866730978503	0.244049204655525	0	0	0	0.0842016840803254	0.00553250207641337	0	0	0	0	0	0	0	0.0306896501947432	0.0791928816549893	0.407468233810094	0.0697656252066962	0.126985142429504	0.220257797406794	0.0686909521841761	0	0	0.244394390524362	0	0.0970080128056493	0	0	0	0	0	0	0	0	0	0.0534410470970302	0.0480987513647139	0	0	0	0	0	0.135590639055873	0	0	0	0	1	0.0395586427229657	0	0	0	0	0	0	0	0.111988997766302	0	0.0765328925688719	0	0	0	0	0.0346243151117086	0.218886296070224	0	0.114711874362406	0	0.0832663801297058	0	0.166584762456726	0	0.0665438614837392	0	0	0	0	0	0	0	0	0.201330856035997	0.046115730162859	0.0877532424934861	0	0	0.221367747465321	0	0.236464065639156	0	0.159698295018332	0.068641035974167	0	0.0186000166560633	0.137543089538963	0.12288945687742	0	0.0603721251749869	0.321888778842137	0.139212192688602	0.0198426153838242	0.275746944664952	0	0.2620586469137	0.216839335934469	0.203310046969663	0	0	0.206788347445472	0	0.37649343999462	0	0.0216206796120992	0.103030454592898	0.167391280279366	0.244965882221722	0.192654099934418	0	0	0	0.0754641931140099	0	0	0	0.290221799990826	0.0878040851459808	0.180051526423084	0.101694752762379	0	0.23907266828088	0.08767173059077	0	0.0265803904385294	0	0	0.125494228936441	0.192793622624477	0	0	0.0489179146196434	0	0	0.165858209073252	0.0633680587468304	0.243580694262959	0	0	0	0	0.0909846151839477	0	0	0	0	0	0	0	0.0255777868006343	0	0.0188439719313795	0	0	0.112248416706512	0	0	0	0	0	0.00557243226350099	0.210470431796373	0	0.102778152120453	0	0
0	0	0.143085746782584	0.0152188821269783	0	0	0.236424502315278	0	0	0.0807251886120096	0	0	0.0868951326815385	0.027800897275121	0.0361375962413013	0.439914855425273	0.292280107730124	0.200529187914859	0	0.0964243434705523	0	0.336270366061746	0	0	0	0.120787142409636	0	0	0.249614722960526	0.166587370139293	0	0.1355184085194	0.0844014628397134	0	0.0788626693084335	0	0	0.298771150701472	0.28133730072853	0	0	0.14682512345204	0.235928717183476	0.129987509643087	0.231037389803813	0	0.0973140537930357	0.0156800156163483	0.171538544584392	0	0.118026518783851	0.0664459729134942	0.0651073649458552	0.227739775397189	0.177226777204008	0.394995490632476	0.280219287065725	0.154361701467414	0.0630938628219116	0.295004669594584	0	0.168635286372241	0.128868931566894	0.0147603376129696	0.179149384399659	0.0534192322583691	0.00709694007942058	0.216670397820206	0	0	0	0	0	0	0	0	0.00784342897101199	0.329003363901635	0	0	0	0	0	0	0	0	0	0	0.0878895288245611	0	0	0	0	0	0	0.152837088727613	0	0.0811287021625352	0	0	0	0	0.364899557908754	0	0	0	0	0	0.064462970237193	0.172199019587351	0.0960288016007719	0	0.224539069154282	0	0.112134561613802	0	0	0	0	0	0	0.0902189916076683	0.133383870767019	0	0	0	0	0	0	0.0736280658640599	0	0	0	0	0	0.277106107319744	0	0.0395586427229657	1	0	0	0	0.060489369325219	0.068565356128122	0.125928952374914	0.0154112815092851	0	0.042216668627455	0.0220330823545875	0	0	0.200150244789788	0.153632325220473	0.18961765910782	0	0.175585345943782	0	0.136781357833001	0.200491031991966	0	0.183091374918056	0.0899738814294099	0	0.0586051377256088	0	0	0.00179692012876895	0.259869278749907	0	0.0172902740558959	0.124106216312375	0	0	0.16935148768716	0.213408761995219	0.197815432591709	0.0259263782929741	0.300537628834414	0.115589401524018	0	0	0	0	0	0	0	0	0	0.0989984941237673	0	0.278601649380613	0.102581155028146	0	0.0305820806257886	0.256394730528937	0.143770513280676	0.0560834180356168	0	0.0581533714017099	0	0	0.242327154462848	0	0.0696772160913726	0	0	0.181201990817373	0	0.238123101350081	0.280489486276656	0	0.00699171566159565	0.332045607273485	0	0.166072899527153	0.204969597805987	0.27532605812022	0.351849449454277	0	0.154395561531729	0	0.224494624682672	0.0180986831851598	0.256266201245377	0.279909757229596	0	0.283938261003208	0.143017118037478	0.0871581680872868	0.347202441196938	0.252858728058804	0.272570992622328	0.295144884608597	0.123852470705466	0.243300669918378	0	0.200832423931102	0	0.0122635342211297	0	0	0.0168188445114213	0	0	0	0	0.23506702886043	0.33606381660644	0.113476684645795	0	0	0.0803388551307222	0.0515103764408039	0.00136908315065129	0	0	0.116704961175697	0.0694697545386903	0.121693021103077	0.0693089813184894	0.081798326912702	0.0109754572790899	0.121683242086533	0.312988048975781
0	0	0	0.111525884912387	0	0	0.0602968968468083	0	0.299392213700396	0	0	0	0	0	0.291183396078606	0.0694712301861751	0	0	0.209966191429427	0	0	0	0	0.0826284395171216	0	0.0262348820451918	0	0.255753980095938	0.120569824052047	0	0.21773142645633	0	0	0	0	0	0	0	0	0	0.0969399180383827	0	0	0.0431786659177588	0.261883964907101	0	0	0	0	0.127307049183284	0.000980363290989161	0	0	0	0	0.0474908711666756	0	0.155197782182831	0	0	0.208184909752013	0.042507191223251	0	0	0	0.0383694481660163	0.146828496044411	0	0.0829565556112909	0	0.0586525006931918	0	0.0337600565912786	0.0536657824349581	0	0	0.093115974540232	0	0.201246472784149	0	0.0764894531321413	0	0	0	0	0.219565755359974	0	0	0	0	0	0.103840974494673	0	0.111832492526329	0	0	0.18185351651937	0	0	0	0	0	0.00633582962169194	0	0.289847667702957	0.250998339201412	0.411307801829312	0.0539175172078582	0.333263916730414	0.186422016441501	0.344996392116892	0	0	0.443599025854132	0.175382242718417	0.162455921602446	0	0	0.136325193434688	0	0.0107240424292246	0	0.00280907928230212	0.15017492854672	0	0	0.0787829210042486	0.0221750266505295	0	0.18025737249631	0	0.0204994266488265	0.0729191615032013	0	0	0	0	0	0	1	0	0	0	0	0	0	0	0	0	0	0	0	0	0	0	0	0	0	0	0	0	0	0	0	0	0	0	0	0	0	0	0.0339022850600138	0	0.230939581314642	0	0	0	0	0	0	0.134054754151554	0.0738851883756839	0	0.0379327377099475	0.247994235982963	0	0	0	0.131484026233815	0.144200363557938	0	0	0.0196619099795995	0	0.0578084114369369	0.185250651703506	0.0806633116440089	0	0	0.0179208655365525	0.20007558063073	0.0677441145247495	0.0456377698800099	0	0.129877589111032	0.0830614040607754	0.13513923836046	0	0	0	0	0	0	0	0.271000745171469	0.259261437435498	0.251431965154966	0	0.0155694463692278	0.218846695441118	0.235289293820062	0	0	0	0	0	0.0162497505234952	0.0316827822376832	0	0.0820064108951719	0	0	0	0.0702605944800514	0	0.155462653523837	0.319255314610993	0.0793443701926937	0	0.0931536886357546	0	0	0	0	0	0	0	0	0	0	0	0	0	0	0.00830144631925102	0	0	0.000871475748867393	0	0	0	0.043064886100816	0	0
0	0	0.114267379359938	0.0653708333365397	0.0775524642418694	0	0	0	0.193504021186294	0.00433183152037822	0	0.0479283128060136	0	0	0	0.00783261530356054	0	0	0	0	0	0	0	0	0	0	0	0.0860309473854572	0.243537408290457	0	0.351754883332715	0	0	1.67030524136991e-05	0	0	0.216807902974433	0	0	0	0.118184859860264	0	0.178583837611102	0	0.286845644079476	0	0	0	0	0.0320637377773427	0	0	0	0.0181512690808	0	0.0335855961710048	0	0.089664992843856	0	0	0	0.14578232564924	0	0.0193595457639455	0	0.06669861243143	0	0	0	0	0	0	0	0.285784649337031	0.0767122379590999	0	0	0.0611617903293199	0.117582606609616	0	0	0	0.18896407306164	0	0	0	0.0844458630437167	0	0	0	0	0.106710118104171	0	0	0	0	0.281887141666027	0.0306476517684312	0	0	0	0	0	0	0	0.0554334463875074	0.0863983467459524	0	0.139498751534777	0.0754894131915293	0.256348547283572	0.0056276103028846	0.0150098066816488	0.176158745931889	0	0.13604431750761	0	0	0	0	0	0	0.103757842519127	0.214119785213848	0	0	0.231890558452162	0.121536551369866	0	0.140078289555432	0	0	0.00872339664405898	0	0.0920691544645438	0	0	0	0	0	1	0	0	0	0	0	0	0	0	0	0	0	0	0	0	0.171506449486625	0	0	0.327421863316903	0.0411596876002026	0	0	0.0821363442084244	0	0	0	0	0	0	0	0	0.0305702346549753	0	0.154821986161309	0.0758057756892587	0.0794580897974727	0	0.164309000186215	0	0	0	0.0656261420179209	0	0.201024714871807	0.425204036715773	0	0	0	0.180295575362254	0	0.187297077655651	0	0	0	0.192716953899044	0.290616416728617	0.113652772342573	0	0	0.0560115450646414	0.126001191590648	0.12167101050187	0.0760900302345721	0	0	0	0.0807874319107221	0	0	0	0	0	0.0426492798901187	0	0.117146284972175	0.222062849517004	0.190267801144268	0.0237034947267106	0	0.169044649483174	0.0284915182275459	0	0	0	0.105263683404243	0	0	0.0889067703995988	0	0.0993511177204879	0.0169716456370195	0.0753353399921885	0	0	0	0.0388494598639174	0.0548558254008703	0	0	0	0	0	0.0420951290416221	0	0	0.0402735638976947	0	0	0	0	0	0.055132358696724	0	0	0.0158882505448968	0.236679769725179	0	0	0	0	0	0.105823239036399	0	0
0	0	0.0458733263825103	0.180273717589955	0.0523580869839145	0	0.0924421010515579	0.116672453366188	0.234522722166616	0.194178987672953	0	0	0.0307234807311611	0	0.237114691519996	0.257297974895996	0.0457500428118666	0	0	0	0	0.125632226485474	0	0.136790510237153	0	0.00797069132535557	0	0	0.298295976669725	0.235560123756278	0.0370732606108903	0	0	0	0	0	0.0994694038301929	0	0.096912807950344	0.0326752739871913	0	0.0646534623583942	0.127805655061625	0.208348046057471	0.533283083801992	0.0291077067806556	0	0	0	0	0.0795190421337661	0	0.119804952741693	0.0684160570812845	0.0434353421132079	0.261139202905244	0.11509339957889	0.164020467711474	0	0.172186203859934	0.227670315501787	0	0	0	0.0490938545890859	0	0.147277624952674	0	0	0	0.0796492320605105	0	0.0833689324581237	0.132571695963939	0	0	0	0.0491746256267586	0.0932703994564218	0	0.0615290393497898	0	0	0	0.0211676711158522	0	0.0602511809126056	0	0	0	0	0.0572172176800027	0	0.019851613463153	0	0.158151394205975	0.115562444997019	0.00933667372374062	0	0	0	0	0.278551330376914	0	0	0	0.263381325168973	0	0.229509330715735	0.347237547759068	0.298401371795199	0	0.169281826290924	0.193724368663649	0.205447315638836	0	0	0	0	0	0	0	0.0786478421409076	0.176278592086713	0	0	0	0.154236693033656	0	0.115941657648094	0	0	0	0	0	0.061111280710146	0	0	0	0	0	1	0	0.0690846628401531	0	0	0	0	0	0	0	0	0.114846581086539	0.075065602816848	0	0.105176241918724	0	0	0.224190888143771	0	0	0	0	0.0182783692896061	0	0	0.0314350811099092	0.0552530227668996	0.0365349302557237	0	0.0561615814520072	0.019110874665058	0	0.355139247641241	0.10700934115474	0.190550797769999	0.085207360317822	0.151229589365926	0.141925524623531	0	0.090437840508464	0.0447320187058793	0	0	0.108427248182338	0	0	0	0.00851395854007021	0.105849748875416	0.182673182109206	0.199742278589274	0	0.0615793287782678	0.257162746210447	0.249819368567231	0.282930447255913	0	0.112386010315397	0.119523048225544	0.0582447671551214	0.33152240473962	0	0	0.0912767278302513	0.0499301567484548	0.121022821778279	0.00330632220134278	0.0602692311102142	0.169303848140883	0	0	0.0801437452427905	0	0.120784828347775	0.0833627644180743	0.267936922931898	0.269181259912634	0	0.185790560051802	0.19593441300548	0.0370060145830797	0	0.128335139564455	0.243408402710086	0.041934426037887	0.17478763041357	0.222191550526505	0	0.438317844386962	0.298957429734227	0.0694901434603231	0.161242330705935	0.196360401297742	0.270068009801079	0.0306210579255733	0.355569593485567	0.00422678496200758	0.0844276681838387	0.0643172918593958	0	0	0	0	0	0	0	0	0	0	0	0	0	0	0	0	0.0201692002533565	0	0	0	0	0	0	0.39027595128931
0	0	0	0.00504346396578692	0	0	0.022136868979639	0	0.248161867798023	0.0601762250032546	0	0.00644199069027633	0	0.229121641717829	0.0756519354572692	0.0968720608603726	0	0	0.132095339631169	0	0	0	0	0.00419127261125594	0	0.00918477691265296	0	0.0378661384556984	0.0421949920825955	0	0.227433061728984	0	0	0	0	0	0	0	0	0	0.0556326257660366	0	0.0863453124309948	0	0.318737145307996	0	0	0	0	0.0546835197404866	0	0.0593859121091878	0	0.111836004214854	0	0.0173886055243455	0	0.187478960892341	0	0	0.108322328653354	0.178373559554057	0	0	0	0.128875601084186	0	0	0.137692190091656	0.0163992528435964	0.064055432051278	0	0	0.222435175490483	0.122786097761618	0	0	0	0.171246029368319	0.0912846562202466	0.0236745065689695	0	0.202452103525275	0	0.039606680971281	0.0559968468719928	0.019600758168647	0	0	0	0.0355269573818395	0.259640128255247	0.0751396204182709	0	0	0	0.0858576681918395	0	0	0	0	0	0.0069722612548714	0	0.0654639785951938	0.176659495829999	0.135353689377823	0	0.102207483040758	0	0.286309812903165	0	0.0930173167002764	0.132238595168602	0.0260673903018491	0.409195724328579	0	0	0.0651739212501686	0	0	0.0459896816126027	0	0.0139388447500471	0	0	0.240576374651011	0.232203050446585	0	0.369373100524148	0	0	0	0	0.094363229909066	0	0	0	0.060489369325219	0	0	0	1	0	0	0	0	0	0	0	0	0	0	0	0	0	0	0	0.175029182761133	0	0	0	0.0819971227329029	0	0	0	0	0	0	0	0	0	0	0.0618636153028484	0	0	0	0.00780345448080098	0.11580179132495	0	0.0948141745663124	0	0	0.248857473520361	0.260870371109085	0.0383923621846032	0	0	0	0.0661928590579455	0	0	0	0	0.0647366469089063	0.251803607594023	0.0559257541408562	0	0	0.15081135895888	0.0300207072560193	0.0945742427041441	0.0563535305025132	0	0.160511005946833	0	0.227073258406346	0	0	0	0	0.121264395226538	0	0	0.058189856203865	0.265109773831826	0.205789317105323	0	0.141980979728974	0.236663560222603	0.0879226065229396	0.000517427304652727	0	0	0.10510309902461	0.108345973737976	0	0.103403979634182	0.00501664732276287	0.00494418315527911	0.0745399000217621	0.0840193542723756	0	0	0.0260312826345492	0.19807522960126	0.021124729806585	0	0	0	0	0.150238622524121	0.0148699877479417	0	0	0	0	0.0089650796535406	0	0.21788519257199	0	0	0	0	0	0	0	0	0	0	0	0	0	0
0	0.113959515694283	0	0	0	0	0.172464522943992	0	0.00572600819787929	0	0	0	0	0.127539358667532	0.0916057735654339	0	0	0	0.420258711730091	0	0	0	0	0	0.0614949512268169	0	0	0.166643088215035	0	0	0.279316066160676	0	0.0563370572075022	0	0	0.0293110348910943	0	0.0398487842279477	0	0	0	0.0432504873256601	0.107629211788104	0	0	0.0910502960921181	0	0	0	0.190125044142578	0.0323818211140302	0.119224588465295	0.163690867987576	0	0.152400750558441	0.105461329025531	0.255891723236664	0	0	0	0.040671366168854	0.342528911509829	0.0977639488666145	0	0.165810254546128	0.429074542477961	0	0.0928428364130791	0.149947990554339	0.046664901380313	0.158493208189407	0.0144093477273505	0.140421993474922	0	0.30203856603226	0	0.0103097088184967	0.184951851565302	0.00737044367442905	0.201580020078309	0	0	0.130621541049934	0	0	0.114401544107974	0	0	0	0.0286457419524281	0	0.142498670413216	0	0	0	0	0	0	0	0.0364081124216675	1.00512236009524e-06	0.085758108699864	0	0.0194321902443461	0.217848461605104	0.232420088750373	0.0331524918963164	0	0.0222383970610584	0.0234143042409065	0.185472037465501	0.0239155004762519	0	0.0973534905578815	0	0.323158508734286	0	0	0.115155825277236	0	0.105568398837573	0.0402017865657125	0	0	0.109041483290478	0	0.486165668242168	0.0364204717037315	0	0.0251571606450413	0	0.00574905722057216	0.33141913043576	0	0.336490840831061	0	0	0	0.068565356128122	0	0	0.0690846628401531	0	1	0	0	0.0463457217635055	0.0372553875565716	0	0	0	0	0	0	0	0	0	0	0	0	0.0162130616838313	0	0	0	0.144464060608054	0	0	0	0	0	0	0	0	0	0	0	0	0.111542218989134	0	0	0	0.0186435892125507	0	0.484032023170965	0.366993448243317	0.136661198661661	0	0.0352294148867676	0.217335790971132	0.146275410969999	0	0	0.135174381455229	0	0	0.073844031510991	0	0.11887767263146	0	0.133151625801991	0.331687689793038	0	0	0.0846244401915597	0.218985896691826	0.0431424940367282	0	0.143985321918905	0	0	0.149756633234856	0	0	0	0.0717047626498653	0.359426527147947	0	0	0.26324392689718	0.185000677588981	0.135708635970162	0	0	0	0	0	0.0578001939528916	0	0.0842638947525884	0.0161429115274377	0	0.174562202574374	0	0.0136751898917069	0	0.166613012059648	0.0145013703367719	0	0	0	0	0.107618943479235	0.0843064157740391	0.0753721023887316	0	0	0	0.135462908525293	0.0512806799026734	0.188638543092785	0.150483219289464	0	0	0	0	0.179592768301568	0	0	0	0	0	0	0	0
0	0.147426343199322	0.0925091077882055	0	0	0.11746092008529	0.183267330900796	0	0.084746159566184	0.0694224903350733	0	0.301231748412745	0	0.215943164747771	0.01877149756204	0.170682189763742	0	0	0	0	0	0	0	0	0	0	0.116125731114247	0	0	0	0.345847734939846	0	0	0	0	0	0.163247080283266	0	0	0	0.169714232226659	0	0	0	0.129153357058653	0.10571681565804	0	0	0	0	0	0.309781529072843	0.0415584804397627	0	0	0.0422358360878208	0	0.172600385774441	0.0119042580868829	0	0.0276589814916004	0.17543840782756	0.053585356030591	0	0	0	0.0721214801812924	0	0.0340797219101174	0.155199006518889	0.134402413975703	0.147791452277918	0	0.207079410508657	0.149210868828043	0.039354241067923	0	0	0.0231189574472918	0	0.0579796415042536	0	0.0802100218995154	0	0.150923615332953	0.0360313681863943	0.00386098698142747	0	0	0.0669989167010291	0.169459072956911	0.171293726748607	0	0	0	0	0.020997915992591	0	0	0	0	0	0	0	0	0.104518037396354	0.120331250662827	0	0	0	0.183348964294779	0	0	0.0950125944483691	0	0.16620060129041	0	0	0	0	0	0.0264696714136495	0	0.091804157748167	0	0	0.284132498777523	0	0	0.274766988494833	0	0	0	0	0.177204701232427	0	0	0	0.125928952374914	0	0	0	0	0	1	0	0.094836099057718	0	0	0	0	0	0	0.0684064877716881	0	0.155157959162807	0	0	0.314374267948666	0	0	0	0	0	0	0	0	0	0.173081801291178	0	0	0.0749198357272316	0.0169049586454072	0.119692047566499	0	0	0.05697871341024	0.0661221995732695	0.0786762769008571	0.205574264871012	0.0408573666820779	0.0611121409517263	0	0.235838291847028	0.362922102181924	0.0303069748629166	0	0.0811022329812538	0.268384605070178	0.0960944301311869	0	0.19017145410427	0	0	0.162254773616581	0	0.0782017869027346	0	0.196534130791066	0.052292006335459	0.197395680936745	0.246057002086385	0.0849770377124868	0.0672648337790671	0.322698436316951	0	0.103392234954714	0.03454479809483	0	0	0.0865341548407139	0.0931481921148246	0.033473762780002	0.177800458338951	0.242477564002444	0.241431347800241	0.24407526885169	0	0.246213701896092	0	0.278483308254725	0	0	0.0863322017511761	0.078346875750065	0.195822389295168	0	0	0	0	0.0632592865692681	0.0445486824831821	0	0.0524271132369941	0.0893406279686153	0.200406637031507	0	0	0	0.18954540197774	0	0.0621263639313938	0.00390551461910791	0.0548441370073117	0	0	0	0	0	0	0.0330717298456547	0	0	0.0204816417509887	0	0.282174230418833	0	0	0	0	0	0.263453289689232	0	0
0	0	0	0	0	0.0861681299656022	0.229402250541851	0	0.128497279873274	0	0	0.0213433214780415	0	0	0.156645961390298	0.196045165230608	0	0	0.11432057990764	0.0368110536196756	0	0	0	0	0.204313110275161	0	0	0.0731436316589709	0	0	0.400673433874037	0	0.142855933774188	0	0	0.100370693848131	0	0	0	0	0.0855231755997741	0	0.0896387126504811	0	0	0.0777509073455889	0	0	0	0.100249960313247	0	0.191537114098991	0.0607710564944632	0	0	0	0.0400187373015552	0.134265857937238	0	0	0.203148613449682	0.230366282859103	0.14088234390197	0	0.102109604778694	0.174996322607663	0.0924682204748585	0	0.20716999679983	0.0328653215417635	0.170659119862402	0.0757311307296224	0.00650295121400536	0	0.186647931385543	0.125945331937853	0	0.157959717390465	0	0	0.111829218690615	0	0	0	0	0.367203221225109	0	0	0	0	0	0.240384162318517	0	0	0.092070907730966	0	0.0132399542390528	0	0	0	0	0.0611410882816958	0	0.0186669105455596	0.316383101962498	0.393023525430792	0.156718002780746	0.137608572157329	0.0767687172719053	0	0.211489703729629	0	0	0.220393701130777	0	0.200202323739894	0	0	0.065933018458013	0.0272679157969517	0	0.247934929931652	0	0	0	0	0.311547191076097	0.0463875030055103	0	0.0843974848141516	0	0	0.25399194718252	0	0.310781546660388	0	0.21334372686154	0	0.0154112815092851	0	0	0	0	0	0	1	0.0164356655241058	0	0	0	0	0	0	0	0	0	0	0	0	0	0	0	0	0	0	0	0	0	0	0	0	0	0.0804116129215007	0	0	0	0	0.146374474703501	0	0	0.00863962423217242	0.2194153055357	0	0.262598318223743	0.35642715843532	0	0	0	0.22922627382973	0.0271324978498552	0	0	0.0988038395493624	0	0	0.0379670249536978	0	0	0	0	0.250478490397046	0.0212829213071375	0.24163010831455	0	0.213045482666828	0.0477138487645639	0.177717184978428	0.00283424081289259	0	0	0.0841763444380862	0.242022918192451	0	0	0.198597298478149	0.322477623060928	0.120830246645422	0	0.30681423012645	0.012329459507182	0.324915524733124	0.0198295838796999	0	0	0	0	0	0	0.0403102360438366	0	0	0.0739887981256723	0	0.0974593281966287	0	0.132493041761898	0.0156845610282283	0	0	0	0	0.15502225703625	0	0	0	0	0	0	0	0.0727576028079129	0.0556512848862995	0	0	0	0.00865953962596769	0.0923036506872195	0	0.0395088965795702	0	0	0	0.0252533532225394	0	0
0	0	0	0.101918611025507	0	0	0.0806455043448881	0.142266385890136	0.449564485320308	0	0.214098418117316	0	0	0.00499961961677432	0	0	0	0	0.022949520676045	0	0	0.159180839549439	0	0.221203313473208	0	0	0.0395067137553398	0	0	0.132798358321233	0	0	0	0	0	0	0	0.141083034621013	0.0228044898392364	0	0	0	0	0.176866788875863	0.125507183124363	0	0	0	0	0	0.272330016407043	0	0	0.0174546941090715	0.00562457664834941	0.130361819493369	0.185437874786587	0.297373778609921	0.0419316419315617	0	0.0306782166434009	0	0	0	0.0257923254604802	0	0	0	0.0214043219314308	0	0.00447482782005441	0	0.188846937097847	0.104540435231247	0.0345535435103316	0.0498643256948246	0	0.0653481849199961	0.240424697950104	0.148708554236086	0.206887278173987	0	0.183230725642336	0.130411616479212	0	0.0454777988773848	0.2468828919694	0.11841307462416	0	0	0	0	0.144726648903357	0.278101402195977	0	0.144592832890942	0.452584812771456	0.271212004106925	0.202807789176248	0.19196397630541	0.181222929107053	0	0.163212531366872	0.0297766908758704	0.173157124905891	0.227682010253656	0.281629313794709	0.254481820079806	0.396645085047187	0.325785803428509	0.549077893120194	0.0520743646268996	0.407726360081139	0.358176491849938	0.208208831004093	0.122100512195944	0	0	0.274370585021919	0.111101122856037	0.258723337474303	0	0	0.184643769559959	0	0.126279452046267	0	0	0	0.211035890977824	0	0.0916900940587047	0	0	0	0.0294577927185163	0.0108749647232731	0.111988997766302	0	0	0	0	0	0.0463457217635055	0.094836099057718	0.0164356655241058	1	0	0	0	0.282167587199588	0.0731681165136295	0.114365652852307	0	0	0	0	0.0840677500473952	0.0315239815409134	0.0287378654834486	0	0	0	0	0	0	0	0	0	0	0	0.0629264943136088	0	0.327389343731989	0	0.00971526482230925	0	0.0509935499225486	0.0203654277745951	0	0.361041495337753	0.0339825730982725	0	0	0	0	0	0	0	0	0	0	0.029776280285559	0	0	0.335669489844409	0.0698873466026574	0.274137932242922	0	0.307881118049776	0	0.419534085811907	0	0	0	0.111233413738407	0	0	0	0.23580042612345	0.0396939125760781	0	0	0	0.266593224045506	0.0277334234432363	0.0682736458780387	0.086830702501058	0.0125706704433369	0.31609702305357	0.0166573557923534	0.0323654506469804	0.0619203225894891	0	0.115500591134582	0	0.0821158482534287	0.00429683720410994	0	0.0894471765747252	0.168494176450671	0.020341050929262	0.121591326352192	0.209843390536374	0.0479093658613785	0	0.209908372153336	0.185622422797879	0.0441493236766173	0	0.146466296962056	0.187996713266473	0	0	0	0.148524647006769	0.0640520308209028	0.102017277782451	0.135470517829988	0	0	0	0	0	0	0	0	0	0	0	0.0239987234807629	0	0	0.0876358217685291
0	0	0	0.101649321835379	0	0	0.106286868740441	0.0440415602115438	0.243486655545466	0	0.0187240102545236	0.0446702125290665	0	0	0.183174481938254	0.0640758137242117	0.0466818123853604	0	0.156462812581212	0	0	0.0659093778057419	0	0	0.145572998032832	0.0285153907659116	0	0.148245000952582	0.166884282759119	0.0500333718051024	0.0718627103867028	0.0436098510898288	0	0	0	0.135791914748586	0	0	0	0.0260848273284999	0.114142361078396	0	0.162528472488837	0	0.1490010267963	0.0670303867990737	0	0.0148110102209391	0	0	0.145842913632169	0	0	0.019874844056873	0	0.138420225971701	0	0	0	0	0.330917212690549	0.0784548553550914	0	0	0.0634726681587676	0	0.123443372246118	0	0.0798167575528449	0	0.0631386446842885	0.174863648041839	0	0.0809372552881178	0	0.0327102987214505	0.211874192615702	0	0	0.178581206117667	0.137265424407236	0	0	0	0	0.00674415113541422	0	0	0	0	0	0.233880448153641	0	0	0	0.338435715877703	0.0666248243789925	0	0.133198361442965	0	0	0	0.105109308379286	0.0381815099106773	0.162252795156515	0.02445103714334	0.424816476787096	0.236348869443907	0.403559761861182	0.189426370768894	0.215447478599052	0	0.0939936921437191	0.400756246206347	0.191585000557613	0.114567768735891	0	0	0.260862958138049	0	0.0859356717384399	0.0408652079307845	0	0.0335467242777534	0.00149728568461025	0.0479082866191278	0	0	0	0.113635180696226	0	0.018394349133567	0.0751074352139499	0	0	0.0364718929789849	0	0	0.042216668627455	0	0	0	0	0.0372553875565716	0	0	0	1	0	0	0	0	0	0	0.00542881934755994	0	0.212481845897666	0	0.00573931137641509	0	0	0	0.188610023547449	0	0	0.0379836886397957	0	0	0	0	0.141504567332415	0.138436749435545	0	0.0932379497641271	0	0	0.174875504106843	0	0.0535172283302099	0	0.260948722593913	0.221529275971957	0	0	0.161190364693635	0.001989792052568	0	0	0.0236843931422081	0.0590200217866743	0.106344933619626	0.0565956154629979	0.0703812723362816	0.14655850525707	0.177680617530461	0.284649458771023	0	0	0	0	0	0.047713656423798	0.157994741811384	0	0.239600227438213	0.12528449491001	0.0897568301076116	0	0	0	0	0	0	0	0.266095422376272	0.135114417411573	0.146264426283662	0	0.0386282021052469	0.122269747645975	0.140368899687601	0.199052107691738	0	0.00892833620519747	0.052158668742198	0	0.167409297918355	0.158690676860672	0.169325462782908	0.0900801999534488	0.0256298671107697	0	0.0364101415733765	0.228147961456538	0.0624510199109148	0	0.221914533994798	0.29764206489802	0	0.0606812662676981	0	0	0	0	0	0.118880175212992	0	0	0	0	0	0.0417504638701047	0	0.00380451643973708	0	0	0	0.0859817259598094	0.137331831388968	0	0	0.0589945623775308	0	0.0405532819842457
0	0	0	0	0	0	0.0361846012053737	0	0.283017946809877	0	0	0	0	0.0667004486634343	0	0	0	0	0.0741827901330882	0	0	0	0	0	0	0	0.18055345050927	0.0104570510311285	0	0	0.189795086479177	0	0	0	0	0	0.102353986136993	0	0	0	0.0779499763850277	0	0.199398829586438	0	0	0	0	0	0	0	0.00156182782241957	0	0	0	0	0	0.0867970323617186	0.385431866907602	0.0452526992293628	0	0	0	0	0	0	0.0698850971399846	0	0	0.00414811081618173	0	0	0	0.00810299987383514	0	0.435518803116259	0.206621864991918	0	0.176320292638718	0.112524655305574	0	0.0264103433236007	0	0.328941035861702	0	0	0.0234288888598541	0.000753960051506508	0	0	0	0	0	0.156306676213855	0	0	0	0.513027303004972	0.146129051129568	0	0.128273293246431	0	0	0	0	0.11298236290483	0.379256419484181	0	0	0.162029636612444	0	0.376215603038383	0.00831393231863468	0.134845590256202	0.32799124591466	0.0360600960341501	0.235954774806973	0	0	0.0379136810917838	0.100457502245243	0.139286462313169	0.0236580686921055	0	0.0784377034608964	0	0.000393454048516771	0.206833902484405	0	0	0.147350877692323	0	0	0.049188568923843	0	0.307423018052676	0	0.07900604394426	0.0765328925688719	0.0220330823545875	0	0	0	0	0	0	0	0	0	1	0	0.0838868008158336	0	0	0	0	0.12327257943545	0	0	0.145253713773915	0.0713478439570924	0	0	0	0	0	0	0	0	0	0	0	0	0	0.10935242461977	0	0.000877024824972859	0	0.208330667098015	0	0	0.207519516637014	0	0	0.140635062135182	0.382581216393608	0	0.0413441135856216	0.0954678963685496	0.128695866374817	0	0	0	0	0	0	0.111095872109051	0	0.170811984114691	0	0.0354535865613091	0.0509336272479224	0.335992334121453	0	0	0	0	0	0	0	0	0.0292944825497093	0.0496257442502632	0.143767864591091	0.0751852037014145	0.184450000010238	0.34784721079714	0.0384355604552331	0	0.158806584290094	0.386507763296155	0.0298613532333353	0	0	0	0	0	0	0	0	0	0	0.226032944480802	0	0	0	0	0.0276000031781815	0	0	0	0.0138451848928305	0.227789452823882	0.114764707234283	0	0	0.0407414960383802	0	0	0.167263711418887	0.204520188270917	0.223450643318164	0	0	0	0.0355858916347301	0.386026807565592	0	0	0	0	0	0.0805659967909809	0	0
0	0	0.0847845202557983	0.124661970986458	0	0.0469404206242762	0.093595286562803	0.0117580689378887	0.0962658215076216	0	0	0	0.15623313385155	0.294181531652601	0.155401998883945	0.182818933455469	0.237116178009748	0	0.177403010754087	0.0958750074210365	0	0.151149043162439	0	0.022037843448234	0	0.235730194327735	0	0	0.0919405727660878	0.0144567826375343	0.0925626835290147	0	0	0	0	0	0	0.225796348739016	0.0571740970917391	0	0	0.276953715354828	0.166960627276242	0	0.235404716401973	0	0	0	0.104550584390973	0.0193722402323307	0	0.0699951742270704	0.0318873754869172	0.249402632001963	0.190188504800479	0.137939949772166	0.0359773521554949	0.0594583943204292	0	0.0298365958323598	0	0.137611157156502	0	0.0403278166530891	0.175592502627922	0.27393169838673	0	0.181719260362823	0.216813689990926	0.213924205962524	0.0528798913051229	0	0.138273783911816	0.0352516327262293	0	0	0.00326263582563791	0.154804336265643	0	0.0291392425926495	0.0547935913396019	0	0.0737279946234015	0.0152742245778616	0	0.0414811996495857	0	0	0.0129929015863628	0	0.0731176947439885	0.128217904155985	0	0.0237183225526589	0	0.164533440756083	0	0	0	0	0	0	0.125450459271204	0	0.0718627900996708	0.111248639505308	0.0624339785046669	0.0734551834845879	0.127065791153635	0	0.00640068876521978	0.068804257057829	0.130553307110532	0.0581484435036609	0.123657505478492	0.193302761937979	0	0	0	0	0	0.137725148838751	0	0	0.133579407308088	0	0.0235190075507442	0	0.00515083018504311	0.111447692805295	0.00115463001733503	0	0	0	0.0164609000188007	0	0	0	0	0	0	0	0	0	0	0	0	0	0	1	0	0	0	0.0756499926337522	0	0.115696475230883	0	0	0.0905462009279512	0.11004328659302	0.111728692208982	0	0	0.0582523628000999	0	0	0	0.0504143935955764	0	0	0	0	0	0.219770788878649	0	0	0	0.181026373336018	0.244441475088728	0	0.142042280614466	0.00757693407055964	0	0.0954613683612668	0.102441727154638	0.19792239413801	0	0	0.0966497247863756	0.0899076683176376	0.0900364152306012	0.0936556749768557	0.214631289264005	0.0173830789368497	0.105401230563432	0.349524473958123	0	0.0221237574864417	0.0518869131957693	0.123629663994437	0.177623319624355	0	0.0080562687436126	0	0	0.112834211264069	0.192020363644829	0.0326057281621398	0.138479909450748	0.173966160000994	0.0510948250512627	0.127103252057971	0	0	0.066098896995549	0.109451157543188	0.1481145432598	0.154046347122867	0	0.249059929767347	0	0	0	0	0	0.306669472757143	0.176621390317418	0.131153381016199	0.0424623416445209	0.254306044085888	0.0938119814816081	0.0976139676707268	0.176465813907406	0	0.216576537060039	0.180121124135991	0.0870981665307005	0	0	0	0	0	0	0	0	0	0.347828577892736	0.309731640370942	0.0406075018135576	0.274022768913686	0	0.165400744360871	0.0807004762792944	0	0	0	0	0	0.140709601472227	0	0	0	0.156195377497435	0.185849270187205
0	0.0611647457840921	0.218383612909408	0	0	0.0844116223519244	0.205462556007378	0	0	0.151928194520931	0	0.054762767372114	0.0497712317966579	0	0	0.188376697167123	0.0814872058885441	0.238040490119091	0	0.251513165487458	0.216810628877515	0	0.0858407365157058	0	0.14418590550117	0.291223494846809	0	0	0	0	0.105145222904976	0.367622698459207	0.262472561211315	0	0	0.278195863715697	0.0357849227170895	0.041551173465425	0	0	0	0	0.252940188628906	0	0	0.192980633606283	0	0.419762213730936	0	0.154262215253554	0	0.154545524172744	0.0553055748903403	0	0	0.0538431077444891	0	0	0.141826431823088	0	0	0.0541293007185844	0.202838272931396	0.279556273938649	0	0.0565298255725897	0	0.225329169514353	0	0	0.0458397864536993	0.143487647440176	0.0714688719317957	0	0.0952164427353699	0.00372112102425006	0.0413796830814349	0.117980037865869	0	0.151188950411529	0	0	0.107676746587231	0.207801003633312	0	0.17157544330125	0.00658682539480306	0	0	0	0	0	0	0	0.131431137351392	0	0.00869066036435108	0.0228203768641804	0.145377357075658	0	0	0	0.0617120463062107	0.000263284162333905	0	0	0	0	0	0	0	0	0	0	0	0	0	0.0159895659538949	0	0	0	0.0740567451709539	0.0615078360597035	0.0377124460427976	0.0724618874374291	0.177213294187015	0.08578147854977	0	0	0	0.0806113210184687	0.129723326355191	0.214067967676393	0.125136839037085	0.0850154096148037	0	0	0	0	0	0	0	0	0	0	0	0.282167587199588	0	0.0838868008158336	0	1	0	0	0	0.0580375475750868	0	0.0881946480876618	0	0.0585047662096817	0	0.0604310347210538	0.00247443162406179	0	0	0	0.0280181439221848	0	0.0545991611414588	0	0	0	0	0	0.0721964719079946	0	0	0.051152730007758	0.0803890738989149	0.012682532185832	0	0.0743962805530233	0.0822760544307654	0.0746663559156816	0.0635197684919255	0.000806302401267414	0	0	0	0.228174341890661	0.00387097384088119	0	0.142598749937575	0.106452080769645	0.0588322114995301	0	0.0952098033517418	0	0	0.106398730931005	0	0.0906028440748434	0	0.153948328582812	0.132700194191332	0.124386226510469	0	0.282572910814694	0	0	0	0	0	0.10250545011155	0	0.0677565204060706	0.143015401550861	0	0.11731104805294	0	0.137231803758405	0.0249747762160358	0.11823343463098	0.252471810325905	0	0	0	0.127896067304328	0.0868917637698714	0.136023194609077	0	0	0	0.0633886147857136	0.0342288546173216	0.0524966542438881	0	0	0.00446203226045919	0	0	0	0	0	0.263098064162306	0	0	0.0226116235736249	0.125363206910271	0	0.0965236986296888	0	0	0.00907552344236894	0	0.225236273282141	0	0	0.160136784270127	0.180841560839496	0.0893776853545086	0	0	0.134149713413887	0
0	0.124068808363152	0	0	0	0.142970773633053	0.149003495674883	0	0	0.00819551782714046	0	0.170677473835519	0	0.102832828954737	0	0.116828629920931	0	0	0.00419545510243116	0.0332655666495798	0	0	0	0	0.0110043006860085	0.032171609807821	0.067594372781461	0.119076685900326	0	0	0.340530368934024	0	0.197578047977538	0	0	0.211252774239092	0	0.0799100805456714	0	0	0	0	0.204953476242299	0	0	0.0909612861756639	0	0.0125268377191332	0	0.0639896223788934	0	0.204958502976676	0.184365475923335	0	0	0	0	0	0.137899165819806	0	0	0.199665808232563	0.179293786871255	0	0.00478641526181117	0.277017587418341	0	0.0144752637960159	0.173532079484921	0.145194387763334	0.0564841078559306	0.0742997842745157	0.0479117195373702	0	0.367069724230374	0.149198211765566	0	0.231357871983084	0	0.112903483770193	0.0271853055566495	0	0.309845988441802	0.0430265182873523	0	0.237296776706356	0.0690278299425439	0	0	0.177689098434609	0.103648720936435	0.140389762420673	0.0265065311096956	0	0.098881045292005	0	0.0351791011737827	0	0	0.0606611293392245	0.0228778013138001	0	0	0.0201534994313105	0.108998142800059	0.21211473442024	0	0	0	0	0	0.0239510468603413	0	0.0746211836846079	0	0.308328469899748	0	0	0	0	0	0.215818821120331	0	0	0.0775392453577796	0.0845787434763706	0.46739814699241	0.227095019856109	0	0.0822451968932025	0.0571823847019781	0	0.267206744976386	0	0.321083223272344	0	0.105919932099177	0	0.200150244789788	0	0	0	0	0	0	0	0.0731681165136295	0	0	0	0	1	0	0	0	0	0	0	0	0	0	0	0	0	0.106316878853372	0	0	0	0	0	0	0	0.0767375614645469	0	0	0	0	0.0993647019406773	0	0.148149301783052	0	0.173247981427537	0	0.451399935718522	0.358771415045599	0.174833960272862	0.0359474728197906	0.106473564316578	0.216942485675305	0.112764197736339	0	0.0217603936863507	0.15455370045104	0	0	0.0231832405615043	0	0.164739743176835	0	0.0952608346903778	0.214136764626058	0	0.0952949793800873	0	0.223115655181604	0	0.32141821363859	0.126106372331438	0	0	0.0318078992154399	0.210320951104027	0	0	0.193145108640694	0.330528740221675	0	0	0.245788933023671	0.096294404755985	0.0800955322453469	0	0.0167107748780434	0	0	0	0	0.1049974530396	0.0566370633436749	0	0	0.00737755455719362	0	0	0	0.065188640637384	0	0	0	0	0	0.147632824813092	0.0608042612589546	0.0405316385124772	0.0824317502639321	0	0	0.0185565819226521	0	0.365314725107883	0.0218196080717164	0	0	0	0.0726683620151077	0.159126105933092	0	0	0	0	0	0	0	0
0	0.172879662817829	0	0	0	0.204362896699447	0.35015165300654	0	0	0	0	0.00889563349823023	0	0	0	0	0	0	0	0	0	0	0.0300371464741894	0	0.0906038607785113	0	0	0.136497496916224	0	0	0.382160892423766	0.00666756119133245	0.252638771646486	0	0	0.168996078162831	0	0	0	0	0	0	0.216649145301079	0	0	0.31376814348181	0	0	0	0.0472165462722147	0	0.174994372789403	0.0604987622175231	0	0	0	0.0192450074080137	0	0.108479616789313	0	0	0.311245844530909	0.347755338409529	0	0.0881735722756578	0.105015443222342	0	0	0	0	0	0	0	0	0.490091659658621	0.300507648274686	0	0.194479133855105	0	0	0	0.0392899814192085	0.278773355754672	0	0.0200704198771742	0.426829023762122	0	0.00859959625043875	0	0.085222568136621	0	0.316615828138086	0	0	0.164147807649118	0	0.100066568837427	0	0.0287873806340647	0	0	0	0	0.135288213047076	0.0130034257071223	0.242925167719974	0	0.0283430129684643	0	0	0.103375570266894	0.0673618506105534	0	0	0	0.312786659905657	0	0.103576512936499	0	0	0.0427673931138925	0.14240140497174	0	0	0	0	0.586901732650135	0.0516137063347122	0	0.0676693110675621	0.197396096010326	0	0.320327905561839	0	0.403385445952326	0	0.238548504783389	0	0.153632325220473	0	0	0.114846581086539	0	0	0	0	0.114365652852307	0	0	0	0	0	1	0	0	0.00985320598511446	0	0	0	0.105415385151551	0	0	0	0	0	0	0	0	0	0	0	0	0	0	0	0	0.00659138913470069	0.137537752691347	0	0.121120838471268	0	0.148480920567298	0	0.541670795861041	0.440303327162383	0.133814367029631	0	0	0.432046535073652	0	0	0	0.138106001441002	0	0	0.0814344616467161	0	0.0166587817759904	0	0	0.178635954348436	0	0.236726756219837	0	0.224198715194977	0	0.186963139145379	0.0758949603594032	0	0	0.187190384417521	0.0747406757207793	0	0.0152750142234122	0.129541314389471	0.353382252074605	0	0	0.342230363838384	0	0	0.0631094187644746	0	0	0	0	0	0.021154610590253	0.154678944710803	0	0	0.0903188310245601	0	0.0847044640170102	0	0	0	0	0	0	0	0.0652552389502571	0.14988350939009	0	0	0	0	0	0	0.284691014329271	0.136873997553893	0	0	0	0	0.157184514410363	0	0	0	0	0	0	0	0
0	0	0	0	0	0	0	0	0.210085626548366	0.0499752988832331	0	0	0	0	0	0	0	0	0.263279324233134	0	0	0	0	0.106435922458063	0	0	0	0.243092319688939	0	0	0	0	0	0	0	0	0	0.11294807388484	0	0	0	0	0.22816473500155	0	0	0.0440562727110865	0.212441757825749	0	0.0527546572462624	0	0	0	0.0667045336999362	0	0	0	0.198232927535895	0.134423723824696	0.134981001883478	0	0	0.11015635163442	0.156718627887812	0	0.119001962455793	0	0	0	0	0	0	0	0	0	0.389640905806151	0.047431724664857	0	0.060064207579189	0	0	0	0.0363558243024851	0.450189020996584	0.00301472705792175	0	0	0.0761817287530572	0	0	0	0	0	0.068731691085261	0	0	0	0.281247663090491	0.164213697365895	0.191802379456229	0.0397813417127692	0.138939717892933	0	0.009959549295861	0.0184633609326546	0.0850136322455101	0.135218195534012	0.0274473051335331	0	0.171418126797755	0.0174674514912901	0.143037505914069	0.100519186587062	0.117941333702828	0.122282950829061	0.13088583763896	0.242826859281559	0.160080293561786	0	0.122406085313955	0.113242743150856	0.303378613038186	0	0	0	0	0.0530120162400289	0.299585319539375	0.139055787906008	0	0	0	0.0863823624678783	0	0.147189937383265	0	0	0	0.0346243151117086	0.18961765910782	0	0	0.075065602816848	0	0	0.0684064877716881	0	0	0	0	0.0756499926337522	0	0	0	1	0	0	0	0	0	0	0	0	0	0	0	0	0	0	0	0	0	0	0	0	0	0	0	0.00714537386995116	0	0	0.106619056903308	0	0	0.263649845590181	0.206895063025828	0	0.0409985571013903	0.0986989885145862	0.0972281344195449	0.0159382355155603	0	0	0	0	0	0.0906211746335645	0	0.221561945211392	0	0	0.0244889036108385	0.0824034965203536	0	0	0	0	0.035402284336191	0.0299740542505563	0	0	0	0.0302939069590078	0.0614588666317748	0	0.0337772726618585	0.240152118891206	0	0	0	0.357816978014338	0	0	0.0181064155256719	0	0	0	0	0.0111502939912166	0.00909896692251759	0	0	0.0974590468262147	0	0.131095426637366	0	0	0.0155098628853346	0.0349015102144445	0	0	0.0299335238023331	0.133345241912862	0.040899682846036	0	0	0.200223520957165	0	0.0471262061375255	0.0102322320410086	0.389773998094345	0	0	0	0.00778452099799398	0	0	0	0	0	0	0	0	0	0
0	0.189781123165141	0	0	0	0	0.31339713214973	0	0.213163716316693	0	0.0432766140265767	0	0	0.0350220538058741	0	0	0	0	0.0248318980813616	0.101914286404331	0	0	0	0	0	0	0.250881043197363	0	0	0	0	0	0.244679203009873	0	0.00179289152532625	0	0.0430206480937342	0.24364080604752	0	0	0	0	0.217063928473715	0	0	0	0	0	0	0	0.22789999637837	0	0	0	0.129591243831838	0.0283896702529362	0.192636819542559	0.328698054121415	0.176258759298931	0.0324238640158531	0	0	0	0	0	0.107330499123346	0	0.135164834490535	0.0500913818423283	0	0	0	0.251309922028693	0	0.335960823973879	0.278329916629019	0	0.419337484302926	0	0	0.150279557905344	0	0.21509117134524	0.0536687902723782	0	0.285338754355507	0	0.0303047804423963	0	0	0	0	0	0.00890906920923843	0.0102543845381203	0.00736025753853044	0.30830268011883	0.203232017499259	0.149567300579954	0.242745694303579	0	0	0.065732282519081	0	0	0.317359266440467	0	0.133612864505894	0.0638326468394795	0	0.238392945788414	0	0.244804850572263	0.151718368765085	0.059811653481529	0.0625141567806961	0	0	0	0	0.127978381165678	0.341912449363311	0	0	0.0892297390966176	0.0578840249889296	0	0	0	0.275545007721607	0	0.0417973657831267	0.0424820442663204	0	0.410664692256906	0	0.269403511074038	0.218886296070224	0	0	0	0	0	0	0	0	0	0.00542881934755994	0	0	0.0580375475750868	0	0	0	1	0.376973466489257	0	0	0.155563612399298	0.260278829976011	0	0.00127764095032376	0	0	0	0	0	0	0	0	0	0	0.0320035522270672	0.267774963673748	0	0.0375415741248433	0	0.326135444323672	0	0	0.183990253962943	0.0462736795410524	0	0	0.170893303948275	0	0	0.00268442614807955	0.0886396854795761	0	0	0	0.160070808348199	0	0	0.185834387396087	0	0.0688045489852236	0	0	0.0919822870765884	0.285425013862073	0.0777612856985189	0	0	0	0.151700316590288	0.010593160957687	0	0.184426161278693	0.115722388374381	0.0690305336346215	0.094702280778995	0	0.192240605534741	0.389468189564881	0	0	0.2068479704929	0.22439030050046	0.0378331858170226	0.117531124841743	0.128464218465981	0	0	0	0	0	0	0	0	0.26397541208975	0	0	0	0	0.0356666361258685	0	0	0	0.193632203516401	0.247520733858908	0	0	0	0.00892433278364785	0.231720154566031	0.197735316322778	0.309631679659133	0.303379658462433	0.263087232400835	0	0	0	0	0.33685404278961	0	0	0.031607771646377	0	0	0	0.00552050324205122	0
0	0	0	0.127564348989834	0	0.0446787916419372	0	0	0.0742570702896585	0	0	0	0	0	0.129302027115816	0	0.0597967636758447	0.0300962522839477	0.391105353962964	0	0	0.219366399551308	0.256166435149446	0.369141101562896	0	0	0	0.386307007087787	0	0.0450596626303443	0	0	0	0	0	0.024664530580573	0	0.233919045073083	0	0.103625799270026	0	0.0558579744537994	0	0.0984592311912006	0.00812693652376681	0	0.160816448750892	0	0.328746741054385	0.301483635357483	0	0.0890638409469122	0.0196422998770206	0	0	0	0	0	0	0	0.145706216295464	0	0	0	0.0505356269523017	0.0281138021488036	0	0	0.226962076277021	0.0435452316494935	0.0617131163042748	0.0399707770125611	0	0	0	0.0652256285898909	0	0	0.194991633673048	0	0.109385109326758	0.063634954388497	0	0.225320875015654	0	0.202075152436635	0.252236515685071	0.00856253022355302	0.247179348546162	0.114161379186384	0.129860046881105	0	0	0.118896953718544	0.0935229016549117	0	0.0814061751441294	0.019963505784067	0.020985663538488	0.113495994205602	0.0303393649284982	0.365595338796299	0.023779843595554	0.369564145259019	0.56080323685262	0.435570861972823	0.321463018251308	0.094555103468575	0.412267863888977	0.199636153955848	0.0529266947336579	0.0832832530223979	0.0304920818225065	0.228731260602971	0.313486308920667	0.189106275572102	0.0248264072617501	0	0.272859433223109	0.186645905249095	0.270610561354863	0	0.0307842801536117	0	0.092303510712994	0	0.100576227468025	0.263279319048045	0.319694957581888	0	0.0100718375933826	0.0493363827114611	0	0.492845153627027	0	0.135774374633293	0.175290430644336	0	0.175585345943782	0	0.171506449486625	0.105176241918724	0	0	0.155157959162807	0	0	0	0.12327257943545	0.115696475230883	0	0	0.00985320598511446	0	0.376973466489257	1	0.106017381870004	0.0958361448636322	0	0	0	0	0	0.139625888959368	0.0134687671281793	0	0.182686676258742	0	0	0	0.147862599223431	0.0629522660265081	0	0	0	0	0	0	0	0	0.00213859946915981	0	0.304242033773477	0.0968314581668589	0	0.0374585498572012	0.0465030091025748	0	0	0.22931728194001	0	0	0.129924427124802	0.097147450652232	0	0	0	0.18026863474367	0	0.0338561403425583	0	0	0	0	0	0.0532488823398414	0.105661542177609	0	0	0	0	0.147231894069924	0	0	0.0439062050947632	0	0	0	0	0.0932667072687322	0.156679911340881	0	0	0.0623721164532156	0	0.0924054079589709	0	0.0192204848898725	0.0868757925718133	0	0	0	0	0	0	0.199025937176406	0.0493783842048674	0.104993554852133	0.0137181672749334	0.178151856922398	0	0.164455141857622	0	0	0	0	0	0	0.0236622113769188	0.134137170883405	0	0	0	0	0.0503959750578156	0	0	0.243990580532391	0	0.0450551886675589	0	0	0	0
0	0.00489263741034521	0	0	0	0	0.0559622911322917	0	0.279938843341339	0.239278874937797	0	0	0.0118804068525109	0.183871057917058	0	0.00233186114194461	0	0	0.0139637915448368	0	0	0	0.0691600844809634	0.11413747203876	0	0	0.243453669469367	0	0	0	0.00400369454847559	0	0	0.0672798195949548	0.255476940814078	0	0	0.134212896395416	0.117253649442209	0	0	0	0.124164248255331	0.0491049010040286	0.109577906405374	0.0857072688335592	0.152214138614668	0	0	0	0.00865873002911513	0	0	0	0.131831355531573	0	0.103364021494263	0.182816393958522	0	0	0.0214610777221714	0	0.0752500654985957	0	0.0166807800796215	0	0	0	0	0	0	0	0.117409258916398	0.0225056687332679	0.268795041455428	0.096847225605462	0	0.141415672619097	0.065947163283341	0	0	0.0180679635747808	0.471577107223827	0.0406462894381765	0.0128140552065002	0.0452405524620377	0	0	0	0	0	0	0.0301934173909465	0	0	0	0.153254929433948	0.218752627885535	0	0.0324256681854996	0	0	0.0800574199959756	0	0	0.228482663809637	0	0	0.0436103687960646	0	0.236801243056369	0.00931995213439447	0.0858046123453849	0	0.0811974002239999	0.202237626549034	0.229244748378454	0	0	0	0.0363298712850795	0	0	0	0	0	0.172021864632858	0.0416707503131803	0.0252049463727456	0.00499517064736267	0	0.201402082523282	0	0	0.233377631778391	0	0.00805146901982659	0.114711874362406	0	0	0	0	0	0	0	0	0	0.212481845897666	0	0	0.0881946480876618	0	0	0	0	0.106017381870004	1	0.0535814887606878	0	0.20603295994709	0	0	0	0	0	0	0	0	0	0	0	0	0	0.069033605126994	0	0.121371474744578	0	0.28987555105122	0	0	0	0	0	0.18885124779717	0.153946388409255	0	0.243984874372802	0.00932335270481526	0.122703026813588	0	0	0	0	0	0	0	0.107268949211651	0.193931399306763	0	0.0658772828028961	0	0.0557673084689687	0	0	0	0	0.0138282158481724	0.0469948671132893	0	0	0	0	0.157308271505748	0	0	0.0766760643001454	0	0	0	0.253225238079261	0.0823235916106887	0	0.0372147498402829	0	0	0.0302922822413161	0	0	0	0	0	0.221985100995975	0	0	0	0.0842426953615757	0.0265709589773566	0	0	0	0.0630844936237813	0.276568246037	0.0229601441554798	0.123271194117352	0	0	0.0801005452220572	0.148728832584768	0.0392789520039068	0.338456268785472	0.197559765591288	0	0	0	0	0.142284786400104	0	0	0	0	0	0	0.0833743241831286	0
0.0672543673923734	0.160225715869747	0.167402060520564	0.0379704284530014	0.231287227536958	0.0602317080892838	0	0	0.155347095787467	0.0708502266414617	0.147321621015301	0.149741914119872	0	0.0020860743490228	0.0794631459661879	0	0	0	0	0.0400815273992372	0	0	0.0262603316479263	0	0.289674021031189	0.0232114425089375	0.120937468414268	0.0730661801560284	0	0	0.472738842304529	0.164486419540658	0.103131154608306	0	0	0.186344296562925	0.238891866792578	0	0	0	0.23562668395279	0	0.120687528293122	0.0845778393665612	0.0680698164976986	0.202802742746365	0	0.292404051553577	0	0.257911056951094	0	0.130776004498177	0	0	0	0	0	0	0	0	0	0.092220640909185	0	0.0391858396038159	0	0.0476203452685467	0.199258918365925	0.0518090322328452	0	0	0	0.232861445317942	0.0536385352268843	0.223593043638996	0.0471050895625068	0.101084796484434	0.140615419345774	0.0154749169324779	0	0.227752507546939	0.00617406572475834	0	0.0618574771812978	0	0	0.153674192497511	0.305298244134301	0	0	0.0792787985643368	0	0.160884250298182	0	0	0.0292782892474348	0	0.199406571191347	0	0.109825188421833	0.00934974198846655	0.0148111456007776	0	0	0.0833369020175039	0.126839775265972	0.00997328225598135	0.085503622724526	0	0.00749663751061608	0.0284177764983813	0.15026135548669	0.125713918436328	0	0.0768958214514336	0	0.11919025637826	0	0.056475730407646	0.0211904842500132	0	0	0.030200992154877	0	0.114337752623326	0	0	0.335173095641902	0	0	0	0.0140888649767814	0	0.326233508979727	0	0.379123692744173	0	0	0	0.136781357833001	0	0	0	0	0	0	0	0.0840677500473952	0	0	0	0	0	0	0	0	0.0958361448636322	0.0535814887606878	1	0.20316249160751	0	0	0	0	0	0	0	0	0	0	0	0	0.00609832019600572	0	0.159131040799319	0	0	0.00658723935042799	0.23744949426719	0	0.113351007928794	0	0.177589994820211	0	0.284164380776518	0.419058135266513	0	0	0.0385520967183232	0.312675384246071	0	0	0	0	0	0	0.141486391713234	0.122873396210588	0.0573232461874838	0	0	0.218929650680985	0	0.0856990325458494	0	0.194455883642557	0	0	0	0	0	0	0	0	0.00692569782458834	0	0.153530165727977	0	0	0.155154936103446	0.00433805737199312	0.242007218380575	0.0936866563737092	0.0655798378355035	0	0	0	0	0	0	0	0.00621098171580512	0	0	0.140961162927496	0	0.16709812349242	0	0	0	0	0	0.0129552793410188	0.115129533080748	0.200596241604061	0	0.0141812201809175	0	0	0	0	0.212578936357747	0.0996715946031932	0.0499777004511808	0	0.265861565450698	0.34512337891095	0	0	0	0	0	0.154295300110991	0	0
0	0	0	0.277833570575988	0	0.122253433170262	0	0	0.0927019796038704	0	0.0128700418590609	0	0	0	0.221207996542105	0	0.234415915121245	0.212548871964465	0.446482233932747	0.120537576085247	0	0.145836899437543	0.317945476398727	0.280703817928468	0	0	0	0.489823742737486	0	0	0.0270180942761505	0	0.110913694790245	0.12851941196614	0	0.216872546913674	0	0.200443806342172	0.0477132415934609	0.361675287732166	0	0	0	0.0332285116927516	0	0.0211715134882601	0.205281124048825	0	0.374389480717682	0.365086502572603	0.0574199526922517	0	0.233698440464561	0	0.0095050546176851	0	0.025883437474382	0	0	0	0.210978389441486	0	0.0406301512238628	0	0.0777781684322186	0.0706319504472622	0	0.0139764525157251	0.0677275825575818	0	0	0.100432177294106	0.013743184140828	0	0	0	0	0	0.153344283608613	0	0	0.148286427890492	0.0359559538373548	0.188396117826475	0.0334103755155172	0.217752431747063	0	0.125366637763683	0.256850569371566	0.253458710904871	0.00802245705078761	0	0	0.0723849639395793	0.022006241797794	0	0	0	0.0977258014211167	0.290529626691348	0.0734540680378071	0.371569260256394	0	0.40749411635075	0.510327576458302	0.362325450790837	0.14109080266954	0.00161391501334314	0.222321097037132	0.0511782775104366	0	0.276138389388785	0	0.0157859674380139	0.221679460271388	0.166884831964813	0.16598148361184	0.140293822884008	0.208834682627056	0.043864736620626	0.468613453907161	0	0	0	0.00764288053673786	0	0.18101004648259	0.171735223434592	0.257967788327472	0	0.233711679972993	0.155604769360424	0	0.425383013031394	0	0.109740480466492	0.133048780185006	0.0832663801297058	0.200491031991966	0	0.327421863316903	0.224190888143771	0.175029182761133	0	0.314374267948666	0	0.0315239815409134	0.00573931137641509	0.145253713773915	0.0905462009279512	0.0585047662096817	0	0	0	0.155563612399298	0	0	0.20316249160751	1	0	0	0	0	0.0440019412123171	0.072310700309328	0	0	0	0	0	0	0	0	0	0	0	0.0533465093864479	0	0	0	0	0	0.153144893860359	0.209102010444296	0	0.0518602557301037	0.170082456953379	0	0	0.242750263648205	0	0	0.233468038079561	0	0	0	0	0.258653691167713	0	0.11734684079896	0	0	0	0	0	0	0	0.117133230947975	0	0	0	0.0568846076041061	0	0	0	0	0	0	0.087073448041146	0	0.120364606881939	0	0	0.0609573627619609	0	0.0845292070978146	0	0	0.103133171610085	0	0	0	0	0	0	0.103699839167799	0.0543987071704284	0.119891185276365	0.0167525019957217	0.110562418755072	0	0.198286570542655	0.0468615889233778	0	0	0.0644128964444367	0	0	0	0.175041811715741	0.097771592982283	0	0	0	0	0	0	0.308883677768879	0.0136612617981039	0.0455078527606977	0	0	0	0
0	0	0	0	0.012284823006261	0	0	0	0.0246397748937368	0	0.0649930340909505	0.0452933801586531	0	0.0315964431926982	0.132390259901406	0.208796177754936	0.0762234734709604	0	0.0180006042784078	0	0	0	0.0529026843061224	0	0.323930095904737	0	0	0.0489411293189692	0.00895900028500563	0.0332327413900892	0.03260818793025	0	0	0	0	0	0	0	0	0.23592356115307	0.248691484610213	0	0	0.277475041939777	0.100592434940921	0.0815640131387538	0.206131748294611	0.201066691514967	0.050260493596243	0.222374059613312	0	0.111133721583613	0.226356978848801	0	0	0.19315089018923	0.204983599097617	0.0313117787564724	0.098493914861298	0.0728847758161601	0.227719574558606	0.013245662917489	0	0.0725314957525147	0.210884062519876	0.0195683678858012	0.245424947064131	0	0.108502751469299	0	0.0811519605680717	0.0298415146674022	0	0	0	0	0.190684871014806	0	0	0.0205485121009979	0	0	0	0	0	0	0	0	0	0.0511100699720306	0	0.0529296297849972	0	0	0	0.178482686899398	0	0	0	0	0.10164743353408	0.103895196246733	0	0	0.0391035734953682	0	0.171675620002657	0	0	0.20555503065771	0	0	0	0.0638190427960906	0.00217296834632708	0	0	0.064827901087872	0.240878059555498	0.247727645041604	0.00945721781062623	0	0.0573551880897115	0.235641343975096	0.0126586880980967	0.0711389952685837	0	0	0.0883640412338622	0	0.0797886055591747	0.019480693028405	0	0.149945940451535	0	0	0	0	0	0	0.0411596876002026	0	0	0	0	0	0.0287378654834486	0	0.0713478439570924	0.11004328659302	0	0	0.105415385151551	0	0.260278829976011	0	0.20603295994709	0	0	1	0	0.0850372196541589	0	0.129209936357456	0.0771437186115622	0	0.189938791371627	0	0.223157969629986	0	0.115275181422443	0.317671005771333	0.0486280792401135	0	0.141137604250748	0.143987002749522	0.163208640641154	0	0.0608373341844989	0	0.191296872861417	0	0.168815936330345	0	0.0511930814716798	0.0672828539195725	0	0.0130792538479884	0.0757352122404796	0.222816957695679	0.014776499520107	0.316036715391239	0	0.224482802268288	0.0938958824214976	0	0.183416841544483	0	0.174852537908243	0	0.0474926961778411	0.0426578067687431	0	0.307617153333249	0.13183612292777	0.174942638999044	0	0.213433465763252	0	0.00210578148870208	0.0270804228352117	0	0.00925581065250935	0.0802936600566435	0.0199664773902842	0.048545789293137	0.0731361852238483	0.0925325486569312	0	0.135296590246088	0.098976827141255	0.0609438782027838	0	0.045885489201046	0	0	0.0978016698238245	0	0.0427530902974135	0.171473215587446	0.0247362387426858	0.0599019807662425	0.000652193780098425	0.104181064160683	0.166744818924307	0	0.290992784235844	0.306207759400838	0.133918819801551	0.0087123363512346	0	0	0	0	0	0.0551670634312124	0	0	0	0	0	0.0682514097796939	0.0590316948481607	0.174222827858378	0	0	0	0.0494297403546928	0	0.208893357328199	0.148252232572882	0.151829751798224	0	0.155798250873478
0	0	0	0	0	0.0588815232867369	0	0	0.215736366635723	0.0653630779585263	0	0	0	0	0	0.0740796930513498	0	0	0.0627400260497475	0	0	0	0.222632005455894	0	0	0	0	0.207315006920702	0	0	0.281779984035824	0	0	0.000859824423869642	0.0317509391953605	0	0	0	0.0803167773773578	0	0.0215962704648673	0	0.0412227414446841	0.0346522347259964	0	0.0925581158448694	0.0680476770657822	0	0	0.000609946705303732	0	0.0928433030872927	0.126637104439651	0	0	0	0.00646424339267844	0.253669146997959	0	0	0.240057871436651	0.100706699919356	0.0323284553988819	0	0	0	0	0	0	0	0	0	0	0.0650326995305442	0.347536528939198	0.085327168065746	0	0	0.0934182356668814	0	0	0.0605985404375531	0.284703070967085	0	0	0.0602346685161261	0	0	0	0.106089451311194	0	0	0.120066805262545	0	0	0	0.147967769794288	0.0197741638247644	0	0	0.000311801820286802	0	0	0.0135210979873083	0.0721409890744296	0.141829110284327	0	0	0	0	0.0764773684572921	0.105434424141023	0	0	0.0345825502806097	0.18618792990844	0.153241937094745	0	0.021189349923334	0.0842325695874905	0.208087129142547	0.00510493512956507	0	0	0	0	0.331440576002484	0.0289672795823169	0.111808803737924	0.030121675669336	0	0.0184988442925972	0	0	0.151442188363333	0	0	0.166584762456726	0.183091374918056	0	0	0	0	0.0162130616838313	0	0	0	0	0	0.111728692208982	0.0604310347210538	0	0	0	0	0	0	0	0	0	1	0	0	0	0	0	0	0	0.0174298469600363	0	0	0.0832085479555536	0	0	0	0.0365540481125914	0	0.0352170088316969	0	0	0	0	0	0.279259394263615	0.242824138677359	0	0.030717981519396	0.0226739061494887	0	0.0241759589721004	0	0	0	0	0	0	0.0969978464554866	0	0	0	0	0	0.014097203952343	0	0	0	0.0568906811556567	0	0	0	0.0580579670426693	0.0573844904166634	0.0919061879694815	0.189133394992411	0	0.213014968778478	0	0	0.124015672009958	0.114660279607108	0.0506304815343259	0.0430570408588535	0	0	0.0392168637478479	0	0	0	0	0	0	0.274531921124515	0	0	0	0	0	0.048702672032912	0	0	0.142942597890191	0.205745241946353	0.208864266636249	0	0	0.0995139858049954	0	0	0	0.145853010011447	0.0890159301312694	0	0	0	0	0.123227996638691	0	0	0	0	0	0.0842499490637886	0	0
0	0	0	0.0173496189242358	0	0.0614540360118784	0	0	0.138041814916932	0.0622874432996207	0	0	0.0400867816773996	0.166934858085652	0	0.138841043507992	0	0	0.0237065320775161	0	0	0	0.0572581143497717	0.159949010636596	0	0	0.226322266745959	0.263447313670883	0	0.0529336628445073	0.342607907508148	0	0	0.137012409227194	0	0.143914306508033	0.0599883173845127	0	0	0.0690194305861693	0	0	0.0758352851537298	0.0328549835849489	0.0885336454549088	0.194655431750639	0.131398785387379	0.0405162785366689	0	0.208488297497688	0.173893134508798	0.228096133253952	0.232884089766956	0.117074550227332	0.0951897645191626	0	0.0833957533595927	0	0	0	0.0237687163241652	0.326756733646076	0.092528731414092	0	0.215087998475635	0.121407467747686	0	0	0.0207954206869474	0	0.0523388928376044	0.13768606832067	0	0.117706832083266	0.0156163451511985	0.0393662623430709	0	0	0.0543606875970176	0.0709454840098362	0	0.0747930991338041	0.279033359491043	0	0	0	0.246413429550498	0.0789465446263943	0	0	0	0	0.00184409341399554	0	0	0	0.045948081929503	0	0	0	0	0.0991581168880513	0	0.103200051946681	0.234633972259894	0.184367193970762	0.140710227840402	0.0396964815487959	0.0197426618067857	0.0345018914378967	0.198162815842925	0.150449524680085	0.168526743481268	0	0	0.344059735526827	0.192362400348056	0	0.0940931106092529	0	0.0675277378984856	0.0295858217524725	0	0	0	0	0.438497209344762	0.333429511275428	0.0313732163060738	0.142017161775876	0	0.161183576167346	0	0	0.0259569609023177	0	0	0	0.0899738814294099	0	0	0	0	0	0	0	0	0	0	0	0.00247443162406179	0	0	0	0.00127764095032376	0	0	0	0	0.0850372196541589	0	1	0.0602143000452444	0	0	0	0	0	0	0	0	0	0	0	0	0	0.238605769785814	0.110167852986721	0	0.0295421952322408	0	0.0321993174220313	0	0.424553793651971	0.3644416220118	0.120072615940027	0	0	0.111531043535557	0.190496635917479	0	0.0939315905641435	0	0	0.10859538860619	0.11577852835633	0.0810758261443619	0.0711619213027308	0.0903606341274202	0.0638621221033099	0	0	0.0279334749632542	0	0.0463319087335269	0	0.116479057139555	0	0.0117060187816548	0	0.0840306171765794	0.173200967224888	0.0195935407952564	0	0.00622514180053815	0.235845315211344	0.00626045115973261	0	0.220630087935296	0.156055186487068	0.0105299372324976	0.0692579517051356	0.113688072307807	0	0	0	0	0.128434176832435	0.0813034609218209	0.0273595403582557	0	0	0	0.256338280054507	0	0.262501887582799	0	0	0	0	0	0.136699427073932	0.31526844719126	0.188175889293672	0	0.0353500916305542	0	0.0677930249800382	0	0.208282346711482	0	0	0	0	0	0.0449334692033733	0	0	0	0	0	0.00997117929602896	0	0.0450123667041977
0	0.0799898259809365	0	0	0	0	0	0	0.195024762107216	0.246407583684423	0.156549047901182	0	0	0.00869826299479304	0.163603016244915	0.120507989621042	0.122335764358237	0.00184797771713407	0.178616878462594	0	0	0	0.107587416072132	0	0	0	0	0	0	0	0	0	0	0	0.0496144871664597	0	0	0.147129714516341	0.176381468673216	0.0261360639490399	0	0	0.133112053383526	0.0922347844423972	0.11282855528638	0.0143913802460601	0.252012461543856	0	0.293213751768358	0	0	0.0199406504287961	0.0689312605810673	0	0.0643690665459694	0	0.0177210355655891	0.25207444544042	0.0501452193180038	0.00321361989722062	0.0856617796124775	0	0.0410403574141813	0	0	0.0330803662160861	0	0.0238809532383457	0	0.0334843121371581	0	0	0.0802125862471578	0	0.0986497911762335	0	0	0.0729837309854194	0	0	0	0	0.340639429386745	0	0.13981882872026	0.0346176029986245	0	0	0	0	0.0943322492286853	0	0	0	0	0	0.0532729034309105	0.0205431484577854	0	0	0	0	0.0804502636243972	0	0	0.103167521971106	0	0	0.0404109328314571	0	0.123977863757676	0.08280673349292	0	0	0.0228224288587539	0	0	0	0	0.0399177135607354	0.000166383072692773	0	0.0805269315779688	0	0	0	0.178929997344326	0	0.0604699286765875	0	0.296231611584402	0	0	0	0.0606351799444966	0	0	0.0665438614837392	0	0	0.0821363442084244	0	0.0819971227329029	0	0	0	0	0.188610023547449	0	0	0	0	0	0	0	0	0	0	0	0	0	0.0602143000452444	1	0	0	0	0	0.00352245263226604	0.00161707561039569	0	0	0	0	0.0490951402580975	0	0.267761641423145	0	0.267057637313821	0	0	0	0	0	0.166656866863479	0.191738754196403	0	0.173369394901238	0.249276409562713	0.319261862230175	0	0	0	0.0746276655580149	0	0	0	0.0991370862448054	0.222464627221905	0	0.175135224848438	0	0.136227151480633	0	0	0	0	0	0.200935233845315	0	0.0533053601261609	0	0	0.124475944436709	0.0763669589799217	0	0	0	0	0	0.142644473698496	0.172821024082566	0	0	0.111571221760904	0	0.0817319213577797	0	0	0.0536240670622107	0	0	0.104128167271876	0.000640983600030559	0.0044652539252502	0	0.0325925903479222	0.10591873889638	0.108526613759129	0.040064302886989	0	0.0393391482903236	0.185109873962265	0	0	0	0	0.049071833393648	0	0	0.203073355147618	0.0888145912208827	0	0.00814236754686865	0.0565768993636611	0	0.0191959617045552	0	0.092869509433656	0	0.134225702618992	0	0	0	0
0	0.0992953563984685	0.127065807309925	0	0	0.202501222079243	0.347992499979139	0	0	0	0	0.199111882622356	0	0	0	0.0619877363973457	0	0	0	0	0	0	0	0	0.0524110413120754	0	0	0	0	0	0.200198174527673	0	0.225669857893448	0	0	0	0	0	0	0	0	0	0.231872478419289	0	0	0.183901765248364	0	0	0	0	0	0.198809926116397	0.143670018663711	0	0	0.0570856242196956	0.0943391655081593	0	0.202353311261222	0	0.00583686027967247	0.283867919796438	0.264474364333585	0	0.0462682320101172	0.0343666095932482	0	0	0	0	0	0.0805695589210932	0	0	0.420210299226883	0.174950502780764	0	0.300078341983887	0	0.119356074646994	0	0	0.24654240753596	0	0	0.281226203399402	0	0.0793867846816607	0	0.0516782628267468	0	0.284060053224104	0	0	0.285432984195238	0.156695874820244	0.152515443213653	0	0.0630155546151407	0	0.149474987079896	0	0	0.013455954954598	0	0.14361387338925	0	0.163146658935678	0	0	0.143066939669355	0.128362243359245	0	0	0.0274117447783894	0.110146554207198	0	0	0	0	0.0983769194741025	0.342454915385265	0	0	0	0	0.372302602704848	0	0	0.0636455026134635	0	0.0117542764780387	0.336400213396488	0	0.230261892909325	0	0.148217416656975	0	0.0586051377256088	0	0	0.0182783692896061	0	0	0	0	0	0	0	0.0582523628000999	0	0	0	0	0	0.139625888959368	0	0	0.0440019412123171	0.129209936357456	0	0	0	1	0	0.00345795491618595	0	0	0	0	0	0	0	0	0	0	0	0.201447464184809	0	0.0630613370335864	0	0.265770266560301	0	0.332114501615701	0.265014054155052	0.147602275724017	0	0	0.204298833785951	0	0.0145362280281147	0	0.142936297140588	0	0.0115088934043055	0.00489504948109421	0	0	0	0	0.188466695269817	0.0981573066561901	0.158391138615164	0.0290687640190129	0.279065943366151	0	0.162378525850349	0.0911483711105188	0	0	0.347142734215209	0.15679455789157	0.123364383831653	0.0746179582622605	0.305046793259206	0.506375408232089	0.102771553553296	0	0.337744184486547	0	0.0158799488364905	0.261192726328678	0.011660917209745	0	0	0	0.057753096301152	0.125791641999968	0.165938076181944	0	0	0.0984504238233974	0	0.257874186198477	0	0	0	0	0	0	0	0.0717095211272988	0.107443538942083	0	0	0.0469111246341412	0	0	0	0.215076918690997	0.0483392124937462	0	0	0	0	0.114942697690357	0	0	0	0	0	0	0	0
0	0	0	0.206612538549115	0.104560424966997	0	0	0	0.429127810895724	0.331663763791042	0.0484100781687004	0	0	0	0.126095905676105	0.118378161388705	0.153216011566905	0	0.140816540044954	0	0	0.0643153355880527	0	0	0	0	0	0	0.00415753932999167	0.172441074931372	0	0.137425639509669	0	0.0987307498710196	0	0	0	0	0.0357710027765736	0	0	0	0.141906901353386	0.242952171621739	0.396164494424357	0.105447446554554	0	0	0.0176915111354835	0	0.0677143985906279	0	0	0.136194578626715	0	0	0	0.0387215061842622	0	0.144607237582711	0.216630869034902	0	0	0	0	0	0.122230951278832	0	0	0	0	0	0.0414433418074726	0.232123245584439	0	0	0	0	0.0535825247385728	0.0038083469566367	0	0	0.28815797054352	0	0	0	0	0	0	0	0	0.127649615463004	0	0.0141608296295518	0	0.0254176023368758	0.127444919798623	0.0986251686424816	0.0381065600812504	0	0.0780436496426921	0	0.242226039986927	0	0	0	0.28127175932632	0	0.266369564509707	0.289900499555817	0.358976631180818	0	0.0719328697371717	0.0493498953361054	0.118783609129771	0.109842175729427	0.0333146974968922	0	0	0	0	0	0.0138345665896178	0.0529758005781843	0	0	0	0	0	0.178479391254886	0	0	0	0	0	0.0300758681995887	0	0	0	0	0	0	0	0.144464060608054	0	0	0	0	0	0	0	0.106316878853372	0	0	0	0.0134687671281793	0	0	0.072310700309328	0.0771437186115622	0	0	0	0	1	0	0	0	0	0	0.0322638257320023	0	0	0.226845918724482	0	0	0.0256551491087396	0.111880462646636	0.107115228502946	0	0	0	0	0	0.163827213732788	0	0	0	0.141684881396539	0	0.0815087002790642	0	0.0364793566523647	0	0.00414017059229603	0.324863421241473	0.414493775025315	0	0	0.189307005981996	0	0.107460807493875	0	0	0.0520650344331362	0	0.0390611773712369	0	0.0271698066292947	0.0582333328122205	0	0	0	0	0.0111613064113078	0.053717512377413	0.0654959389815571	0.146913114411468	0	0.136357408567601	0.121209321560565	0	0	0.163068222880584	0.2430548128094	0	0.00295321292416108	0.105699112854986	0.0395225966515025	0.0302826053801759	0.228445866535444	0	0.128183474092176	0.21049459901895	0.00927057590342215	0.0322330196892181	0.214743863458223	0.211526498359091	0	0	0.0265785419728266	0	0	0	0	0.00597980333936834	0	0	0	0	0	0.108788407992908	0.015408091829642	0	0	0	0	0	0	0	0	0	0	0.0935674397345997
0	0	0	0.104683952552183	0	0.00357092192536306	0	0	0.338537461052074	0	0	0	0	0.307059306906507	0.204306261191269	0	0	0	0.118181460865476	0	0	0	0	0.161187266830318	0	0	0.250856204765253	0	0	0	0	0	0	0	0.0124406071979338	0	0	0.0837949797822467	0	0	0	0	0.0983232415252537	0.104512205406905	0.0987497835245463	0	0.116133629495176	0	0.0411376408014235	0	0.01408388278819	0	0	0	0.0107389455448264	0	0	0.261712511174398	0	0.0806922577326021	0	0	0	0	0.0672689083839436	0.0463306076411681	0.0169542083697779	0	0.0755464724929268	0.0241803059804624	0	0	0.0442149459524967	0	0.143022653722705	0.131308997630709	0	0	0.0575166066158542	0	0	0	0.12412554561276	0	0.0917669578542993	0.0594863889598629	0.210412912464124	0	0	0	0	0	0	0	0	0	0.332787462029714	0.107719302463762	0.0769253279601019	0.0940312992602729	0	0.0779652674836866	0.0932240860623486	0.0549068073861923	0.301398390987829	0.496684519194141	0.167547883522824	0	0.374665016564797	0.0984620891724707	0.377445539169804	0.107362233361141	0.1710317917384	0.332646227328502	0.223644428076226	0.164069870976326	0	0	0.0920736328052769	0.0632944502758778	0.13521086618825	0	0.000225955516117847	0	0	0	0.157121657615113	0	0.0834449370690571	0.0624071861791612	0.00286926415092376	0	0	0	0.0314701494089743	0	0	0	0	0	0	0	0	0	0	0	0	0.0379836886397957	0	0	0.0280181439221848	0	0	0	0	0	0	0	0	0	0	0	0	0.00345795491618595	0	1	0	0	0	0	0	0	0	0.236743845591184	0	0.00640303256494943	0	0.217027781654204	0	0	0.0985666100099755	0	0	0.123324304156894	0.207105282435775	0	0.0698753535072722	0.0540927110158853	0.243934955407742	0.105924764567284	0	0	0	0	0	0.0247247506381902	0.0307284837306023	0.264737029750605	0	0.0525539225593004	0.0525075240954565	0.183040474598863	0	0	0	0	0	0	0	0	0.0521577644964924	0.0627013986013027	0	0	0.077436439524126	0.0344623421252667	0.0167568682372918	0	0	0.334966741615562	0.200665242435409	0	0	0.0746718834207184	0.0328582290595527	0.0535054061074818	0	0	0	0	0	0.160405036516724	0	0	0	0.254739130947053	0.107156239516145	0	0	0	0.00692985202394662	0.167229877548926	0	0	0	0	0.0578463539629172	0.123803754746189	0.0706431203694262	0.179068924353128	0.0581263628803413	0	0	0	0	0	0	0	0	0	0	0	0	0
0	0.0891057573164971	0	0.00392140580248239	0	0.19289388884668	0.31912055756565	0	0.0645094550673727	0	0	0	0	0.12218262503249	0.0270084682775121	0.0251476746504848	0.0635143962073579	0	0.0696053397715549	0.123449559838602	0.00865154900858393	0	0	0	0	0	0.063448710733748	0.0868573204774006	0	0	0.0683564490721352	0	0.227197765576127	0	0	0.212654569705351	0.0502639353559176	0.0429089553327563	0	0	0	0	0.243825820114274	0	0	0.164846991540382	0	0.0143575731874352	0	0	0.159789573510222	0.00976713806828279	0	0	0.0786653996178904	0.0184427995498787	0.0638403050723287	0	0.0303021507899338	0	0.108964525668062	0.181882179995176	0.171534548835091	0	0	0.0145965128379181	0	0.0201479782821848	0	0	0	0.110889507650772	0.226871571887062	0	0.291042167337432	0.152578670729788	0	0.0121954063779889	0	0	0.00273788620497151	0.0120122576870189	0.346321891354302	0.0965818784474178	0	0.128919537083669	0	0	0	0	0	0	0	0	0	0	0.0812668900535821	0	0.153658487375981	0.0140511563769525	0	0	0.00323937972679396	0.0393256537016722	0	0.299114600556421	0	0.108055432460439	0.0223110397549766	0	0.226820176195813	0	0	0.144470538583404	0.0293839927265252	0.29148687575085	0	0	0.0236626417701882	0	0.202996636789585	0.072883890678236	0	0.00927628551626073	0	0.0081226690956776	0.277153848179729	0	0	0.156802507226893	0.0526341558707219	0.0753966488317241	0.0353740952376879	0	0.144596006089105	0	0.107677557475594	0	0.00179692012876895	0	0	0.0314350811099092	0	0	0	0	0	0	0	0	0	0	0	0	0	0.182686676258742	0	0	0	0.189938791371627	0	0	0	0	0	0	1	0	0	0	0	0	0	0	0	0	0.0756208370634854	0.17844956539488	0	0	0	0.0351546631225176	0	0.269139182179747	0.225714874330795	0	0	0	0.215173667683676	0.0155150691134	0	0	0.242259722627733	0	0	0.0745594675478665	0	0	0	0	0.00383272075830589	0	0.189016707554626	0	0.0272973389568671	0	0.182486404425135	0	0	0	0.054153463296347	0	0	0	0.125988553625403	0.221952370228632	0	0	0.22130493426398	0.133482425780879	0	0.0639969475660378	0	0	0	0	0	0	0.137152828798496	0	0	0.135328642731536	0	0	0	0.0671980290731358	0	0	0	0	0	0	0.194354727998803	0	0	0	0	0.0255633428694737	0.186233014892522	0.350503780903189	0.00327673828678684	0	0	0	0	0.0749670944031496	0	0	0.0743839171045215	0	0	0.081142929240306	0.248702813674714	0
0	0.0246002481808976	0	0.0308392045330104	0	0.0156964923956089	0.123067835424601	0	0.338881511376907	0	0	0	0	0	0	0	0	0	0	0	0	0	0	0	0	0	0.0107283478086998	0.258992834327404	0	0	0.2176677132998	0	0	0	0	0	0.0849703566610848	0	0	0	0.20999714221296	0	0.083619010111977	0	0	0.0679828715624562	0	0	0	0	0.0299513572380961	0	0	0	0	0	0.137389746424824	0.0952808324304855	0	0	0.141888348039712	0.0189507313392684	0.00106138571002964	0	0.102710412694145	0	0	0	0	0	0	0.119500618051949	0	0.216020242809867	0.334282702335051	0.263739213713402	0	0	0.200676315368253	0.183599329766823	0.067841643206248	0.057373572136769	0.231744709106406	0.0309186281233084	0	0.130914708772042	0.141294176115499	0	0	0.113516142799481	0	0.218463776343925	0.104189805551375	0	0	0	0.483074509823447	0.14044292149442	0.177741708911861	0	0.145710390604915	0	0	0.0607526581942915	0.142798900391941	0.223997409105306	0.110124334080528	0.1860189209839	0.207634642969293	0	0.242571218265987	0.0111085852272617	0.0227168348280004	0.32859040717974	0.154696243389455	0.492597878655522	0.125442032383304	0	0.234687103338123	0	0.234539989126401	0	0	0.0972803606467431	0	0	0.277373774995093	0	0	0.0116260402087812	0	0.010869597535826	0.165920944951126	0	0.109796823711376	0	0	0	0.259869278749907	0	0	0.0552530227668996	0	0	0	0	0	0	0	0.0504143935955764	0.0545991611414588	0	0	0	0	0	0	0	0	0	0	0	0.00352245263226604	0	0	0	0	1	0	0	0	0.0559404238436142	0	0.049416967706306	0	0	0	0	0	0.0939304525130228	0.164976038957516	0.146312833060113	0	0.187791423857832	0.372364940448548	0.222261733111391	0	0	0.246626697855066	0	0	0	0.124108748701822	0	0	0.139494091952307	0	0.0367666276995891	0	0.0733818899418496	0	0.0501002182263645	0.0512986061111293	0	0	0	0	0.00187865445663033	0	0	0.0953104940228404	0	0	0.0942109555300673	0.130445043836355	0.185386793293455	0	0	0.264623135197742	0.114423562438979	0.102427991874356	0.0039398273021671	0	0	0	0	0.071080735602756	0	0.115753950392053	0	0	0	0	0.133758218585333	0	0.00874248357422164	0.1478281185641	0.0962277717583856	0	0	0	0.0497028647931462	0.298092700545073	0	0	0.183129156641777	0	0	0	0.0273981248317478	0.114562074360967	0	0	0.0094291948701073	0	0.0818749697972861	0	0	0	0	0	0	0	0
0	0.203614572038789	0	0.0635638109702818	0	0	0.391570877846585	0	0.161991956645593	0	0	0	0	0	0	0	0	0.101192445835196	0.116085276204392	0.0305218016016734	0	0	0.0197960169689515	0	0	0	0.0675911196803281	0	0	0	0	0	0.21865642082139	0	0	0.0505874634996693	0	0.240265104835954	0	0	0	0	0.146675997500955	0	0	0.145774073311579	0	0	0	0	0.332221416557812	0	0	0	0.157499768004999	0.0884274930405297	0.288613669707582	0	0.212540128587954	0	0	0.0932760086069422	0.195850653392403	0	0.210067996343513	0.195043086002793	0	0.119616275329891	0.101228589224205	0	0.0249813709965829	0	0.183936412776441	0	0.263994812333129	0.179899877060335	0	0.371143948275438	0	0.20900393286986	0.137258723189095	0	0.0437156407606524	0.121262693131037	0	0.398544249863266	0	0.294574256978211	0.123378507517592	0	0	0.253871532312068	0	0	0.239800956793447	0.0749686680715381	0.191726035993864	0.136468641760618	0.182812567806178	0.175388810505494	0.028067511263919	0	0	0.204502136448626	0.122395790323217	0.258531608235479	0	0.239097676476568	0.105095433157481	0	0.228584550365103	0.00144418289023813	0.211414715704516	0.0794767734682627	0.0102225179642987	0.262485640330336	0	0.0586403939854267	0.191320900548082	0	0.160395443658909	0.380838564277983	0	0	0.0565605198183627	0	0.145227138697579	0	0	0.179368341277192	0	0.330696113394581	0.26499248274962	0	0.23127874916439	0	0.258277281280764	0	0	0	0	0.0365349302557237	0	0	0.173081801291178	0	0	0	0	0	0	0	0	0	0	0	0	0	0	0.223157969629986	0.0174298469600363	0	0.00161707561039569	0	0	0	0	0	1	0	0	0	0	0.0713887811175889	0	0	0	0.2433095311327	0	0	0.0249685974429134	0.112140944009517	0	0.141896706785319	0.142669330706321	0	0	0	0.203236306802334	0	0	0	0.311201583496636	0	0	0.264158594812068	0	0.0813535698246148	0	0.0299571870086697	0.0397350343572409	0	0.156285140499981	0	0.11525821577053	0	0.218081778131894	0.0366191373453893	0.0197728921466161	0	0.26032181460399	0.0660884766271679	0	0	0.110121673390514	0.358387086184597	0	0	0.296982601078792	0.156070115432271	0.0158585738562143	0.281626955842692	0.353849966321755	0	0	0	0.0854646403636496	0	0.229746949615428	0.00736970631828506	0	0	0.0931438659751665	0.235275491442168	0	0.075528198647073	0.0376599465742647	0.0512917962282735	0	0	0.0417893247246335	0.18972741344413	0.0285508108987279	0.0591608231545065	0	0.0219923275216732	0.0532238029683568	0.214364493677169	0.16490534954245	0.294914685701857	0.0220902744381231	0	0	0	0	0	0	0	0.0403105884797057	0	0	0	0	0
0	0	0	0	0	0	0.0750699158325668	0	0.311335591797915	0	0	0	0	0	0.184267568136791	0.196450378389004	0	0	0.226518722815881	0.0121410639911768	0	0	0.0294692562948088	0.0250367218762118	0.0474105369783392	0.00711214029138849	0	0.0987955813455978	0	0	0.253703724584191	0	0.0318031315346172	0	0	0.0946731165858768	0	0	0	0	0.0892792640484504	0	0.0459771326955794	0	0.142348806439835	0	0	0	0	0.0759609314027942	0.0108658091947482	0.0584262751631248	0	0	0	0	0.00207549035143458	0.191048663411212	0.0151654531619148	0	0.150612714086276	0.0907844735180284	0	0	0.119786248987983	0.116229728133519	0.143097198457197	0	0.308394129634061	0	0.0878365706433243	0.0560142738377242	0	0	0.0292275864745565	0.0760880790757432	0	0.0690361690583425	0.087706648412411	0.0338159646412908	0.238012859200084	0	0	0.0980443557200445	0	0.243423091694761	0.00790558797502849	0	0	0	0	0.219692446049899	0	0.00136332174397473	0	0.0323332528177011	0.104929809276552	0	0	0	0	0.0401728641017659	0	0.0353017334283181	0.349077129320328	0.405788708685308	0.313141483908739	0.200169704569376	0.223504817197603	0.00924895548921052	0.262023219571437	0	0.0658390851573248	0.394530705295306	0.0626522704954465	0.252494389535771	0	0	0.183644076035487	0.0603080346802101	0.0263037779646135	0.171585695769035	0	0	0.034801359085751	0	0.144449301355338	0.0211046854762282	0	0.0916652999569858	0	0	0.194962926809386	0	0.0685073665837885	0	0.145926891220027	0	0.0172902740558959	0	0	0	0	0	0	0	0	0	0	0	0	0	0	0	0	0	0	0	0	0	0	0	0	0	0	0	0	0	0	1	0	0	0	0.0855216474739274	0	0	0	0.043841826777037	0	0	0.20725387468791	0.143653018729377	0	0.0850111867119846	0.273150192993022	0	0	0	0.102003589173751	0.0518890481820062	0	0	0.148872446435822	0	0	0.181478167288548	0	0	0	0	0.11401928306891	0	0.172376332393606	0	0.103921645758095	0.136605761498463	0.181245166313786	0	0	0	0	0.152373425845262	0	0	0.239715853914308	0.27214345599798	0.139512231103822	0	0.19468201386796	0.208516729724328	0.212485785707083	0	0	0	0	0	0	0	0.00449786442671274	0	0	0	0	0.0545082853470844	0	0.10286138041683	0.150761750770213	0.0591544807894757	0	0	0	0.106187377667985	0	0	0	0	0	0	0	0.0586234628065071	0	0	0	0	6.01990866605063e-05	0	0	0.021385673707957	0.0293557974570697	0	0	0	0	0
0	0.103897410617863	0	0	0	0.0028970185437474	0.302114432106953	0.0326272870691581	0	0	0	0	0	0.0407556535308509	0	0	0	0	0.0467339635324537	0.0190598630970115	0	0	0	0	0	0	0.104251722043801	0	0	0	0.0504795342460023	0	0.159436204642177	0	0.0456902711166671	0.0391719798184738	0	0.248731275230053	0	0	0	0	0.180088002929608	0	0	0	0	0	0	0	0	0.088828241251153	0	0	0	0	0.148788361587765	0.0586542713883406	0.257790815430058	0	0	0.0487931693035613	0.151190603943765	0	0.00532146779300022	0.161452470845476	0	0.0278439006550426	0.0504713850241886	0.0662020346500403	0	0	0.135814091921914	0	0.531093732760541	0.300205886534814	0	0.213873868340028	0	0	0	0	0.420366757689322	0.0655578761502593	0.00242208298948244	0.2433948349337	0	0	0	0	0	0	0	0	0	0	0.242623169720245	0	0.0413002642892593	0.160455204612919	0	0	0	0	0.00247773435847016	0.389288891671583	0	0	0	0	0.175711915718224	0	0	0.0806197389399386	0	0.215056430362319	0	0	0	0	0.137772723567683	0	0	0	0	0	0.244055559653655	0.0816608695038231	0	0	0.117322005394216	0	0.0663261018491832	0	0.358242147324998	0	0.252541665383851	0	0.124106216312375	0	0	0.0561615814520072	0	0	0	0	0	0.141504567332415	0	0	0	0	0	0	0	0.147862599223431	0	0	0	0.115275181422443	0	0	0	0	0.0322638257320023	0	0	0	0	0	1	0	0	0	0	0	0	0.228207432024252	0	0	0	0	0	0.230947654970251	0.185321598307119	0.0250968503969881	0.197844887616811	0.287380244338064	0.279208990863133	0.0230596791123464	0	0	0.0667268851443934	0	0	0	0	0.204653246494444	0	0	0.21886150053524	0.074291502450824	0	0	0	0	0.13760631092229	0.0733477094754985	0	0.0282360421445136	0.128102844304343	0	0.0365176907000761	0.0526819154475158	0.116263439841194	0.215399987201024	0	0	0.112758634846936	0.22124475298043	0	0	0.0811662023758417	0	0	0	0	0	0	0	0	0.139246790301911	0	0	0	0	0	0	0.0581529492046856	0	0	0.0453190810457462	0	0	0.0209766862333275	0	0.042614479451881	0.126491321949671	0.260879056034814	0.489309328392668	0.226023080351252	0	0	0	0	0.279785689547198	0	0	0	0	0	0	0.187499017944484	0
0	0	0.053210067436034	0.153424326714298	0.0459823634003253	0.154828788226224	0.00776727232873578	0	0.0608154073776869	0.0693844769837705	0	0	0.0842283634885456	0.0302605429886569	0.285916324056939	0.184325102936616	0.128541442748369	0.30416240778868	0.193962729427993	0.270189246656941	0	0	0.0970795052632929	0.0048660359487909	0	0.105714429227829	0.145979464765462	0	0	0	0.0593803966189888	0	0.298503947532963	0	0.00672087704726031	0	0	0.332791524826575	0.144585045657891	0	0	0.04526927710989	0.128594621624649	0	0	0	0	0	0.20040002055067	0.00658021392039337	0.178170070403131	0.017453709980862	0.0671675799024646	0.168801569047673	0.223063543807717	0	0.188914251283208	0.0986595804361591	0.0784008286747889	0.201229283796203	0	0.173576791110118	0.107574287972708	0	0.103766771217915	0.317903165418497	0	0.403629088178739	0.118185125765981	0.0125501103522457	0	0	0.0770682913127189	0	0	0	0	0.301158766569311	0.00106804846495339	0	0.096061540352862	0	0.0181805549319869	0	0.127097206423453	0.102361822452619	0	0	0.165862573892158	0	0	0	0	0	0	0	0	0.0129318040912211	0	0.0714835834660735	0.00788109080616364	0.117932729742199	0.0977609021495573	0.0448224045743404	0	0.172833993538906	0	0	0.0343196410890868	0	0.0496583431209307	0.121089953035019	0.191016017439881	0	0	0.102615837809466	0	0	0	0	0	0.227008563326154	0.0216307272441996	0	0	0	0.12803863478628	0	0	0.124108503165685	0.00258767069992466	0	0.0730378266780443	0	0.219291441046092	0	0.191745934948851	0.201330856035997	0	0.0339022850600138	0.0305702346549753	0.019110874665058	0	0	0.0749198357272316	0	0.0629264943136088	0.138436749435545	0	0	0	0	0	0	0	0.0629522660265081	0	0.00609832019600572	0	0.317671005771333	0.0832085479555536	0	0	0	0	0	0	0.0559404238436142	0	0	0	1	0	0.0991322520768512	0	0.124380747791006	0	0.457770218309991	0.111325340713688	0	0	0	0	0.18279038203531	0	0	0	0	0	0	0	0	0.260816837110687	0	0	0.128662279285293	0	0	0	0.151294327788713	0.0279992415396419	0	0	0	0	0	0	0.0300602314904961	0.174467412831365	0.1721576826627	0.0109882309948119	0.110733765521152	0.0584075125194234	0	0	0.172471573098468	0	0	0.133956910239869	0.0520055693088247	0	0.0381402140946474	0.107751531864289	0.127765631398067	0.166421287454964	0	0.0885075224434798	0	0.143055565648727	0	0.0461710167649988	0.19621903047135	0.0336887295235568	0	0	0.154648248108767	0	0	0	0	0.191323192571016	0.247058429608162	0	0	0.070932856577302	0	0.349741478373182	0.435794069688081	0.168940081620389	0.267029997122099	0.25639620466345	0	0	0	0	0	0	0	0	0	0	0	0.144309925862809	0
0	0	0	0.368324917665894	0.141299736181463	0.00160955771937754	0	0	0.326662768436112	0.0537227682623621	0	0	0	0.0641385534217296	0.154457103963925	0	0.077436579316118	0	0	0	0	0	0.18455885133597	0.114914354523503	0	0	0.0848434798269492	0.246458876247928	0	0.1421866774584	0	0	0	0.237714630104385	0	0	0	0	0	0.0372017772706432	0	0	0	0.201553111096227	0.107095096746898	0.216198967997655	0.134625683691056	0	0.135655739035793	0.111788466767426	0.246232040496327	0	0.0286443122390464	0.11195405052096	0	0	0	0	0	0.00286684732444221	0	0.0157216465440646	0.0483205166676726	0	0.0476857380166602	0	0.129625165426036	0	0	0	0	0.0041862579022518	0	0.204804256067055	0	0.0333985266826791	0	0	0.208246859932124	0.133119424626538	0	0	0.111107699141652	0	0.0316952886146914	0.0239240115512936	0.28692580832195	0.141692971349494	0	0	0	0	0	0.00415419398264352	0	0	0.111856335569735	0.17126471167069	0.216745969343289	0.0159387156902481	0.24245282739966	0.134735427394122	0.0474075722413074	0.20695067496423	0.131371001417417	0.0914472934268081	0.0668123890793487	0.110635605065512	0.148971248433456	0.103593748879183	0.199483716527945	0.172084973857285	0.108958884190278	0	0	0.219700264549075	0.111052526927871	0	0.115411041430946	0	0.15343829578614	0	0.043863469775076	0.0188984389631386	0	0	0.147141701878494	0	0	0.0520886454391152	0.0364434291604675	0.0957443926571745	0	0.152378107020065	0	0	0	0.046115730162859	0	0	0	0	0	0	0.0169049586454072	0.0804116129215007	0	0	0	0	0	0.0767375614645469	0	0	0.0320035522270672	0	0	0	0	0.0486280792401135	0	0	0	0	0	0	0	0	0	0	0	0	1	0.118061905888914	0	0	0.159751972256643	0.223535095880315	0	0	0	0	0.00940745369475734	0.140757421726514	0.0156855959683596	0	0.00382084759700276	0	0.119349944150143	0.18708309554442	0	0	0.172616704940567	0	0	0.13739930624277	0.203760173269418	0.061251772553221	0	0	0	0	0	0	0	0	0	0	0.0114139896181104	0	0.0091061320391271	0.0370032542993217	0	0	0	0.011924869414306	0	0	0.101585914037501	0.0122519449398346	0.032150836720128	0	0.0544932806728618	0.0444618465882532	0.0407185331803059	0	0	0.0687078571652963	0	0	0	0	0	0.112798184163376	0	0.169694053066384	0.136051174490342	0	0.0989287165592898	0	0	0.141731625696975	0.196293193082713	0	0	0.254413612284887	0	0	0	0.0876639499023091	0	0.0222168451839834	0	0	0	0	0	0	0	0	0	0	0.0625198536824918	0.0661937776483153
0.16383916355609	0.014537617199149	0	0	0	0.0280162657689104	0	0	0	0	0	0.00543544143668331	0	0	0	0.0187844748384789	0.0245186246524559	0.0898426225158445	0.169904023303334	0.019246806052647	0	0	0.242379209927395	0	0.141927061928354	0	0	0.31172193954103	0	0	0.232558541399531	0	0.170208015905264	0	0.0737984762623813	0.0333621412440521	0	0	0.0949817393659045	0.201268222948918	0	0	0.0239225053017531	0	0	0.0913492660691759	0.159268122410861	0	0.0511302500842758	0.200397115784312	0.0185572323579397	0.141993303309828	0.297622670703906	0	0.0148170309813923	0	0.151813415432446	0	0.157968508654763	0	0.204455275272257	0.283882778377417	0.202218681037923	0	0.166046347964717	0.086331660395114	0	0	0	0	0	0.0268450591964573	0	0	0.130032576170561	0	0	0	0	0	0	0.118103867529864	0.0774696985819456	0	0	0	0	0.0719883067226491	0	0.131824658503828	0	0	0.040886112778103	0	0.174464124277967	0	0	0	0	0	0.0456129010905072	0.204830925056614	0	0.0395006285495592	0.16094209818651	0.12649871932481	0	0	0	0	0	0.119020065959008	0	0	0	0.0394514077497323	0.170338363029384	0.180234664903188	0	0	0.102567456964188	0	0	0	0	0	0.336885681226778	0.178259590738997	0.0680940114554258	0	0.0170504522517433	0.183131443792138	0.0726355498992063	0.309214560362992	0.197779314744408	0	0.0948562296400325	0.0877532424934861	0.16935148768716	0.230939581314642	0.154821986161309	0.355139247641241	0.0618636153028484	0	0.119692047566499	0	0.327389343731989	0.0932379497641271	0.10935242461977	0.219770788878649	0.0721964719079946	0	0	0	0.267774963673748	0	0.069033605126994	0.159131040799319	0	0	0	0	0.0490951402580975	0	0.226845918724482	0.236743845591184	0	0.049416967706306	0.0713887811175889	0.0855216474739274	0	0.0991322520768512	0.118061905888914	1	0.116851688590391	0	0.218253111046875	0.0208317448533526	0	0	0	0	0	0.349753799443336	0.0525109014705187	0.136348519214185	0.0405793071971158	0.174406562893174	0.023125611063884	0.257956177133232	0	0.072717336835696	0	0	0.0736981385579639	0	0	0	0.0541584194739174	0	0.00923018197898594	0	0.00139094959159917	0.171400327924771	0.0128722731052705	0	0	0	0	0	0.117970703388831	0.0410583939783405	0	0.0926831032706179	0	0.109201883048706	0	0	0.128741823384676	0	0	0.0773616880887206	0	0	0	0	0	0	0.0591872508540059	0	0	0.033773973792405	0	0.0474970757900364	0	0	0	0	0	0	0	0	0.295967015291504	0.173353170786075	0.289779335621297	0.160441108991626	0	0	0.0366645838238146	0.129537629010803	0.289672513684813	0	0.0570642607672482	0	0	0.0809689796063219	0	0.0455506470807759	0	0.0630810784467455	0	0	0.212917020137263	0
0	0.128003842844726	0	0.0145302120530544	0	0	0.148303193198329	0	0.208468326605954	0	0.188538030048815	0	0	0	0.00271364623939849	0	0	0	0.215322521032656	0.0376138480486523	0.101196169112554	0	0.0281554167880976	0	0.0608934837271654	0	0.100959732247492	0.121315025354881	0	0	0.00771955697824808	0	0.188268162658084	0	0	0.328846965540952	0	0.145755889199673	0	0	0	0	0.00832347194464915	0	0	0.109799512320314	0	0	0	0.0627652539580831	0.061372581607811	0.0223979777099916	0	0	0	0	0	0	0.0392052888598242	0	0.0951547717855917	0	0	0	0	0	0	0.0561328271635668	0.143597534129234	0	0.0484194761060362	0.107554010927373	0.17895280919012	0.0706657594249072	0.244622127787803	0.340412567646558	0	0.191319304864344	0.234280423755321	0.228572684025273	0.290155535063625	0	0.171004574170353	0.289830760740676	0	0.475989141001686	0.0738026386954591	0.212111500544827	0	0.255882611714304	0	0.123020708219252	0.017681921426146	0.0755837085204966	0.393052237772112	0	0.114820156698087	0.0640993186649927	0.208901206949474	0.276340835423007	0	0.0259881478979291	0	0.366925017332553	0.282240124954454	0.310506902449902	0.089932482679558	0.357020797669578	0.161730985182037	0	0.148320387720521	0.0370104687759188	0.133808534146845	0.130255004790314	0.0841201873241445	0.239803248627999	0	0	0.19931487195009	0	0.359222157657518	0.40169371721028	0	0	0.165694973603314	0	0.170208410755635	0	0	0.132284842904279	0	0.0704966672063476	0.226872137977704	0	0.250982741752366	0	0.341475311522516	0	0.213408761995219	0	0.0758057756892587	0.10700934115474	0	0	0	0	0	0	0	0	0	0	0	0	0	0	0	0	0	0.141137604250748	0	0	0	0	0	0	0	0	0	0	0	0	0	0.116851688590391	1	0	0	0	0	0.0539906845852158	0.119849253212254	0.193581391460593	0	0.172699718930429	0.103462779803074	0	0	0	0.00322856223344467	0	0	0	0.337650370878096	0	0	0.0403686685429599	0	0.0876641158414051	0	0	0.0413691093493119	0	0.146950325650415	0	0.121831110567334	0	0.198674227665929	0	0	0	0.0140758142700544	0.194011921237348	0	0	0.132762185080434	0.305901915068509	0	0	0.451546661659889	0	0.38684517241779	0.0191374009894689	0.145352744384244	0	0	0	0	0	0	0	0	0	0	0.16548635798852	0	0.0032134187213013	0	0	0	0	0.0184200824452454	0.28648675352272	0.120681798751255	0.0721140356386894	0	0.0817604529035264	0	0	0.0750658219396737	0.36245951521335	0.119533300962472	0	0	0	0.117928957850693	0.010734350195464	0	0.0510397856563022	0.0303631624061322	0	0	0	0	0
0.0858588351302897	0.0162447878721975	0.0520951682519664	0.121867016357714	0	0	0.150015103472197	0.0947478898854484	0	0	0.0384777340218262	0.0410126236806637	0	0	0	0	0	0	0.298921868556756	0	0.0503652180707706	0	0	0	0.0652143583481184	0	0	0.159095363677239	0	0	0.0970618771397241	0.0374119586948093	0.0887607371345215	0	0	0.117672886998833	0	0	0	0	0	0.0620595887093085	0	0	0	0.0634678248048435	0	0.0353178122517684	0	0.134664371258919	0.0951686048267405	0.210877931478472	0	0	0	0.0424020596081316	0	0	0	0	0.0623788165232719	0.147776941441828	0.0597298146921238	0	0	0	0	0	0.000746406728985818	0	0.0960136066746609	0.182738106752336	0	0.109785369288392	0.135936723370297	0.202030448225815	0.071546956826369	0	0	0.251543133783956	0	0	0.03659915012911	0.123216433525015	0	0.136809399373651	0.098003494745794	0.129238621693961	0	0	0	0.164094393980498	0	0	0.158021695335421	0.0234882768664113	0	0	0	0.116862725425403	0.0623156682798484	0.00582011659902585	0	0.170342112521282	0.305496510287645	0.249902649984379	0.226322764322566	0.37794216206857	0.18964168401285	0.080382210349413	0.103431517791968	0.00933862982150459	0	0.179421350048522	0.0330920275501185	0.235741225736907	0	0.100089242857283	0.22654985269997	0	0.306423785753594	0.126805211239894	0	0	0.0315409227070504	0.108625188513455	0.0569572128937168	0	0	0	0	0	0.159309557989899	0	0	0.0175299649898501	0.144138274655039	0	0.197815432591709	0	0.0794580897974727	0.190550797769999	0	0	0	0	0.00971526482230925	0	0.000877024824972859	0	0	0	0	0	0.0375415741248433	0	0.121371474744578	0	0	0.143987002749522	0.0365540481125914	0	0.267761641423145	0	0	0.00640303256494943	0	0	0	0	0	0.124380747791006	0	0	0	1	0.0455727638843811	0	0.0372093372384139	0.0126059637262965	0.0413121333445154	0.0590072619635954	0	0.0838818272590044	0	0.184913784145467	0	0	0.118343811458458	0.0239161057798747	0	0	0.0958855275848278	0.00282876028923303	0	0.137592933659158	0	0	0	0	0.120297895192753	0	0.0465432069930766	0	0.272959451544625	0.195099784118734	0.114199976273393	0	0	0	0.239152987244906	0.0615094510667315	0	0	0.17055083405985	0.0535682918614368	0.0617168897671392	0	0.286519119890336	0	0.046670747517421	0	0.0888463671917945	0	0	0	0	0.0206675659359312	0	0	0	0	0	0.0930526351573394	0.0431324787660046	0	0	0	0	0.0672353761063687	0	0	0.164270739982192	0.0377699550950827	0	0.052505025516711	0	0	0	0.188082000016895	0.0543844316591386	0	0	0	0.0100814503738988	0	0	0	0	0	0	0.00895578310735285	0.0782532300258597	0
0	0.0431278087648734	0	0	0	0	0	0	0.227667267513062	0	0.0689838700523554	0	0	0	0.0396967439679956	0	0	0.165948423066734	0.174245867282155	0.196007417392221	0.0119418271306634	0.0945708903409997	0	0	0	0.0998456146244159	0.166912316527926	0	0	0	0	0	0.122911967433667	0	0.0701673588391663	0	0	0.385648502830274	0	0	0	0.00202749473150276	0.166714033166849	0	0	0	0	0	0	0	0	0	0	0	0	0	0	0.220245592437455	0.245249747763799	0.124235992047176	0	0	0	0	0	0.0962059679210845	0	0.199019610086658	0.247860109797267	0.0504555851690198	0	0	0.117795527005578	0	0.395464168443839	0.418867474895606	0	0.322507110230699	0.0876315326781654	0.000433668909216475	0.15236204236262	0.0301805462956789	0	0.25444063202376	0.136599735053096	0.249230372264378	0	0	0.0867367661425132	0.0491488037829838	0.0676163431858853	0	0.0199938318362834	0.200319958979152	0.251129740755258	0	0.321236780329189	0.263914165776467	0.0594919703296803	0.241529126088185	0	0	0.115565288838014	0.114533055960043	0.0605727481469623	0.417388969132313	0	0.00730436023117995	0.203230313634786	0	0.0486151212519782	0	0.18790260790171	0.277377785964401	0.214221683078048	0.0937719549281149	0	0	0.0931300103421649	0.176357665815131	0.215102023185856	0.212144488338117	0.0519218936751996	0	0.29477704746698	0.0634980306989768	0	0.0163572035685247	0.154762492871336	0.103556062543949	0.063871532967565	0	0.049535826280489	0	0.309580489961888	0	0.382223248265724	0.221367747465321	0.0259263782929741	0	0	0.085207360317822	0	0	0.05697871341024	0	0	0.174875504106843	0	0	0.051152730007758	0	0.00659138913470069	0	0	0	0	0.00658723935042799	0.0533465093864479	0.163208640641154	0	0.238605769785814	0	0	0.0256551491087396	0	0.0756208370634854	0	0	0	0	0	0.159751972256643	0.218253111046875	0	0.0455727638843811	1	0	0	0	0.257731484595364	0	0	0	0	0	0.119386932924354	0	0	0	0	0	0.0939923136168605	0	0	0.00945732736442472	0	0.137517798767235	0	0	0	0.026851622615377	0	0	0	0	0.15742785036794	0	0	0.192579554075273	0	0	0	0	0	0.0774187511924981	0	0	0.117311757642935	0.211230579067542	0.0994496681425672	0	0.119226621426261	0	0.00795961504542645	0.0109638031166294	0	0	0	0	0	0.28796834527042	0	0	0	0	0	0	0.0894235907096961	0	0.364671376843629	0.235495618664163	0	0	0.14585495100731	0	0.335475631604117	0.222284492529137	0.346932419496207	0.376709573614845	0.144589473339912	0	0	0	0.138474551036125	0.0458829393202417	0	0.00324244436008406	0.0152034500558131	0	0	0	0	0
0.140461793178529	0	0	0	0	0	0.0325744760949472	0.250360387739422	0	0	0.0642383081972322	0.254154344343994	0	0.0667044819718115	0	0	0.0628614569427131	0	0.104007325961906	0	0.0479686901012066	0.261943099810713	0	0.143867672788248	0.11673625478634	0.141837346445826	0	0.17933048018502	0.087365863088921	0.193851790766437	0	0	0	0.0698188392311053	0	0.130498409410283	0	0	0	0.098654058432597	0.130975127428531	0.174816896425989	0.0359199765751692	0	0	0	0.0494401501307665	0	0.00110816613280138	0.0683217445791562	0	0.0535075296893603	0	0.0437098195322522	0	0.0321739066217343	0	0	0.00252485839052844	0	0.209659601369235	0	0	0.0448255119552067	0	0	0.0214199316060548	0	0.212830903972594	0.0640298216209305	0.244145782841876	0.126855866079995	0	0.112345374392348	0.1799083229716	0.303520454546401	0.235490449777222	0	0.116267084709182	0.234726643004111	0.138703657240689	0.392195740154001	0	0.186004157892084	0	0	0.00591955804652325	0.0770930413486227	0.149957604714039	0.17199826430032	0.130441710388907	0.0987255550484337	0.100773891772315	0.187994980812618	0.137868666498142	0.224686186744015	0.0317516670740549	0.0335575183630436	0.0869520170143473	0	0	0	0.0991372643516926	0.171789889205789	0.13196030234296	0	0.278187497333323	0.179307284217068	0.285985311078183	0.0233642115861839	0	0	0	0.410064616875433	0.354271590357355	0.0538893939084451	0.047676037965886	0.125360027464189	0.341654687829328	0.1146172708128	0.315471285987953	0	0.0372645698715101	0.0449763923034568	0.367966838028503	0.187448075151316	0	0.294208151970044	0.227284893062913	0	0.0219787378551916	0.0321196655696544	0	0.180632620197934	0	0.247194863251388	0.0257416219713643	0	0.300537628834414	0	0.164309000186215	0.151229589365926	0.00780345448080098	0.111542218989134	0.0661221995732695	0.146374474703501	0.0509935499225486	0	0.208330667098015	0.181026373336018	0.0803890738989149	0.0993647019406773	0.137537752691347	0.00714537386995116	0.326135444323672	0	0.28987555105122	0.23744949426719	0	0	0.0352170088316969	0.110167852986721	0.267057637313821	0.201447464184809	0.111880462646636	0.217027781654204	0.17844956539488	0	0.2433095311327	0.043841826777037	0.228207432024252	0.457770218309991	0.223535095880315	0.0208317448533526	0	0	0	1	0.0330899814349231	0.190046446616576	0.386428889440424	0.160565923918392	0.246346983941948	0	0	0.193203997202822	0.0647183676610805	0	0	0.0737695939414614	0.0540516272981995	0.0413028617735729	0	0.290874894722725	0.0294055832471229	0	0.0702535772149717	0	0	0	0	0	0.0763354736406946	0	0.06128099577226	0.252838099810811	0.126201367274986	0	0	0	0	0	0	0.0208314035921636	0.134560786279598	0	0	0.0331526981458547	0	0.00915616422631775	0	0	0	0	0	0.244380561334648	0.0942742506461507	0.141928747691532	0.0611203569939222	0	0.0402362590117772	0.0256439232177061	0	0	0.0256074596834474	0	0.104168244454852	0.283100754837345	0.172548112845019	0.259164043902299	0.0600974983641025	0	0	0.0281467937750457	0.0315547895812979	0.125336700904856	0	0	0.0912968629019169	0	0	0.0591387097509071	0	0.108759463034567	0.135784432085763	0	0	0.10884031842435	0.18255891957414	0.054248285541973	0.354987810429769	0	0	0
0	0.146721597422765	0	0	0	0.24306926645033	0.0740990262479115	0	0.00279859603062908	0	0	0	0	0	0	0	0	0	0	0	0.0455213120746069	0	0.373601898736012	0	0.0951238743117647	0	0.206392802842065	0.157709773756825	0	0	0.0935301148666499	0	0.151880742040255	0.0205234126880416	0.0381954662481118	0.188774957946087	0.011211852165691	0	0	0	0.00468796471382314	0	0.152012419641605	0	0	0.215706752235335	0	0	0	0.0634319342800006	0	0	0.0514487779046477	0	0.0320505001193581	0	0.0306932693573634	0	0	0	0.109237797517182	0.00349281474713442	0.0892961261062355	0	0	0	0	0.0144389771596974	0	0	0	0.0751829339966922	0.0144646883840563	0	0.432830693882695	0.336304631938055	0	0.120368484769522	0.155663998436435	0	0	0.295535901871218	0.072069564387533	0.264324633379201	0	0.353784826191642	0	0.282277439002823	0	0.288770879703219	0	0	0	0	0.330788578170357	0	0.192644686182741	0.277915768887527	0.239434857599525	0.255539469480477	0	0.00119174214761902	0	0.336504419292292	0.08981117450589	0.210006511764043	0	0.0532496044198535	0	0	0	0	0	0.0132771374187031	0.190534427954381	0.170325333571968	0.271237584747372	0.223835739357942	0.0370233558811652	0	0.208942730411381	0.101348419173701	0	0	0	0	0.391175248572149	0.0830011963868638	0.183966674465253	0	0.214290819848959	0.289882409510412	0.160638474198319	0	0.337469786164284	0	0.207374382005983	0.236464065639156	0.115589401524018	0	0	0.141925524623531	0.11580179132495	0	0.0786762769008571	0	0.0203654277745951	0.0535172283302099	0	0.244441475088728	0.012682532185832	0	0	0	0	0	0	0	0	0.0608373341844989	0	0	0	0	0.107115228502946	0	0	0	0	0	0	0.111325340713688	0	0	0	0.0372093372384139	0	0.0330899814349231	1	0.0312243459164767	0	0.150591520484541	0	0.351026962638866	0.224094751371945	0	0.177719064815437	0	0.155124118642671	0	0	0	0.0685400503247463	0	0	0	0	0.0862020815869122	0	0	0	0	0.163862516689234	0	0	0	0.0833066066504203	0	0	0	0.0372145120405727	0	0	0.0950107159597057	0	0.0944906900055153	0	0	0.177608533687632	0	0.170428992399876	0.0877605809783003	0	0	0	0	0	0	0.0523834239299912	0	0	0.0603412718983345	0	0	0	0.0645595686102258	0	0.0120731772048515	0.0171850276938437	0	0	0.273380295101391	0.296378783767959	0.0454684186515523	0.0370932461737185	0.112844858321364	0	0	0.141194496737082	0.245937482122352	0.211433458852178	0	0	0	0.102471454614999	0.170795561933858	0	0	0	0	0	0	0	0
0	0	0	0.0480808405007099	0	0	0	0	0.167172867542507	0.375862926561816	0	0	0.0535527973121162	0.0264501689478277	0.0170395234780431	0.0917148794022363	0.306877768181825	0.0297277215292295	0.449159669755596	0	0	0.18291112248916	0.150955940007764	0.0836327707484472	0	0	0	0	0	0.144875530022139	0	0	0.0573064317846726	0	0.0909090211604354	0	0	0.285251297918035	0.018297817197118	0	0	0	6.1587497210715e-05	0.234756365631116	0.303189742649248	0.00534329689341703	0	0	0.185053701616465	0.0264203685432994	0.107004607355094	0	0	0	0	0.204525487620598	0.193052705642561	0.03630303352096	0.11681066031234	0.377092627530464	0.399931698537467	0	0	0	0	0	0	0	0	0	0	0	0.0342501477671776	0	0	0	0	0.0101001902084916	0	0	0	0	0.136016592886263	0	0	0	0	0	0	0	0	0	0	0	0	0	0.118140352800042	0.231588710518269	0.0117468258007894	0	0	0.0027557396205984	0.372309613609943	0	0.0520452647359498	0.0987927486116333	0.198336657569351	0	0.31211454947647	0.324310752855922	0.272615595678207	0	0.193490547705416	0.118255834172707	0.271020751981383	0	0	0	0	0	0	0	0.179451268997287	0	0	0	0	0	0	0	0	0.311792933158956	0	0.00256433539874342	0	0.118802761015745	0	0	0	0	0	0	0	0	0.205574264871012	0	0	0	0	0	0	0.148149301783052	0.121120838471268	0	0	0	0	0.113351007928794	0	0	0	0.0295421952322408	0	0.0630613370335864	0	0	0	0.0939304525130228	0	0	0	0	0	0	0.0539906845852158	0.0126059637262965	0	0.190046446616576	0.0312243459164767	1	0.0868526291888555	0	0	0	0	0	0	0	0.0892623512820348	0.00511744739230781	0	0.0400451466255089	0	0	0	0.0835222626623469	0.267970227110825	0	0	0.00300185530550396	0	0.194743090409371	0	0	0	0	0.198482167766841	0	0	0.330533673741955	0	0	0.0176568208971827	0	0	0.0462963797044361	0.0472771652806947	0.169308388239997	0	0.509095259851932	0.141813636649751	0	0.0112074126357364	0.136105395723932	0.148852658243084	0	0.0240872893701683	0	0	0.174141041754928	0.022687092883802	0.0590774813642498	0.0793960135802743	0.0207890663235434	0.167248325834527	0	0.0934792102074218	0.102698801397397	0	0	0.0366711405797255	0	0	0	0	0	0.166171326965262	0.213627938217442	0.0724074604713345	0.142431353513107	0	0.00193054765622849	0	0	0	0	0	0	0	0	0	0	0	0.0288227123637462
0.0863584045332709	0.0842639413632269	0.0252376009890557	0.206286358357137	0.230652405889452	0.31907076551018	0	0	0	0.259817227991876	0	0	0	0.0425265292555841	0.106019223048268	0.0335460534386879	0	0.045934064556749	0.00857486097438346	0.123832838775387	0.0692321551328184	0	0.411660850969518	0.00784770945517523	0.171260580352173	0	0.154458548303743	0.302434798106211	0.161528365326247	0	0.377875577798346	0.281082858268301	0.260320443802289	0.33015385030067	0.0754873926053681	0.234408033007711	0.0282983355993665	0	0.0664686737549196	0.218757648631754	0.0567444219446848	0.0349803625449888	0	0.102710421736356	0.0180288457068005	0.256931790494967	0	0.129866474783015	0.22021570956435	0.25024826411559	0.0894170608792893	0.115812688062621	0.318039808956243	0	0.249791822190451	0	0	0	0	0.102578055768881	0.0317393819406924	0.404797128810926	0.229124383958258	0	0	0.0408960556977186	0	0.094250093498896	0	0	0	0.0772184908116945	0.0641708621457884	0.0464723068609852	0	0	0.0046663275634527	0	0.0363750952087736	0	0	0.165981792337455	0.0950106254846073	0	0.1903032518704	0.0230844778515828	0	0.146297707693378	0.0252987911081209	0.171309645462375	0.148876619847529	0.0155113217473904	0.00909091765069519	0	0.107632130990981	0	0	0	0	0.0403523391812885	0	0.173649138903956	0	0.126307191342502	0	0	0	0	0	0	0	0.091529326957867	0	0	0	0.0722260917115845	0.289005403786965	0.278529453542499	0	0	0	0	0	0	0	0	0.44137708880666	0.0806639430249838	0.0544761786261504	0	0.180759786224501	0	0	0.101721606213954	0.218207100440564	0.00753851153079347	0	0.159698295018332	0	0.134054754151554	0	0.090437840508464	0.0948141745663124	0	0.0408573666820779	0.00863962423217242	0.361041495337753	0.260948722593913	0.207519516637014	0.142042280614466	0.0743962805530233	0	0	0.106619056903308	0.183990253962943	0.00213859946915981	0	0	0	0.191296872861417	0	0	0	0	0	0.0985666100099755	0	0.164976038957516	0.0249685974429134	0.20725387468791	0	0	0	0	0.119849253212254	0.0413121333445154	0.257731484595364	0.386428889440424	0	0.0868526291888555	1	0	0	0.515205818622862	0.142464848457948	0	0.14682788781924	0.000396999810867485	0.17037872665496	0	0.0934303643627978	0	0	0	0.148175372646418	0	0.120283952835476	0	0	0	0	0	0.0238906279895468	0.163114360680497	0	0	0	0	0.158539072512041	0	0	0.0669957339745737	0	0.0650865170542562	0	0	0	0	0.0987102863571067	0	0.116306437141006	0.0391590973078406	0	0.229112068787973	0.125133888102444	0	0	0.0100549044724448	0.0101416324435649	0	0	0	0	0.0143585049327581	0	0.175795904034336	0	0	0	0.132166360478538	0	0.111030613733283	0.305544678434678	0.184548255189207	0.0439785778323667	0.128364097752806	0	0	0	0.00540038178288341	0.281527486338576	0.159642415657551	0.0789386783887415	0.0370525427798487	0.163532080318121	0.217469607898412	0.377725881228582	0.0762945550381801	0	0.00231055184694178	0	0.0325746150346271	0.0813961819854284	0
0	0	0	0	0	0	0	0	0.220647436140511	0.308770836190063	0	0	0.12478419246818	0.107332845932876	0.118025653350758	0.128460386409771	0.262993117000856	0.149209507924322	0.356393094520531	0	0	0.0606374457158796	0.237807685227549	0.0598411901140973	0	0	0.00834412114236197	0	0	0.128770334993856	0	0	0	0	0.216610551303276	0	0	0.232882286260708	0.148778165175349	0	0	0	0	0.241509121869876	0.131353448163635	0	0.199858569119612	0	0.369352790277623	0.115042341223577	0.120187375897612	0	0	0	0.00704696812654398	0.0553639233282207	0.11436033504907	0.167394197317333	0.169704485502687	0.399143033047078	0.222931912048086	0	0.0418912371581655	0	0.0327078716342668	0	0	0.0127903288246803	0.0180873093805155	0	0	0	0	0	0	0	0	0	0	0	0	0	0.17072802960489	0	0.00417088361502181	0	0	0	0.131863807229033	0	0	0	0	0	0	0	0	0.151045754011274	0	0	0	0.177081811379369	0.291109143934018	0	0	0.0737404361252535	0	0	0.0397276926867938	0.0930685313778755	0.161616272864616	0	0.0325798204580639	0	0.00502029605116711	0	0.0652702593835551	0	0	0	0	0	0.251715160726402	0	0	0	0	0	0.0616531085999557	0	0.021102609451609	0	0	0.248634847728508	0	0.184786060375653	0	0.068641035974167	0	0.0738851883756839	0.0656261420179209	0.0447320187058793	0	0.0186435892125507	0.0611121409517263	0.2194153055357	0.0339825730982725	0.221529275971957	0	0.00757693407055964	0.0822760544307654	0.173247981427537	0.148480920567298	0	0.0462736795410524	0	0	0.177589994820211	0	0	0	0.0321993174220313	0	0.265770266560301	0	0	0.0351546631225176	0.146312833060113	0.112140944009517	0.143653018729377	0	0	0	0	0.193581391460593	0.0590072619635954	0	0.160565923918392	0.150591520484541	0	0	1	0.0951783858553354	0	0	0	0.0574283943276926	0.00632010909256615	0	0.0179369598094154	0	0.0718375084452521	0	0	0	0	0.223342126409333	0	0	0	0	0.145593175130712	0	0.00374889159759696	0	0	0	0	0	0.305599021667623	0	0	0.0474887222495727	0	0	0	0.0105068181600456	0	0	0.306530821880245	0	0	0	0.244107576025183	0.259847893806257	0	0	0	0	0	0	0.104040161327621	0	0	0	0	0	0.17432796918461	0.125874924208605	0.0558091896732032	0.230898900391618	0.0103294049554226	0	0	0	0.0234853058563456	0.278505825709355	0.236201612588494	0.186574525422619	0.221162860616607	0.00845389028571698	0.107281511006329	0	0.102051282669408	0	0	0.106619387803016	0	0	0.104543113334173	0	0	0.152168996891182	0
0	0	0.026029864244557	0.0295208806082315	0.0217283708793536	0.110365094061907	0.168978603986412	0	0.0931186339947598	0	0	0.0822480529511263	0	0.00243310328865307	0.0654191819208516	0	0	0	0.22215402760638	0	0	0	0	0	0	0	0	0.0293666040298134	0	0	0.409499455495934	0	0.15159060903733	0	0	0	0	0	0	0	0	0	0.172332598945094	0	0.082876533272471	0	0	0	0	0	0.0180134545362199	0	0	0	0.120869962096196	0.137738676716304	0.0621888936837278	0.174503152120534	0	0.0066723765946716	0.0756362244916935	0.222614624763852	0	0	0	0.146480425362719	0	0	0	0	0	0	0	0.197359551194995	0.197382496515866	0.0232146487357002	0	0.286097625636618	0.0768354666702479	0.0192860405805458	0	0	0.304377309968683	0	0.060118193362525	0.259436315660269	0	0	0	0	0	0.282906360082837	0	0	0	0.0844791048205391	0	0	0	0	0	0	0	0	0.0451251840804867	0.13524252359587	0	0	0.0294515785484165	0	0.23972165236506	0.11748294699435	0	0.00894104931338459	0	0.216322228496357	0	0	0	0	0	0.23139092428509	0	0	0	0	0.404637360612213	0	0	0.273981659344537	0	0	0.210332444413468	0	0.37986418852794	0	0.036934475373196	0	0	0	0	0	0	0	0	0	0	0	0	0	0.0746663559156816	0	0	0	0	0.304242033773477	0	0	0.153144893860359	0.168815936330345	0	0	0	0	0	0	0	0	0	0	0	0	0.00940745369475734	0	0	0	0	0.246346983941948	0	0	0	0.0951783858553354	1	0.440874461704287	0.436580299742402	0	0	0	0.109189093403007	0	0.182438854030569	0	0.0623109068989659	0	0.025910528636627	0.248308070037931	0	0	0	0.129470176454268	0.22044825106831	0.0394987791307083	0.168106428908325	0.00553743151786937	0.250125881785002	0	0.123434920885691	0	0	0	0.103963634604583	0.113767477172628	0	0	0.0847604808880527	0.450878046231279	0.0615533373705202	0	0.233471234504151	0	0.102600434965512	0.0324666827785123	0	0	0.0482810330193449	0	0	0	0	0.0899211752297636	0	0.242043040633417	0	0	0	0.0366824038010231	0	0	0	0	0	0.0453089162112581	0.0647080096225176	0	0	0	0	0	0	0.177828728283669	0.0893755769683697	0.0327842981188428	0	0	0	0.332457378295582	0	0	0	0	0	0.018791679467376	0	0
0.133744292852409	0	0.0276688691339011	0	0	0	0	0.561113990838544	0.198730451788489	0.0202670724042461	0.17564094095272	0	0.207043204879296	0	0.0445502049290396	0.0337050838629618	0.257161412119097	0.262005432737773	0	0.0617578637374248	0.166271471296121	0.554678454356559	0	0.181422566825046	0	0.179337860416157	0	0	0.0807877867775593	0.30600035739145	0	0.00133895304040787	0	0.0411457296840263	0.273911275098253	0	0.0877122242831659	0.228773667409075	0.299969845744581	0.0358506077357598	0.0270494523178499	0.0568893601366232	0	0.309910082408315	0.0688492677008521	0	0.156579562240869	0.025686208759931	0	0	0.121763675232152	0	0	0.0747748952834347	0	0.189139040394204	0	0.217428768637469	0.167785805656639	0.198839275488827	0.101869301543989	0	0	0.303011943637865	0	0	0.18618541230085	0	0.188063947544856	0.0859846745809599	0.178925634111535	0	0.120800727103714	0	0	0	0.103402207093502	0	0	0	0.163995470997318	0	0	0.121078930477995	0	0	0	0	0.228823916051883	0	0	0	0.126757324153087	0.504807531542644	0	0.33285286457439	0.153692371159225	0.256756274729063	0.132396285860209	0	0	0.0165770037392947	0.374192278874167	0	0	0	0.249686371458969	0.20831600055819	0.217250880210292	0.2305013279463	0.0917230147894772	0	0.267441657175993	0.272635129222039	0.142727910168595	0	0	0	0.0690645575163043	0.292793529197885	0.0324119440515529	0	0.154485696197898	0.192093839156026	0.18787973970476	0.345858177550464	0	0	0.0206575367784886	0	0	0.0666971145385443	0	0.176809275953451	0	0.497182434755196	0	0.0186000166560633	0	0.0379327377099475	0.201024714871807	0	0.248857473520361	0.484032023170965	0.235838291847028	0.262598318223743	0	0	0.140635062135182	0.0954613683612668	0.0635197684919255	0.451399935718522	0.541670795861041	0.263649845590181	0	0.0968314581668589	0.18885124779717	0.284164380776518	0.209102010444296	0	0.279259394263615	0.424553793651971	0.166656866863479	0.332114501615701	0	0.123324304156894	0.269139182179747	0.187791423857832	0.141896706785319	0.0850111867119846	0.230947654970251	0.18279038203531	0.140757421726514	0.349753799443336	0.172699718930429	0.0838818272590044	0	0	0.351026962638866	0	0.515205818622862	0	0.440874461704287	1	0	0	0	0	0	0	0.06125632243518	0.188843277912898	0	0.352688037111693	0	0.0365191551078781	0.0615635017429847	0	0.115575173381611	0	0	0.385104434984403	0	0	0	0.502713630131411	0	0	0.0221276404246282	0.505167439471289	0	0	0.204877297559454	0.0551089358717042	0.142767757903692	0	0.21895497536529	0.252557872957842	0	0.232894220011156	0	0	0.150239317208727	0.12147330949825	0.130834576988205	0.0452594713661244	0.285171025501749	0.020057965132116	0	0.140750784130832	0.22926917126891	0	0.426333953548948	0.0276618800382485	0.444866164463876	0	0.151019403073022	0.376440575785988	0.342182036352944	0.0557175694381917	0.295858486462535	0	0	0	0	0	0.295193870352344	0.123074061949615	0.216479637704454	0	0	0.151874904350723	0.0841060941276296	0.115945703206635	0	0	0.0539520885950668	0.221538207519901	0.385049777156834	0.251928506004396	0.517557534168224	0.0955276934712331	0.0862593593380555	0.410854714890162
0.169756842923844	0	0	0.104863194188799	0	0	0.0144275780386085	0.252697086723152	0	0.172563770692671	0.0998590974164917	0	0.313403874959542	0	0.09485204093269	0	0.292781282588268	0.437113384249179	0.0900632115656324	0.2207504379441	0.283996302418524	0.57968567131785	0.100203822617145	0.245603804757756	0	0.109072777862037	0	0	0.0281355761170634	0.298115937762118	0	0.0953773019842809	0.0209304468744186	0.167724782008406	0.336257361944119	0	0	0.401615279332606	0.250751334922814	0.121832027251269	0	0.0788307712962419	0	0.236057794231192	0	0	0.141419917962243	0.0566807824163752	0.185900832795773	0	0.112475580310877	0	0	0.00818186715971809	0	0.142934691354749	0	0.00997452890303368	0.115219247550078	0.26717353383041	0.117088661664839	0	0	0.0328335568212236	0	0	0	0.19934842177852	0.255643818828979	0	0.173490037539103	0	0.00948298661359303	0	0	0	0.0589318866593111	0	0.0301075178317344	0	0.115360872058424	0	0	0.24049890427731	0	0	0	0.181098553788312	0.403283090946721	0	0.111857884112425	0	0.195390339208548	0.482573559920298	0.132629286003419	0.178014202164092	0	0.177771378797495	0.14467423965352	0.208772189394564	0.0699008662554306	0.247218135596122	0.303172020037979	0.127804771681963	0.0647900062455119	0	0	0.19598228154824	0.147323935394567	0.074902702264229	0	0	0.270445346631613	0	0.181146467533538	0	0.0322895126597317	0.0459982478667518	0.126515005352161	0.254500241011889	0.144585634283927	0.0489924037819454	0.132186668770725	0	0.259814702508297	0.219897033131452	0	0	0.155191955804202	0	0	0.150723488972809	0	0.514943552478958	0	0.701872423771254	0.0880198870718984	0.137543089538963	0	0.247994235982963	0.425204036715773	0.108427248182338	0.260870371109085	0.366993448243317	0.362922102181924	0.35642715843532	0	0.161190364693635	0.382581216393608	0.102441727154638	0.000806302401267414	0.358771415045599	0.440303327162383	0.206895063025828	0.170893303948275	0	0.153946388409255	0.419058135266513	0	0.0511930814716798	0.242824138677359	0.3644416220118	0.191738754196403	0.265014054155052	0.163827213732788	0.207105282435775	0.225714874330795	0.372364940448548	0.142669330706321	0.273150192993022	0.185321598307119	0	0.0156855959683596	0.0525109014705187	0.103462779803074	0	0	0	0.224094751371945	0	0.142464848457948	0	0.436580299742402	0	1	0	0.0480822848513933	0	0	0.0241313010197214	0	0.109080685336619	0.0123904444787247	0.237814648648522	0	0	0.111656443865289	0	0	0	0	0.0961702949465411	0	0	0	0.155035011821865	0.0308230640519933	0	0.113298299834566	0.375355498577506	0.0525601330593537	0	0.0387094946084807	0	0	0	0	0.096335416353543	0	0	0	0	0.131797367719779	0.235524803896448	0.165208663483215	0.0267831356242448	0.136155704300741	0	0.081290591210224	0.0477881485551022	0.0229507839832186	0	0.226068193818079	0	0.147585329007762	0	0	0.246824484168349	0.198253565302309	0.202214997605363	0.331840119965643	0.0339217062461526	0	0.0278442497430822	0.15290889161462	0	0.33945477597908	0.231411968263791	0.289066054028745	0	0	0.104168488918208	0	0.0191785273943031	0	0	0.101154820892823	0.32313391943919	0.346982576788332	0.253858762668643	0.345160022019035	0.00719852308359278	0.332895227784898	0.14629679033064
0	0	0	0.0618003750881565	0	0	0	0	0.26149695138898	0.183622367963793	0.0985783174035012	0	0	0.171014456242841	0.13818636188998	0	0.163766795179757	0.0920169488482928	0.144091046317234	0.181768761813166	0.166821720706822	0.143543498408526	0.292296886908128	0.0780130348221955	0.032972925051038	0	0.299048533193621	0	0.0133521547408615	0	0	0	0.238398415877766	0	0.0743268205436917	0.00283438721827316	0.026797854523244	0.193810347997814	0.12651309817343	0	0	0	0	0.2750266392355	0.241988922059749	0.0468002419208676	0	0.0785995116387193	0.187035897527611	0	0.191687894073523	0	0	0	0	0.125304270000549	0.0280059683105998	0.267406952380395	0.0654242487185786	0.406131574852335	0.211865488081145	0	0	0	0	0	0.113755381121946	0.0400811456280681	0	0	0	0	0.137247319479149	0	0	0	0.117522072682366	0.0347371040846107	0	0	0	0	0	0	0.0282990394181052	0	0	0	0.00174181685973865	0	0	0	0.0451686235556189	0.152003561687968	0	0	0.114308322842286	0.285430232977523	0.281445000253391	0.0237630306921529	0	0.0479804954572565	0.379584343849879	0	0	0.0273650638122536	0	0	0.0712708415360116	0.0145930501857428	0.113695070950811	0	0.207887526841812	0	0.0470214030275741	0	0.0639154614491418	0	0	0	0	0	0.245472382458562	0	0	0.0635839538004484	0	0	0.0628387362240981	0.207907471609196	0	0.136234559955095	0	0.0294168410150446	0.0927172872275924	0.134804370968332	0	0.12288945687742	0	0	0	0	0.0383923621846032	0.136661198661661	0.0303069748629166	0	0	0.001989792052568	0	0.19792239413801	0	0.174833960272862	0.133814367029631	0	0	0.0374585498572012	0	0	0.0518602557301037	0.0672828539195725	0	0.120072615940027	0	0.147602275724017	0	0	0	0.222261733111391	0	0	0.0250968503969881	0	0	0.136348519214185	0	0.184913784145467	0	0.193203997202822	0	0	0	0	0	0	0	1	0	0.044810383923439	0	0	0	0	0	0	0	0.0176423561618799	0.163178999105437	0	0	0	0.00260306806576567	0.279284572660264	0	0	0	0	0.0693284073406408	0	0	0.256616133865842	0	0	0.0432204922352866	0	0	0.0124425565379961	0	0	0	0.138518639924081	0.373152976438406	0.0171033515263847	0	0.225035840592557	0.204609952624561	0	0	0	0	0	0	0.110605469954709	0	0.0594993635673371	0.0828995598160774	0	0.0245838550350409	0.184689073791528	0	0	0.328950046861987	0.146345292854962	0	0.0134360897186832	0	0.0627291495289924	0.0512030780855082	0.0878934456149787	0.113340261718651	0.0122645039753502	0.104545471669954	0.109510387373195	0	0	0.0894016486782314	0	0.0601502819013843	0.131972397353256	0.157487253084351	0	0	0	0.0777057210846648	0.0976922911305604
0	0	0.288467247510683	0.114524000891449	0.0487240725621935	0.0563246192325458	0.200595863687949	0	0.0587439512465484	0.00476858003751165	0.121493909535396	0	0	0	0	0.249956754316057	0.233183809017032	0.047346627341696	0.146471849810536	0	0	0.0435192324390192	0	0	0.0240549091217514	0	0	0	0.0129478678989633	0.116294638195668	0.0777735187181023	0.0671913030967094	0.154383804995042	0	0	0	0.0207087035964516	0	0	0	0	0	0.125767748953273	0	0.146862481791491	0.177863905205478	0	0.0974828712799789	0	0	0.325921238788049	0.105376647639191	0.0896384997095888	0	0	0.511151101617711	0.179103417488728	0	0.170421293524401	0.14835155163519	0.219180131470864	0.141654171675268	0	0	0.113203247744112	0.0243600092135367	0	0	0	0	0.0859662953613998	0.0975187454789378	0	0.0514676974104414	0	0	0.0984690107654177	0	0	0.273228644625844	0.00754537403196024	0	0	0	0	0.0367438690512896	0	0.0788640166162278	0	0	0	0.0805608665356867	0	0	0.0424706400433939	0.380412633184029	0.117808266455719	0.0249845886181735	0.0696694862445054	0	0.0973640176596948	0	0.0649717654212074	0.0158853788770565	0	0	0.226080024600972	0.192129310870161	0.115861956086491	0.277626986110738	0.160777192410946	0.0188478713054924	0.196325912209788	0.024895187837075	0	0.0134609121143717	0	0	0.165146335147513	0	0	0.178673370286711	0.0682985924533559	0	0	0.0961709601294613	0	0	0	0.198188673759194	0	0.122341105656523	0.159187071275323	0	0	0.118056704711939	0	0	0	0	0	0	0	0	0	0	0	0	0.0413441135856216	0	0	0.0359474728197906	0	0.0409985571013903	0	0.0465030091025748	0.243984874372802	0	0.170082456953379	0	0.030717981519396	0	0.173369394901238	0	0	0.0698753535072722	0	0	0	0	0.197844887616811	0	0.00382084759700276	0.0405793071971158	0	0	0.119386932924354	0.0647183676610805	0.177719064815437	0	0.14682788781924	0.0574283943276926	0	0	0.0480822848513933	0	1	0	0.0889496513691695	0	0.14489173673779	0.105113995393357	0.00753898799755585	0.00839601603659065	0.0889308339470318	0.362233479978785	0.158505864402742	0	0.0676755625062797	0.0514721635604346	0.135518317223782	0.15945141694583	0.101534654454093	0.237696394983923	0.390535071043052	0.0707993551363353	0.163893605710808	0	0	0.0569280732144794	0.246743987850835	0	0	0	0.404312125818144	0.318066891422716	0.217235340914381	0.185528691705352	0.0183066863629185	0.25210098599554	0.0525114362485993	0.36833442093122	0.175113389652276	0	0.0768665597708064	0	0.126743099924173	0.0501792497356763	0.189816333201267	0.272107016442365	0.0263535474658967	0	0.211957045994361	0.404885969767652	0.317217536168276	0	0.024040750044906	0.139396696207266	0	0	0	0	0.0205813693443763	0.0575120526129032	0	0.112128463413332	0	0.051133381943994	0	0	0	0	0.0449725557390694	0	0	0	0	0.0217784837354835	0.0582323899995942	0	0	0	0	0.0886151126365046
0	0	0	0.187218123294077	0.14143890454216	0	0.0276063310947289	0	0.193164817741567	0.122532390563441	0	0	0	0	0.197986976684679	0	0	0	0.22967532798978	0	0.0494958085869524	0.0250042896342704	0.0722175187784635	0.184071790621067	0.0688850868344297	0	0	0.143491593383866	0.128081693068604	0.166665299992993	0	0.0578260916762839	0.081956597584036	0.302314033225371	0	0.0857650679178383	0	0	0	0.0755628114853452	0	0	0	0.16758218221812	0.190200727621365	0.253300906044108	0	0.0416555695642956	0	0.136883643864855	0.352579610576141	0	0	0.0102584157229058	0	0.0175053550058202	0	0	0	0.043795243777698	0.250652765968743	0	0	0	0	0	0.155475751507389	0	0.00758575437074585	0	0	0.187432067888873	0.0606030883822913	0.390664496070914	0	0	0.056160386577998	0	0.413756336103277	0.458556790448357	0.328033454309894	0	0	0.0914884994877755	0	0.215410884389721	0.018263509168409	0.487169345158246	0.0300363989002588	0.0644821436379096	0	0.255194914368481	0.238336151809371	0.0665439042204897	0.185791400422485	0.180240175601296	0	0.143549383041862	0.0358683408326535	0.0579923321673339	0.12867076486273	0.244009723139363	0.0927692034958225	0.345327069797003	0.284113669794026	0.0405060854364891	0.112717581943726	0.267023560916031	0.371910384527004	0.17621003664878	0.258475511949654	0	0.332837220808019	0.0521759027709963	0.214381367423472	0.159380773097237	0.136008413659957	0.0412153235596611	0.430353205012269	0	0.112826737182268	0.10394057637746	0	0	0.0837944970245555	0	0	0	0	0.105348059579726	0	0.272150556823074	0	0	0	0.215170975878302	0	0.0603721251749869	0	0	0	0	0	0.0352294148867676	0.0811022329812538	0	0	0	0.0954678963685496	0	0	0.106473564316578	0	0.0986989885145862	0.00268442614807955	0	0.00932335270481526	0.0385520967183232	0	0.0130792538479884	0.0226739061494887	0	0.249276409562713	0	0	0.0540927110158853	0	0	0	0	0.287380244338064	0	0	0.174406562893174	0	0	0	0	0	0	0.000396999810867485	0.00632010909256615	0	0	0	0.044810383923439	0	1	0	0.0309332546424461	0	0	0.201951070369724	0.068480275931786	0	0.146152625059366	0.248959771012224	0	0	0.0614676228460661	0	0	0	0	0.229047247854968	0	0.0811190689075845	0	0.282895206121916	0	0	0	0	0	0	0	0	0.0678007763265247	0.266178072546383	0	0.247916991179964	0.127023286339931	0.0183408081923583	0.2015601875568	0.216558100677469	0	0	0	0.181503852474402	0.0386379932286	0.174352513828857	0	0.0138404609837879	0.101277530608749	0	0.216948121924879	0.242676729975622	0.179879001986669	0	0.0208236573320797	0	0.118170601732977	0.155279847670894	0	0	0.168575015876457	0	0	0	0	0	0.0811672946297883	0	0	0.0089889120234596	0	0	0.103114876425214	0	0	0	0	0	0
0.109854221759708	0	0.0184102321276774	0.197757812955482	0.182570188861287	0.0510389588983762	0	0.136028739914301	0.0776808274634933	0	0.10748060321421	0.0330680831046891	0.26054436979295	0.120831214807756	0.244510960715165	0	0.168813544540768	0.290937194407803	0.132838483100336	0.254411065508342	0.0934472954655664	0.278592826451013	0.019687126085011	0.294116037768662	0.0612244410966294	0.150982239597639	0	0.0611866906394269	0.183170588661755	0.282303556586899	0	0	0	0.233102940297692	0.166993791160057	0.0421619555298519	0	0.11965968717669	0.262627880800474	0.178338010255605	0	0.262866005999898	0	0.0280636391140433	0.0227604883031918	0	0	0	0.0923270240289977	0.0518274773059507	0.0429017978760366	0	0	0.0351178738075101	0.152753218478332	0	0.0126177862190139	0.19666666700048	0	0.096749971429348	0.0845272408253701	0	0	0.0839236297263542	0	0	0.092122754473792	0.193087699811316	0.277062086016777	0.0408794661104535	0.0860563965809198	0	0	0.102011452180047	0	0	0.190904693784769	0	0.361181010041133	0.0133660525244649	0.218634721215137	0.06169654645642	0	0.251128900346501	0.0946611678342614	0	0.0158699406114471	0.215361097792708	0.35551537848426	0.259600725662399	0.168812917578537	0	0.30514213060733	0.480582153982729	0.0899317321047191	0.139878709225364	0	0	0.0297918485986459	0.24023330604686	0.110058172636703	0.446792010524316	0.156790562987594	0.220770589825343	0.23948174926264	0	0.0601413206934155	0.213547479129305	0.10728973463176	0.0942375100379877	0	0.172135893814151	0.20633925405204	0	0.116752308527364	0	0.159035619964607	0	0.294351300541562	0.259593324518846	0.350659252134543	0.15351748620106	0.0875834218598775	0	0.149762928123298	0.0529000895484705	0	0.0623552806432366	0.219960692196035	0.163831874247472	0	0.0986844565968118	0	0.191687602498459	0	0.304464509460481	0.197450632600678	0.321888778842137	0.0989984941237673	0.131484026233815	0.180295575362254	0.00851395854007021	0	0.217335790971132	0.268384605070178	0.22922627382973	0	0.0236843931422081	0.128695866374817	0.0966497247863756	0.228174341890661	0.216942485675305	0.432046535073652	0.0972281344195449	0.0886396854795761	0	0.122703026813588	0.312675384246071	0	0.0757352122404796	0	0.111531043535557	0.319261862230175	0.204298833785951	0.141684881396539	0.243934955407742	0.215173667683676	0.246626697855066	0.203236306802334	0.102003589173751	0.279208990863133	0	0.119349944150143	0.023125611063884	0.00322856223344467	0.118343811458458	0	0	0.155124118642671	0.0892623512820348	0.17037872665496	0	0.109189093403007	0	0	0	0.0889496513691695	0	1	0	0.0701673939043592	0	0.11736004463714	0.00210571504033901	0.0143273713173265	0	0.098750736490926	0	0	0.189533753583676	0	0	0.0492168026245563	0	0	0.192977502049168	0	0	0.184487027700135	0.172933157446911	0	0.142824969613075	0	0.0207679151380456	0	0	0	0	0.15134855451594	0	0	0	0	0.0826385078490069	0.235959109276693	0.200005171889619	0.0352837607480077	0	0.089699976108701	0.0566824662025059	0.146667931996287	0.172608131257605	0	0	0.0606788379022921	0.0155028116934705	0	0.165480577684863	0.160185959564541	0.115609041729626	0.468203052291272	0.120285925719474	0	0	0.216925249190862	0	0.2830397654674	0.185005681308757	0.237969503811974	0	0	0.0364364150285592	0.0151975898565202	0.0613788298778034	0	0	0.0351535498536133	0.129970682284081	0.22753442903817	0	0.179203044176167	0	0.102736527924407	0.0615526910629375
0	0.211259338310517	0.0423676002368163	0	0.0265260220408918	0	0.0903647876724703	0	0.178668263589653	0.0656976248130927	0.309639227999421	0	0	0	0	0	0	0.0984392131953999	0	0.148892540547472	0.213355171516887	0.0173464410689157	0.0546989050617447	0	0.174752783503634	0.0264415017024004	0.183314703008297	0	0.0729309002083037	0	0	0.197031286613718	0.0868810894816109	0	0	0.0492973555715091	0.0896186397801147	0.0607510000002539	0.0155185842671639	0	0.0497332025241032	0.0590762000847905	0.139696863033056	0.100079094989867	0.0374154696872462	0	0	0	0.105248304689438	0	0	0	0	0	0.115490860316493	0.0258468962665168	0.0520905480231514	0.111069940474897	0.0839726197926686	0.222848429469461	0	0.0384678920797834	0.164940878766465	0	0	0	0.107714383775914	0.196822510299287	0	0.0263080459165398	0.0185288599844496	0	0.0995640429321213	0	0.178428747338312	0.327244922194567	0.145807515705111	0.267503831699998	0	0	0	0	0.0701559175081534	0.116167425750689	0.0895505451270979	0.128005939672053	0	0.0918985035925347	0.0177261587513026	0.0850233324126078	0.0330108703294538	0.0305636329355585	0	0.0528499391585879	0.234830761876159	0	0.134065036117217	0.307449020937504	0.236050218144146	0.162768016035843	0	0	0.209913258457312	0.0535965220135503	0	0	0	0	0	0	0	0.014469792976276	0.239856685751387	0	0.116037484946251	0	0	0.0655529922546638	0	0	0	0.388750032240269	0.107940853595603	0	0	0.0425580820515051	0	0	0	0.285781406802683	0.0364545720300835	0	0	0	0.229693477019149	0	0.127847673543639	0.139212192688602	0	0.144200363557938	0	0.105849748875416	0.0661928590579455	0.146275410969999	0.0960944301311869	0.0271324978498552	0	0.0590200217866743	0	0.0899076683176376	0.00387097384088119	0.112764197736339	0	0.0159382355155603	0	0.22931728194001	0	0	0.242750263648205	0.222816957695679	0.0241759589721004	0.190496635917479	0	0	0	0.105924764567284	0.0155150691134	0	0	0.0518890481820062	0.0230596791123464	0	0.18708309554442	0.257956177133232	0	0.0239161057798747	0	0.0737695939414614	0	0.00511744739230781	0	0.0179369598094154	0	0	0.0241313010197214	0	0	0.0309332546424461	0	1	0.179670316554087	0	0	0	0	0.193422804006049	0	0	0	0	0	0	0.189210208837158	0	0	0	0.148665835750849	0	0.162277210676096	0.248567362335505	0	0.13214174799343	0	0	0	0.113607601346399	0	0.0925092480004561	0.0112458414307222	0	0.217671211551033	0.145189380486842	0.0908147003775244	0.0948167166731392	0.117347993611417	0	0.0295582973904992	0	0	0	0	0.102898278167278	0.0818770902230572	0	0	0	0	0.149471603139661	0.0757875228062769	0	0.301556239566292	0	0.00975624399677956	0.201584434179301	0.13427517300899	0.106970068964306	0.181403045167533	0.163787179107599	0.0635321299208103	0.166064906178213	0.0860378792695789	0	0	0	0.182178094644208	0.16267757945426	0.0510165254085015	0.159639252157182	0.149222261003607	0	0	0.0449925419300186	0	0
0.0445931965597196	0.15137698007553	0	0	0	0	0.00132728743312377	0	0.122447824404587	0	0	0	0	0.130295963955913	0.0542001634237917	0	0	0.0660200194115156	0.0728910216349051	0.0200770202743708	0	0	0.227116953830393	0.217794259651519	0	0	0.379950070027509	0.195188797168031	0	0	0	0	0.130101064838894	0	0.154028665773461	0.092022923586091	0	0.154250891594722	0	0	0	0	0.0319024660341495	0.0389257579235056	0	0.103933302283057	0.138475555965506	0	0	0.1268307711267	0.0220210443161033	0	0	0	0	0	0	0	0.0203910369928223	0	0.0887869809394686	0	0.0386774259567896	0.0434353939526912	0	0.00893713488668519	0	0	0.207912976727418	0.0926400659089807	0	0.0638542828672366	0.122062449415855	0	0.267046056917435	0.185313278901315	0	0	0.0840181823215694	0	0.249304353024498	0.138298907445547	0.203481570821255	0.257587887715686	0	0.169299026223311	0.180009198061403	0	0	0	0	0	0.118144776049037	0	0.00918817960245986	0	0.286326257074943	0.171879413707659	0.160418045055546	0.324979833387258	0	0.220138211681384	0	0.273325023193351	0.361038769446659	0.491585707158966	0.0686396187211055	0.0328773470485969	0.218555584478152	0	0.231298764361341	0	0.0367431182864598	0.272601259678448	0.0830238060929266	0.285533675546472	0.170022435688293	0	0.146380375500921	0.0813937810160429	0.300181847504033	0	0.0270028919407145	0.0689423514807054	0.0535619500569924	0.0976529435245043	0.101920668680948	0.114105959351047	0.0951860374913225	0	0.093595188935641	0.236022753506345	0.087181057601185	0.149681192114696	0.205420071017138	0	0.26475394951917	0.0198426153838242	0.278601649380613	0	0.187297077655651	0.182673182109206	0	0	0	0	0	0.106344933619626	0	0.0900364152306012	0	0	0	0	0	0	0	0	0	0.014776499520107	0	0	0	0.0145362280281147	0.0815087002790642	0	0	0	0	0	0	0	0	0	0	0	0	0.0540516272981995	0	0	0.0934303643627978	0	0.182438854030569	0.06125632243518	0	0	0.14489173673779	0	0.0701673939043592	0.179670316554087	1	0	0.098144147220192	0	0	0	0	0.228571340966853	0	0	0	0	0	0	0	0	0	0	0	0	0	0	0	0	0	0	0	0	0.166023718915197	0.28896475555729	0.0575954886189556	0	0.120934363698212	0	0	0	0	0	0	0	0	0	0	0	0	0.144602097001502	0	0	0	0	0	0.250468316878657	0.129862036352409	0.0910398515905966	0	0	0.0885655979556	0.143909898590281	0.20483267133703	0.225602025957755	0.363681026678775	0	0	0	0.0540140426927561	0	0	0	0	0	0	0	0.135629878509817	0
0	0.125366365326527	0	0.153595030188706	0.0981742055509228	0	0.0157657769833319	0	0.230823720818401	0	0.256705433771124	0	0	0	0	0	0	0	0.192974548655801	0.152137364517459	0.0662265420398292	0	0.058846726838003	0	0.13111692388995	0	0.129715838549272	0	0	0	0	0	0.286043371393982	0	0	0.163054017555094	0	0.0962257674963502	0	0	0	0.0395597279837007	0.0951509604714109	0	0	0.0392974648282628	0	0	0	0	0.0419746645638867	0	0	0	0.0350660035337056	0	0	0.107851572780387	0	0.0869166488031404	0	0	0.0435457594746369	0	0	0	0.0209929982060334	0.0338805152840328	0	0	0	0	0.0503494468203329	0.144937202784049	0.400444317169692	0.491439169570289	0.0397710096373575	0.335653778857946	0.198618886385192	0.152862564982213	0.0136264247987368	0.102852554455768	0.0755554787201531	0.175887208917034	0.278280328093498	0.498682128855339	0.102543919024313	0.370278089722147	0.0921576997490419	0.231326882984882	0	0.13668288389488	0.0572462151205449	0.154120365680397	0.402653818152393	0	0.218072089860724	0.222438041355311	0.240056869598526	0.427485940366816	0.0386742159014163	0.0555451886552112	0	0.403787080415539	0.193073736271572	0.296782715242396	0	0.0865846718380059	0.179778067952768	0	0.141735521458887	0.180791761826391	0.221143203346135	0.00349362417015151	0.0695785752708248	0.199466637319171	0	0.136526903106483	0.253233220386147	0	0.315966771791171	0.295169831640242	0	0	0.0284358322270415	0	0.172155281222604	0	0	0.255704809016859	0.0440863270325801	0.0843640878042586	0.174998914783575	0	0.378144917695495	0	0.375073026863488	0.275746944664952	0.102581155028146	0	0	0.199742278589274	0	0	0.19017145410427	0	0	0.0565956154629979	0	0.0936556749768557	0.142598749937575	0.0217603936863507	0	0	0	0	0	0	0	0.316036715391239	0	0.0939315905641435	0	0	0	0	0	0	0	0	0	0	0	0.072717336835696	0	0	0	0.0413028617735729	0	0.0400451466255089	0	0.0718375084452521	0	0.188843277912898	0.109080685336619	0	0.105113995393357	0	0	0	0	1	0.120041357534877	0	0	0.174512607720881	0	0.192008524165177	0	0	0	0	0.0644290872843129	0	0.0221141884163421	0	0.0610281754831787	0	0.0922018342501263	0	0.0513593397165586	0.209985573494727	0	0	0	0.0823934103799661	0	0	0.391341164461118	0	0.281443857985483	0.037955257654174	0.0565392697123392	0	0.0709059340868951	0	0	0	0	0	0	0.111785923076024	0	0	0	0.00152699964817754	0	0.0918627245700754	0.0334806580894698	0	0.307991351807829	0.27276752949135	0.0845864805149845	0.0359319987800806	0.00698487771963458	0.239424995170563	0.00951600828702136	0.024875527926043	0.0886232415629157	0.298359506505741	0.222729454913649	0	0	0	0.285181513805267	0.115768161403871	0	0.0781329993048506	0	0	0	0	0	0
0	0	0	0	0	0	0	0	0.0279174823776389	0.217889438176764	0	0.163553402000502	0	0.15527925753308	0	0.0305573480334268	0	0	0	0	0	0.0262638453202872	0	0.160402468991938	0.152588276881198	0	0.00295629887989347	0	0.238071934924058	0.107196679554339	0.00219001731651429	0	0	0	0.121050352301071	0	0.255606696149321	0	0.060285433557529	0	0.0966013152543823	0	0.0720653275546837	0.270958776070841	0.1792497983036	0	0.165518092792591	0.103010242945175	0.0426174233051893	0	0	0	0.118015574969644	0	0	0.1700042136085	0.00948219505687194	0.148845095289406	0	0.165139995155349	0.0114027200762776	0	0	0.162686574339557	0	0	2.91340834051916e-05	0	0	0	0	0	0	0.01373400587327	0.102208857375703	0	0.0294237815081805	0	0	0	0	0.0562409154581607	0	0	0.0922289954835966	0	0.0208537944744616	0	0	0	0	0	0.1484013402416	0	0	0	0.166936554716533	0.0932303312658897	0.0272888695498231	0	0	0	0.0534215114552531	0	0	0	0.063405122718325	0	0.0438415516882396	0.258006596019455	0.135480207385652	0	0.0926252831123813	0.0979980273641431	0.0428274510825059	0	0.130344482866314	0	0	0.106531878737226	0	0	0	0.117871737886131	0	0.0718838406925054	0	0.199815646385511	0	0	0	0.0212090306411956	0	0.0179335959229429	0.00213776852089174	0.152109874742273	0	0	0	0.0196619099795995	0	0	0	0.135174381455229	0	0.0988038395493624	0.029776280285559	0.0703812723362816	0	0.214631289264005	0.106452080769645	0.15455370045104	0.138106001441002	0	0.160070808348199	0.129924427124802	0	0	0.233468038079561	0	0	0	0.0746276655580149	0.142936297140588	0.0364793566523647	0	0.242259722627733	0.124108748701822	0.311201583496636	0.148872446435822	0.0667268851443934	0.260816837110687	0.172616704940567	0	0.337650370878096	0.0958855275848278	0.0939923136168605	0	0.0685400503247463	0	0	0	0.0623109068989659	0	0.0123904444787247	0	0.00753898799755585	0.201951070369724	0.11736004463714	0	0.098144147220192	0.120041357534877	1	0	0.292975426198514	0	0.253370049888643	0	0	0	0	0.428667310115258	0	0.192002830843422	0	0	0	0	0	0.104738739707549	0	0	0.280394287308518	0.117943028071055	0	0	0.103874037041964	0.111816570406902	0	0.14311088049348	0.064409220245222	0.0145075110213071	0	0.131910888417011	0.235826836815978	0	0	0.13595829049169	0	0.0142055802793562	0.0737023738181755	0.0621826741144436	0	0.0355974412278052	0.149098506816925	0	0	0.0399955547986037	0	0.0608526834886365	0	0	0	0	0	0.128980506852938	0	0	0	0	0	0.0917114036766811	0	0.202822982282535	0.127006261744318	0.107254610953708	0.190864972705642	0	0	0.0163303650939069	0.164058430286876	0.066976091939876	0	0.136465787522949
0	0.0267147162521584	0	0.0121349644886686	0	0.0328671516030307	0	0	0.207387251854442	0.0601402121557997	0	0	0	0.124619938395466	0.0603299238266437	0	0	0	0.196001510324221	0.197533825021539	0.0631589910542186	0	0.226045671932927	0	0	0	0.346714478911244	0.104726973511996	0	0	0.15035503018557	0	0.313676550663499	0	0.0507149449549565	0.112952426338996	0.0121425899383257	0.0763136236057184	0	0	0	0	0.12073717087832	0	0	0.0721616816236209	0	0	0	0.0394960274279711	0.0955601976984759	0	0	0	0.00937527595256479	0	0.108016092694189	0.183791425127128	0	0.156096932069387	0.0631622705882089	0.0626814573357574	0.0323017594767543	0	0	0	0	0.0413175565211052	0	0	0	0	0.0671037366684395	0	0.379153307977003	0.264881633334364	0.0261743031165854	0.287823193423936	0.054596693377076	0	0	0.0635462081980886	0.250730112634666	0.0779531400463047	0.053039945707199	0.204113294356347	0	0.0767752432506591	0	0.0269936794710473	0	0	0.110879246049638	0	0.0185912448648084	0	0.128976700364713	0.273195415137766	0.133598044562524	0.325918536611206	0	0	0	0.107313336442754	0.0429377337136837	0.240646363033272	0	0	0	0	0	0.0969468646122618	0.0860504559705915	0	0	0.176626174937459	0.14336735590626	0	0	0	0.180297934101829	0.207936445603193	0.0753276714534857	0	0	0	0.340120774595303	0.0220866442553807	0	0.215715830681179	0	0.226141643214071	0.032495899490862	0	0.54499553479542	0	0.183695040647859	0.2620586469137	0.0305820806257886	0	0	0.0615793287782678	0	0	0	0	0	0.14655850525707	0	0.0173830789368497	0.0588322114995301	0	0	0	0	0.097147450652232	0	0	0	0.224482802268288	0	0	0	0	0	0	0	0	0	0	0	0	0	0	0	0.00282876028923303	0	0.290874894722725	0	0	0	0	0	0.352688037111693	0.237814648648522	0	0.00839601603659065	0.068480275931786	0.00210571504033901	0	0	0	0	1	0	0.0112562928555116	0	0.0858561763457711	0	0	0.127139576239276	0	0.0612749471756834	0	0	0	0.0734799350632283	0	0	0	0	0.117448385138057	0	0	0	0.308213984384283	0	0	0.192530915832083	0.0540809511018822	0.319241065330783	0.0335734209523022	0.0138404475169096	0	0	0	0	0	0	0	0	0.26326353915744	0	0	0	0.0279223719896962	0	0	0	0	0.165899144211546	0.263169606337789	0.220273007573231	0.181516951106551	0	0.169197774829974	0.0815586014991221	0.126946371133383	0.140088352134461	0.345633154119948	0.420252885007757	0	0	0	0.111011264274377	0.407927582067517	0	0	0	0	0	0	0.00676952513100842	0
0.0143070773567583	0.309228582961551	0	0.023383518302923	0	0	0.0413867726350008	0	0.235664763860313	0	0.0445540914456911	0	0	0	0.0562706733185445	0	0	0.144402337323324	0.0844165854652532	0.135939879134107	0.190520531016532	0	0.19831021165524	0.0675882238780166	0	0	0.295023500483178	0.064439192704309	0	0	0	0	0.155263867975767	0	0	0.167049195893809	0	0.225940993323938	0	0	0	0	0.0907408215160605	0	0	0.0565122661835398	0	0	0	0	0.113596821633799	0	0	0	0	0	0	0	0.0920018462907298	0	0.0304559189743705	0	0	0	0	0	0	0.00630933615437214	0	0.0620685784877086	0	0.00873157603897584	0.254997146463448	0	0.353434519283709	0.355537868590863	0	0.159599192242347	0.191290423957081	0.110635414617474	0.243223655450507	0.21119642927335	0.159664347682646	0.49866598331347	0	0.424809694949636	0.155325813289369	0.170629159038038	0.0435526701369091	0.0587952297681687	0	0	0	0.119693247314493	0.269350756452053	0	0.307301428821332	0.370604411566412	0.329045416490659	0.464235679734828	0.0824193421641967	0.122999095422121	0	0.361013964843289	0.189012928139127	0.407874724798085	0	0.128712463664584	0.123938450100686	0	0.087728050665332	0	0.14902216524941	0.157040304769346	0.0928471450071869	0.313333670409057	0.0872917033681345	0.08531136809518	0.222926497955084	0.0498432438887691	0.420882975277854	0.0827199100890269	0.0287228005885992	0	0.110321682724663	0.086098329165145	0.014998789523905	0	0.0225552417344392	0	0.116519074984409	0.311410978239905	0.222410718247135	0	0.320329737745089	0	0.363773082378043	0.216839335934469	0.256394730528937	0.0578084114369369	0.192716953899044	0.257162746210447	0.0647366469089063	0	0.162254773616581	0	0	0.177680617530461	0	0.105401230563432	0	0	0	0	0	0	0	0	0	0.0938958824214976	0	0.10859538860619	0	0.0115088934043055	0.00414017059229603	0	0	0	0	0	0	0	0	0.0736981385579639	0	0	0	0.0294055832471229	0	0	0.148175372646418	0	0.025910528636627	0	0	0	0.0889308339470318	0	0.0143273713173265	0	0	0	0.292975426198514	0	1	0	0	0.300951237917575	0	0	0	0	0.0853655051482988	0	0	0	0	0	0	0	0.0106837381092919	0	0	0.0221008701615126	0	0	0	0	0.292250694398716	0.107989488017443	0.133696028789009	0	0.236661699526067	0	0	0	0	0	0	0	0	0	0	0	0	0.0363251321718439	0.0598394192691193	0.10984287555003	0.0363375510497924	0	0.184605979279357	0.263511806623198	0.140614278737489	0.0611888759495302	0	0.0827624138862874	0.183971178462094	0.111851242779773	0.273614628255722	0.295363440798946	0.378265465440306	0	0	0	0.15464714559239	0.0641111984082177	0	0.0781665405859136	0	0	0	0	0.0285338609374127	0
0.197372025467654	0.121668454041638	0	0	0	0.0117925230700174	0	0	0	0.00179134613560634	0	0.0366570149715294	0	0	0	0	0	0.238343685463652	0	0.0157409799764923	0	0	0.322728318048389	0.0138893891266421	0.19490352984373	0	0.0930922580722176	0.167815947843264	0	0	0	0.0141636349689487	0	0.118394675106651	0.350383093812216	0.0165859545801085	0	0	0.158937934492988	0.204268802469549	0.104878060634314	0	0	0.0861716324853505	0	0.0125136199183982	0.268299640046229	0.0164169746656012	0.0156116479147399	0.129646397495465	0	0.102274673802402	0.197129312017681	0	0.0257579184666341	0	0.0328388535168861	0.0327911397330495	0	0.0365318008679421	0.15663040864819	0	0	0	0	0	0	0.0350727411342055	0.139727681821553	0	0	0.0904718547012276	0	0	0.0380369854925211	0	0	0	0.0348955550058019	0	0	0.185136171663046	0	0	0	0	0	0	0.0395612209638852	0.208038818865927	0.0745082533007668	0	0.00910524575317151	0	0.21636635168819	0	0	0	0	0.0336354014401248	0	0.287038203342074	0	0.0111247947594042	0.179139041511319	0.148216816074615	0	0	0	0	0	0.0377018034387142	0	0	0	0	0.303091499735261	0.167324832459425	0	0.208827263932245	0.178517217449579	0	0	0	0.0258743506742697	0	0.0318465624592006	0	0.391371747858274	0	0.177279975363699	0.212764473560828	0	0.323188201325202	0.212730504397529	0	0.0792916562468191	0.203310046969663	0.143770513280676	0.185250651703506	0.290616416728617	0.249819368567231	0.251803607594023	0.073844031510991	0	0.0379670249536978	0.335669489844409	0.284649458771023	0.111095872109051	0.349524473958123	0.0952098033517418	0.0231832405615043	0.0814344616467161	0.0906211746335645	0.185834387396087	0	0	0.141486391713234	0	0	0	0.11577852835633	0	0.00489504948109421	0.324863421241473	0.0247247506381902	0.0745594675478665	0.139494091952307	0.264158594812068	0.181478167288548	0	0.128662279285293	0.13739930624277	0	0.0403686685429599	0.137592933659158	0.00945732736442472	0	0	0.0835222626623469	0	0	0.248308070037931	0.0365191551078781	0	0.0176423561618799	0.362233479978785	0.146152625059366	0	0.193422804006049	0	0.174512607720881	0	0.0112562928555116	0	1	0.0278576631363962	0	0.0787268661921516	0	0	0	0	0.0278254331072758	0	0	0	0.079490794463446	0	0	0	0	0.106489432580731	0.252365576982871	0	0	0	0	0.0259963412217599	0	0.030466621603924	0.00254001514293397	0.0412620781282515	0.04233990966777	0	0	0	0	0.0571902352107335	0	0	0.0312673283790262	0	0	0	0.0632783610137812	0	0	0	0.0689691915798085	0.0249715890726326	0.191148020227618	0.0684042575042709	0.138614265336649	0.196135750970369	0.0185323805603989	0.0236190852962847	0	0.057327771551805	0	0.355084059709446	0	0.122879810025579	0.113629703969811	0.0493861777824071	0.137310604632165	0.0781146113294541	0.274787095873073	0.0346248275684694	0.12537281983868	0.0784544365588191	0.141733260430093	0.136390507054504	0
0	0.180828730145152	0.00417962385244516	0	0	0.0609209301806225	0.124143905476405	0.0574807921146507	0	0	0	0.167063170458482	0.0274771054468956	0	0	0	0	0	0	0.331993394445489	0.0783452113614486	0	0.0123967390099112	0	0	0.134466932368559	0.206508871249371	0	0	0	0	0	0.207074453674128	0	0	0.123939801886092	0.0131069828700196	0.276455361734839	0	0	0.0693524739868844	0.0251638317305714	0.133402032174796	0	0	0	0	0	0	0	0	0	0	0.0293393689606553	0	0	0.0457620343055133	0.0288948139042704	0.249995870845195	0	0	0.147214128463548	0	0	0.0377483270364708	0.185338491067821	0	0.284809225707068	0.22437391341953	0.238241187156801	0	0.0535989433825418	0.0102182122424707	0	0.272502353941231	0.384129983026114	0	0.341192517695505	0	0	0	0.0788121478441765	0	0.407192474470887	0.0335549514898478	0.0395330826843818	0	0	0.0244286567436152	0	0	0.0311779828944116	0	0	0.214711798538472	0	0.170059498124659	0.180996493131391	0.120878783232987	0.206867539896759	0	0	0	0	0	0.342295582795885	0	0.290435306221485	0	0	0	0.00477162251448056	0.00707994273851606	0.146793572404257	0	0.183953631751899	0	0	0	0.066096169355528	0.184750410889408	0.372729431535361	0.00786656818853057	0	0.0935283253791492	0.229742021277833	0.108237659030322	0	0	0	0.0517417734146221	0	0.190525503990051	0	0.249996656173289	0	0.440470125691098	0	0.0560834180356168	0.0806633116440089	0.113652772342573	0.282930447255913	0.0559257541408562	0	0.0782017869027346	0	0.0698873466026574	0	0	0	0	0	0	0	0	0	0.107268949211651	0.122873396210588	0	0.183416841544483	0.0969978464554866	0.0810758261443619	0.0991370862448054	0	0.414493775025315	0.0307284837306023	0	0	0	0	0	0	0.203760173269418	0	0	0	0	0.0702535772149717	0	0.267970227110825	0.120283952835476	0.223342126409333	0	0.0615635017429847	0.111656443865289	0.163178999105437	0.158505864402742	0.248959771012224	0.098750736490926	0	0	0	0.253370049888643	0	0	0.0278576631363962	1	0.131882199867392	0	0	0.144019188323142	0	0.15256033508263	0	0	0.085504863308826	0.152815895715139	0.15493593020004	0	0.0415442684387726	0.0634959271030392	0.241403519767007	0	0	0.103505973649909	0.182098626513683	0.0025071545545505	0	0.182603083355953	0.0359822670314711	0	0.0331194676414216	0.190612271855082	0	0	0	0.0616557045956063	0	0	0	0	0	0	0	0	0	0	0	0.0916600925947763	0	0	0	0.157575326899782	0	0.370576908621596	0.0489349085517104	0.229572228789591	0.19722335578647	0.424887685874602	0.447850174478324	0.129500245312489	0	0	0	0.0510056269614663	0.191641896718093	0	0	0.126959074305147	0.00596839991585936	0	0	0.189504155657664	0
0	0	0.115341680909231	0	0	0	0.0834295004723701	0	0.0225145484642692	0.151762377470131	0	0	0.00104628808008394	0	0.0685626428817487	0.274769002907927	0.200535072415534	0.0672786979891883	0.0716571423137992	0	0	0	0.0425158182750865	0	0.135513674404585	0	0	0	0.152314767268155	0.0975303807177192	0.0595957527892964	0.334937254211222	0	0.0980997760447901	0	0	0	0	0	0.00277193539940073	0.0685185274045147	0	0.0233455698320396	0.0109383432481167	0.155707557176031	0.0532608625242052	0	0	0	0.109856916609807	0.106737831881804	0.108573077573593	0.0304713786820397	0	0	0.296079083415775	0.0375308438170527	0	0.0745757625639453	0.352717778669104	0.399213050666973	0.221108031702161	0.100653104200463	0	0	0	0.129665505798143	0	0	0	0.00514708287398684	0	0	0	0	0	0.0779783541542161	0	0	0	0	0	0.0103870916809916	0	0	0	0	0	0	0	0	0.0877254736904826	0	0	0.0662552100909444	0.219258210099777	0	0.0279985189562709	0	0	0	0	0.225468654297442	0	0	0	0	0	0	0	0	0	0	0	0.00214869880148046	0	0	0	0.00835007907025416	0	0	0.0426833603781118	0.269050467272983	0	0	0	0	0	0	0.0664564156504988	0.00615801026139444	0.0484875673546668	0	0	0	0.145109738140466	0	0	0	0	0	0	0	0.11887767263146	0	0	0.274137932242922	0	0.170811984114691	0.0221237574864417	0	0.164739743176835	0.0166587817759904	0.221561945211392	0.0688045489852236	0.18026863474367	0.193931399306763	0.0573232461874838	0.258653691167713	0	0	0.0711619213027308	0.222464627221905	0	0	0.264737029750605	0	0.0367666276995891	0.0813535698246148	0	0.204653246494444	0	0.061251772553221	0	0.0876641158414051	0	0.137517798767235	0	0.0862020815869122	0	0	0	0	0	0	0	0	0	0	0	0.228571340966853	0.192008524165177	0	0.0858561763457711	0.300951237917575	0	0.131882199867392	1	0.122585265696099	0	0	0	0.0647591682724111	0.268136056840338	0.0984451527586894	0	0.0982195183821901	0	0.0556704751780377	0.0772295690805437	0	0	0.0330289296012671	0	0.0209362080240155	0.116473620285333	0.201298426956404	0.116791615275312	0	0.00660832778915116	0.0493460092375883	0.184995374032524	0	0.222654649868554	0.209563612040595	0	0.153468965427317	0	0.23202507811105	0.152644533694351	0.0806204805539162	0.102759730824451	0.119927052388209	0.126620007007896	0.0740887466147675	0	0.0850966282559306	0.203167962086715	0	0.134735567544456	0	0	0.131704331982581	0.159810153442511	0	0.059967330154428	0.0433087278296587	0.00455612735537026	0.0146246703711388	0	0	0.235649607668166	0.0667014794620805	0.0780048346038023	0	0	0	0.066201158136014	0.037626388417666	0.0799599464495929	0	0.33337133789334	0.115130672962256	0.0494942438829301
0	0	0	0.165239751061985	0	0	0	0	0.346663873576466	0	0.153090612550131	0	0	0.0608076976904438	0.116948588515641	0	0	0.0723599910232706	0.422958619245848	0.264167370791616	0.109048874878579	0.1636274330601	0.0837209465784385	0.128616456097417	0.0420410013691947	0.0287925781305971	0.0693621087972061	0.155385687272624	0.0151169504973883	0	0	0	0.187745310233001	0	0	0.154860912264633	0	0.248283364579333	0.0411381327393899	0	0	0.073433714161412	0.126363002742872	0.0081616887672875	0	0	0	0	0.16540390255342	0	0.0169681176544071	0	0	0	0	0	0	0.276864617244738	0	0.131979954508572	0.0950753483244146	0	0	0	0	0	0	0.00960537345832738	0	0	0	0	0.0859011019419126	0	0.328123349599691	0.358124510702859	0.129041162471364	0.184950516979273	0.155826523443088	0	0	0.0922736066913578	0.0871994560913258	0.155892883196983	0.216826625418541	0.298558895139487	0	0.105487298502751	0.190283471901427	0.147694128818621	0	0	0.0375721429509835	0.243517604999138	0.102035823741808	0	0.096863837134573	0.192468797124193	0.187682420282091	0.313953790621353	0	0.0568339367927109	0.0276371318487453	0.273151237304902	0.255970279016743	0.346437341219034	0	0	0.314378640642329	0	0.0839770725721299	0.147500910054725	0.186796120400913	0.141271822188286	0.236392921595284	0.147701210643593	0.00181846850273484	0.00777907429888919	0.282796200357897	0.0171327693619717	0.345501965858558	0.117819801695238	0	0	0.0463040703988953	0	0.0853371748393467	0.0736781371240553	0.141200313313597	0.206120211356401	0.00206426711088054	0.0141236157651887	0	0	0.162391314942231	0.0788059250134264	0.241533095558173	0.206788347445472	0.0581533714017099	0	0	0.112386010315397	0	0	0.196534130791066	0	0	0	0	0.0518869131957693	0.106398730931005	0	0	0	0	0	0	0	0	0.174852537908243	0	0.0903606341274202	0	0	0	0	0	0	0	0	0	0	0	0.0541584194739174	0	0	0	0	0	0	0	0	0	0.115575173381611	0	0	0.0676755625062797	0	0	0	0	0	0	0	0	0.0787268661921516	0	0.122585265696099	1	0	0	0	0	0	0	0	0.0580138644876895	0	0	0	0	0.0993235182922078	0	0	0	0	0	0	0.0549890682740734	0	0.280914588543719	0	0	0.0312055950886609	0.105216133010141	0.039383121526724	0	0	0	0	0	0.284194859029597	0	0	0	0	0	0.194138466135131	0.0217487520604593	0.0515506637127741	0.332632449748174	0.223750888194729	0	0	0	0.202481354642825	0.0199950857819489	0.00959388376931182	0.106182177225095	0.332474302255623	0.0713525592010715	0	0	0	0.296802359336785	0	0	0.204369714608116	0	0	0	0	0	0
0.112568966709707	0.124198999507377	0	0	0	0	0.0595574666387619	0.0855960733586356	0	0	0	0	0	0.0605201622765845	0	0.0533157170062223	0	0.0982744401950769	0	0.176348330469619	0.0524665588508766	0	0.213329897424953	0	0.165071348428024	0.136097098111746	0.10346748610097	0	0	0	0	0.190789055780978	0.0425664607655199	0.0671046062071567	0.0153390499575148	0.0584529520192391	0.0569255190045214	0	0	0	0.0239205389858168	0	0.0444440506630832	0	0	0.202966981015405	0	0.069593197955297	0	0	0.088700714054649	0.0205371524108134	0	0	0	0	0.0429271742552837	0	0.136453578198458	0.186064096911365	0.0258634146304395	0.0608060911198534	0.158507201291644	0.0912214799381397	0.0825120291613853	0	0.130713401708303	0	0	0.0247991626070392	0	0.00989777728360956	0	0	0.117829205809983	0.185112316156578	0.23510128925787	0	0	0	0	0.304171020212971	0	0.119042190713931	0	0	0	0.0678878583199685	0	0	0	0	0	0	0.210402540512759	0	0.00489888754272511	0.228513186792966	0.100731970821158	0	0	0	0.10889138852115	0	0	0.0439591609015383	0	0.0707956173575608	0	0	0	0	0	0.0106751296075168	0	0	0.0686677790466175	0.0431694960422208	0	0.126189869088793	0	0.00729743201484601	0.114197677355512	0	0.0630485907320302	0.179848622595224	0.00507134347312061	0	0.160728668683766	0	0.112143900943941	0.0606517717328602	0	0.160881232612516	0.183045813514079	0	0.0493430089408675	0	0	0.0179208655365525	0.0560115450646414	0.119523048225544	0.15081135895888	0.133151625801991	0.052292006335459	0	0.307881118049776	0	0.0354535865613091	0.123629663994437	0	0.0952608346903778	0	0	0	0.0338561403425583	0.0658772828028961	0	0.11734684079896	0	0	0.0638621221033099	0.175135224848438	0	0.189307005981996	0.0525539225593004	0	0.0733818899418496	0.0299571870086697	0	0	0.151294327788713	0	0	0	0	0	0	0	0.00300185530550396	0	0	0.129470176454268	0	0	0	0.0514721635604346	0.0614676228460661	0.189533753583676	0	0	0	0	0	0	0	0	0	0	1	0.00356968511536365	0	0.243948757690461	0	0	0	0.153222748306481	0	0	0	0.0491623556853202	0	0.0439602978311744	0.00862404282127988	0	0.147577027300559	0	0	0	0	0.0510820987728603	0.192020353315866	0.0450025525791531	0	0	0	0	0	0	0	0	0.0641523761357013	0	0	0.0371317707486356	0	0.105818681588972	0	0.0926790572392477	0	0	0	0.0206670229968923	0.196638407979993	0.0398241087196016	0.118060424535432	0.0309811924685753	0	0.213352829023222	0.118975470489422	0	0.101998178929004	0	0	0.12756924593047	0.0938767423035421	0	0.0181077752859679	0.156005463050894	0.014918587848865	0.126646748321709	0.0278654193599599	0.224429034741916	0.133337110208506
0	0	0	0	0	0	0	0	0.14434875974686	0.109023105791414	0	0	0.117040228774602	0.0849903338347625	0.0537497579355902	0	0.0958248411817227	0.0209101801327798	0.0394189894200185	0	0.0478639891143744	0.0822783527969755	0.203854492208076	0.319749382149253	0	0	0.117839656993733	0.0473875000421705	0.0380744401546371	0.296561509120171	0	0.0160392138702028	0	0.330936550665777	0.116735596133068	0	0.0394548202348053	0	0.171635230793661	0.130486551990536	0.047092642662789	0	0.0790388042184304	0.259720614136748	0.056086608840491	0.0132804313542218	0.280901495751966	0.00315949549078536	0.120779884326135	0.0143702876501597	0.178466184949805	0	0	0.150377221178396	0.0814718481958138	0	0	0.0508150410847748	0	0	0.167102042463035	0	0	0.0454890646379235	0	0	0	0	0	0	0	0.160318921915818	0	0.0353840007787327	0.0240213836443308	0.0149698030287819	0	0	0.265302568210847	0	0.110842615675391	0.252222993344216	0.0152244405095954	0.132683624025166	0	0	0	0.301701353826959	0.251453306099737	0.0340119678382255	0	0	0.186119139855883	0	0.0566061944301313	0	0.0740484065184658	0.411213278286635	0.153160287403022	0.0255823003943621	0	0.116093788300159	0.398158287312022	0.288559696276423	0.0960049947541734	0	0	0	0.312615310263133	0	0.0400030986620385	0	0.464403554307966	0	0.373975120717085	0	0.336236106257365	0.0978182178769014	0.17689527352173	0	0.102444290549878	0	0.127723408070961	0	0	0	0	0.0720757530621134	0.228340278787289	0	0.0383598069707414	0.295918246815366	0	0.168852026138874	0	0.191321923733664	0	0.37649343999462	0	0.20007558063073	0.126001191590648	0.0582447671551214	0.0300207072560193	0.331687689793038	0.197395680936745	0.250478490397046	0	0	0.0509336272479224	0.177623319624355	0.0906028440748434	0.214136764626058	0.178635954348436	0.0244889036108385	0.0919822870765884	0	0	0.218929650680985	0	0.0474926961778411	0	0	0	0.188466695269817	0	0.0525075240954565	0.00383272075830589	0	0.0397350343572409	0.11401928306891	0.21886150053524	0.0279992415396419	0	0.00923018197898594	0.0413691093493119	0.120297895192753	0	0	0	0	0	0	0.22044825106831	0	0	0.00260306806576567	0.135518317223782	0	0	0	0	0	0	0.127139576239276	0	0	0.144019188323142	0	0	0.00356968511536365	1	0	0	0	0	0	0	0	0.282822434417237	0	0	0	0.139252429759696	0	0	0	0	0.0616993624876747	0	0.0188331730269138	0	0.169024229871383	0	0.271852239713756	0.217782049081619	0	0	0.0292000185901151	0.186929844068756	0	0.0921266096348785	0	0.0542618259514347	0	0	0.172476431619282	0.195589766245336	0.209137379268659	0.202500147634387	0	0.0921832956748491	0.154718041156028	0.164482333725253	0.0258470683846445	0	0.221066210534342	0.0482910867323122	0	0.108619579570699	0.0194614559031163	0	0.141669616388659	0	0.132835754627986	0.0872291298860986	0	0.123827258726371	0.158315287419722	0	0	0.133117332286564	0	0.0215579971476078	0.0912552938864804
0.184370718416456	0.0352946081257765	0.12506014141655	0.187854638151085	0.233868710012588	0.308557202027837	0	0	0	0	0	0	0.167512482149483	0	0.0431850679577379	0	0.0724762307010401	0.287059874900268	0.0255253175873015	0.152917201055816	0.243936627233988	0	0.378515878917675	0.00834706663679563	0.104077605557783	0.257029670713649	0	0.41045728254354	0.0117657104180582	0.0210802970716646	0.335390831988751	0.355252365498964	0.103159545422757	0.354772615113408	0	0.366550014532959	0	0	0	0.187770510860066	0.0747248902250508	0.127091182834666	0	0	0	0.081006547164761	0	0.0993566324454007	0.201446605519008	0.528698897305481	0	0.121109958170475	0.17081114480871	0	0.00481471831225931	0	0	0	0	0	0	0.191608920904179	0.18706745423178	0.139400158028194	0	0.133659402958306	0.102374181842917	0.276883945627638	0	0.184453324399618	0	0.0959992184507917	0	0.124079503582622	0	0.121663627247792	0.095203143978051	0	0.152697736762105	0.142770073196256	0.0558911394798347	0.163381016651119	0	0.327991712416396	0	0.2149482947746	0.0723822100660798	0.210782270321912	0.168289587921269	0.389145599556306	0.178602514919763	0.172139460996253	0	0	0.262569110773721	0	0	0	0	0.185667143355409	0.127737419986181	0.21652895545405	0	0.320724684483036	0.113423461216779	0	0	0.0512805765884611	0	0	0	0.222142805197985	0	0	0	0.270941894033172	0.159405704078365	0.240437677941504	0.031285769459257	0	0.191686358490057	0.155980919200779	0.140721557177695	0	0	0	0.366743029741309	0.0526384972904527	0.271716638219164	0	0.312208211355358	0.159274181200379	0.268623514767487	0.17192172445741	0.0890484534226778	0	0.234746683843479	0	0.242327154462848	0.0677441145247495	0.12167101050187	0.33152240473962	0.0945742427041441	0	0.246057002086385	0.0212829213071375	0.419534085811907	0.047713656423798	0.335992334121453	0	0	0	0	0.0824034965203536	0.285425013862073	0	0.0557673084689687	0	0	0.0426578067687431	0	0	0.136227151480633	0.0981573066561901	0.107460807493875	0.183040474598863	0	0.0501002182263645	0	0	0.074291502450824	0	0	0	0	0	0.026851622615377	0	0	0.194743090409371	0	0.145593175130712	0.0394987791307083	0.385104434984403	0.0961702949465411	0.279284572660264	0.15945141694583	0	0	0	0	0	0.428667310115258	0	0	0	0	0	0	0	0	1	0.347443836982285	0.079243204950876	0.0130490320044811	0	0	0	0.090404012250127	0	0	0.0509631771157552	0	0	0	0	0	0	0.250416994093379	0	0	0	0.0830214545673045	0	0	0.0971078909586782	0	0	0.0806648476510605	0	0	0	0	0	0	0.280076092775239	0	0	0	0	0	0	0.318121752980497	0.170439267278934	0.205801997526281	0	0.0668929430898678	0.0489691526014242	0	0.146406486147128	0.107869807874692	0.0723080518005753	0.110581303228476	0	0.166003408878834	0.0167163379143808	0	0.0964873055051302	0.128334515343444	0	0	0	0.162583843469228	0
0	0	0	0	0	0	0	0	0.078554925594517	0.290170861961827	0	0	0	0	0.0674222230495948	0	0.0189438850393128	0	0.402689449951687	0	0	0.125358643439582	0.0510753304136615	0.149431083522286	0	0	0.0709133050169751	0	0	0.141790527777679	0	0	0	0	0.127739594370815	0	0	0.217667977779791	0	0	0	0	0	0.200208919284206	0	0	0.264968540963219	0	0.170054402624548	0	0.010241173967685	0	0	0.10829143964076	0	0.00642153816264273	0	0.168000639075007	0	0.26555794976722	0.0833108104226217	0	0	0	0	0	0	0.0385867742598172	0.0458663351663896	0	0	0	0	0	0	0	0	0.0196100057507446	0	0	0	0	0.0631026573999469	0	0.233811507357106	0	0.00542011277151446	0	0.0164594431315553	0	0.0128770070164365	0	0.225410746699111	0	0	0	0.0784192758045585	0.138982523176321	0.0275805181620428	0	0.0650793166448259	0	0.196050481274448	0	0.0912349112376594	0.0326456324729618	0.0389859106957729	0	0.351481607337979	0.357347013231825	0.252839195353446	0	0.287801872719772	0	0.107913310340717	0	0	0	0	0.109904842971005	0.0102245521522118	0	0	0	0	0	0	0.0213197200394018	0	0	0	0	0	0.197421939329245	0	0.274349758943843	0	0.0216206796120992	0	0.0456377698800099	0.0760900302345721	0	0.0563535305025132	0	0.0849770377124868	0.24163010831455	0	0.157994741811384	0	0.0080562687436126	0.153948328582812	0.0952949793800873	0.236726756219837	0	0.0777612856985189	0	0	0.0856990325458494	0	0	0.014097203952343	0.0279334749632542	0	0.158391138615164	0	0	0.189016707554626	0.0512986061111293	0.156285140499981	0.172376332393606	0	0	0	0.00139094959159917	0.146950325650415	0.0465432069930766	0	0.0763354736406946	0.163862516689234	0	0.0238906279895468	0	0.168106428908325	0	0	0	0.101534654454093	0	0.0492168026245563	0.189210208837158	0	0.0644290872843129	0	0.0612749471756834	0.0853655051482988	0	0.15256033508263	0.0647591682724111	0	0.243948757690461	0	0.347443836982285	1	0	0	0	0	0	0	0.368018539619707	0	0	0.0861650611692464	0	0	0	0.0258319546239172	0.000500975704388336	0	0.25440981842245	0.0789914259741714	0	0	0.360220070761741	0.393233495232963	0	0.0901405387763726	0	0	0	0.126961421463738	0.0147704596346479	0	0.0225181465666643	0	0	0	0.16028078912606	0.122962799161145	0.202217128250131	0.0705803052253709	0	0	0	0.0203976386677981	0.0869251003561853	0.0919640084056018	0.170050566151884	0.0337189531266096	0.130147849874762	0	0	0	0.189326016858748	0	0	0.106176957040007	0	0	0.0269392293866064	0	0	0	0
0	0	0	0.121589627076521	0	0	0	0.0703663059052701	0.310514506239444	0	0.0974653915733004	0	0.0525092949781617	0.0235178994002772	0.070623559556067	0	0	0	0.10643935158055	0.0367329457507817	0.0166732369568396	0.0582264151307512	0	0.162733461419605	0	0	0.340043636510654	0	0	0	0	0	0.0343793566874345	0	0	0.0439635091564103	0	0.266286598372173	0	0	0	0	0.0474375108558948	0	0	0	0	0	0	0	0.0175873561339957	0	0	0	0	0	0	0.0876834359706293	0.0722697964007395	0.0455896831243449	0.0982898224841679	0	0	0	0	0	0	0.0100460343281547	0.241369493772039	0.0624607244762351	0	0	0.184343160533221	0	0.202312677304041	0.46790363259552	0	0.0496325302414514	0.178555247488641	0	0.183229564090531	0.228682982184923	0.0843798243921528	0.307108393026606	0.0933595370709975	0.258514560777199	0.258964293474638	0.202933385465382	0.135575005645411	0.0849615943162986	0.0648036829135276	0	0.0158586975403806	0.0910392641355591	0.138009126093747	0	0.427529325364758	0.427197528370331	0.29106426042726	0.34495300552336	0	0.0809875557572487	0.175785820996389	0.348441458627843	0.307561484310175	0.566501216555876	0.00805797850804513	0.24229272646217	0.46347415935832	0	0.219620899132907	0	0.370820392321962	0.307768963779574	0.313489276034323	0.141202251098793	0	0	0.0914207611737182	0.122368168979327	0.37789270153311	0.0631685905784367	0.0632713229167704	0	0.0692191099459276	0	0	0.1589481681561	0.193535876821166	0	0.0293713424101521	0.100709556020087	0	0	0.0843941712166707	0	0.333306317005203	0.103030454592898	0.0696772160913726	0	0	0	0	0.0846244401915597	0.0672648337790671	0	0	0	0	0	0.132700194191332	0	0	0	0	0	0	0	0	0.307617153333249	0	0	0	0.0290687640190129	0	0	0	0	0	0	0	0	0	0.171400327924771	0	0	0	0	0	0	0.163114360680497	0.00374889159759696	0.00553743151786937	0	0	0	0.237696394983923	0	0	0	0	0	0.192002830843422	0	0	0.0278254331072758	0	0.268136056840338	0	0	0	0.079243204950876	0	1	0	0	0.128582532800869	0	0	0.0501304347727431	0	0.0410397918465695	0	0	0	0	0	0	0.199905929867419	0.123123201323454	0.217809879191794	0	0.186568949651006	0.118971254046214	0	0.0147082583443243	0	0	0	0	0.0281490528462485	0	0.0451210566607414	0	0	0.151558032189315	0	0	0.256450101815797	0	0.161243886619578	0.165022132731303	0	0	0	0.0142019694936451	0.229811030637014	0.14088724929759	0.322785832676073	0.444887573983157	0.0785831602606903	0	0	0	0.102345374657986	0	0	0	0.0473700574338094	0	0	0	0	0
0	0	0	0	0	0	0	0	0.18959614295747	0.0174446241819507	0	0	0.282477945404003	0.0886739997657038	0	0	0.0373155385238638	0.00398457880471604	0.0148772409720416	0.140059458277951	0.0968008101436213	0.102456080690068	0.18231880419686	0.229598898961809	0	0.180264186878271	0.267811830934268	0.00362610867195735	0	0.187234121118448	0	0.0643990928761549	0	0.136953345540087	0.260145973416785	0	0	0.227741369592451	0.231516179935038	0	0.0963587096461932	0	0.0727667886370304	0.0838465624642273	0	0	0.334761112416691	0	0.165674147181977	0.0141801382608707	0	0	0	0	0.0401252566571504	0	0.0580490744701995	0.124246876963835	0	0.0268621378034103	0	0	0	0.127115409069215	0	0	0	0.0756367552794964	0.00750849282797983	0.0454528772832303	0	0	0.0841116127738892	0	0.0314338343857875	0.0595881186427284	0	0	0	0	0	0.226792332534964	0.157276160883394	0.243712451386156	0	0	0	0	0.158493494200002	0	0.0659291457262237	0	0.0712273512917089	0.0470324299114685	0	0	0.24264642614052	0.474055082795967	0.202617765247312	0.135398864920693	0	0	0.378166984612865	0	0	0.12692499384938	0	0	0.187838506768978	0	0	0	0.150241493523191	0.0817178618313122	0.158817667387	0	0.161691015733812	0	0	0.138071440041597	0.0522860059769843	0	0.337406544345109	0	0	0	0	0.0867024062919567	0.305007198606888	0	0.0389404555449373	0.0553035815876369	0	0.168984033699155	0	0.0681487204219675	0.0463421647454627	0.167391280279366	0	0.129877589111032	0	0.0912767278302513	0.160511005946833	0.218985896691826	0.322698436316951	0.213045482666828	0	0.239600227438213	0	0	0.124386226510469	0.223115655181604	0.224198715194977	0	0	0	0	0.194455883642557	0	0.13183612292777	0	0.0463319087335269	0	0.279065943366151	0.0520650344331362	0	0.0272973389568671	0	0.11525821577053	0.103921645758095	0	0	0	0.0128722731052705	0.121831110567334	0.272959451544625	0	0.06128099577226	0	0	0	0	0.250125881785002	0	0	0	0.390535071043052	0.229047247854968	0	0	0	0.0221141884163421	0	0	0	0	0	0.0984451527586894	0	0	0	0.0130490320044811	0	0	1	0	0	0	0	0.179075468966449	0	0	0.200079613624584	0	0	0	0	0	0	0.288030641474195	0	0	0.0717925293595978	0.127910245888151	0	0.162889062951146	0	0	0	0	0	0.13969670974027	0	0	0	0	0.00982253530717637	0	0.201111784699909	0	0	0.0331345458435925	0	0	0.125830011212296	0	0.329195853230758	0.236615779257251	0.317530568735395	0.3028426941576	0.0793451220780667	0.14295903300126	0.067565510506452	0.187185295123023	0.0155820788556202	0	0.111616994362682	0	0	0	0.105710924852679	0	0.234271044359412	0.0606020786287047
0	0	0	0.0646848345284096	0	0.140620355987605	0	0	0.0372011028142124	0.301385231835536	0	0	0	0.0402211436780595	0	0	0	0	0.0758380496875351	0	0.0381047775964303	0	0.346418845708544	0	0.0239137471023093	0	0.144009677394794	0.0462294375156386	0	0	0.0621479757459022	0.0782122845523155	0.238256866662234	0.0372703397824167	0.0497995618416514	0.0658865909103079	0	0	0	0	0	0	0.161593627539846	0.0200364108010623	0.0254524001197088	0.191508153334268	0	0	0.236718482306349	0.104959017864819	0	0	0.0607696262599058	0	0.09308230001596	0	0.014575842037911	0	0	0.129584929233233	0.0660773147567452	0.170667973581526	0.16429715073907	0	0	0	0	0.000291049228122131	0	0	0	0	0	0	0.247458611748221	0.0253423830381819	0	0.0495660090554892	0	0	0	0.089221791488892	0.412964764155168	0	0.192129732316185	0.0837876791470491	0	0.0381974248461573	0	0.063966470536406	0.00225357207412485	0	0	0	0.171150771338018	0	0.0710425225952545	0.183404521315554	0.283924995228481	0	0	0	0.200802050989518	0.107214604646601	0	0	0	0	0	0	0	0.026083352484669	0.115846224425422	0	0.0997093940452505	0.119375019820377	0.180551862431172	0.0533032257497817	0	0	0	0	0.0676329767704926	0	0	0	0.44418517484893	0.0131630324398976	0.0743256003589543	0.0309408755368756	0.0510265693359895	0.0893689039797575	0	0	0.236003831874391	0	0	0.244965882221722	0	0.0830614040607754	0	0.0499301567484548	0	0.0431424940367282	0	0.0477138487645639	0.111233413738407	0.12528449491001	0	0.112834211264069	0	0	0	0	0	0.0532488823398414	0	0	0	0.174942638999044	0	0	0	0	0	0	0	0	0	0.136605761498463	0	0	0	0	0	0.195099784118734	0	0.252838099810811	0	0	0	0	0	0.502713630131411	0.155035011821865	0	0.0707993551363353	0	0.192977502049168	0	0	0	0	0	0	0	0.085504863308826	0	0	0	0	0	0	0	0	1	0.206001311063595	0	0.0856527761428002	0	0	0	0.0779820831610659	0	0	0.0803292201473603	0	0	0	0	0.211069265666449	0.1098326572519	0	0.331449554354224	0.259868275480225	0	0	0.0623846006204246	0.0724238675247749	0	0	0.197827694582449	0	0	0	0	0	0	0	0.0504262520280214	0.0940034005885373	0.18592425490541	0.197803235398766	0.101183596226453	0.0154535953578003	0.135232589647895	0	0	0	0.377001952944288	0.123378542552166	0	0	0	0.0302682057749678	0.0478205997682387	0.0941128787889824	0	0	0	0	0	0.0200249173362927	0
0.250388334853939	0.131761560792795	0	0.315375672316441	0.362124892446907	0.0252878712512752	0	0.0819152675076736	0.296773820257992	0.00044275401626928	0.185554441945064	0.0873015181034887	0	0.0851458806428377	0.227544363905113	0	0	0.0740753984089419	0	0	0	0	0	0.0473004472254029	0.119467788998096	0	0	0.226123541958539	0	0	0.101703477928262	0	0	0.100471805718832	0.0953271706916088	0	0.229154167575203	0	0.066935684005936	0.236830303231125	0.328864963007914	0	0	0.187101015477391	0	0	0.109855167048052	0	0.105903291358414	0.0678401068272218	0.195010918852043	0	0.101122942184961	0	0.140325352519285	0	0.0616926407199994	0.157141494462286	0	0.039094336003157	0.00254688980050932	0	0	0.0694990964737712	0.0406357036037942	0	0.220778113172254	0	0	0	0	0.176352830232947	0.128258096597752	0.181135556918737	0	0	0.151508016598431	0	0.247448388750904	0	0	0.0757529819786387	0	0	0.148035538928419	0	0.0839277213157992	0	0	0.17803888448825	0	0	0.0559872013139102	0	0	0	0	0	0.0180826501790452	0	0.250995348751492	0.243913639931263	0	0.00492850501403253	0.159494345632662	0	0.164518282961246	0	0.0471890232739999	0.228450141392743	0.190347515968575	0.279345020896715	0	0.0719240753561379	0	0	0.24755554834303	0.15719314082708	0.0579155386415008	0.0858971439874743	0.198167599196923	0	0	0.0840011848510877	0	0	0	0	0	0	0.0598360374691849	0	0.0351706688914295	0.0756596927020232	0.0530031240265859	0	0	0.192654099934418	0.181201990817373	0.13513923836046	0.0807874319107221	0.121022821778279	0.227073258406346	0	0.103392234954714	0.177717184978428	0	0.0897568301076116	0	0.192020363644829	0.282572910814694	0.32141821363859	0.186963139145379	0.035402284336191	0.151700316590288	0.105661542177609	0.0138282158481724	0	0	0	0.0568906811556567	0.116479057139555	0	0.162378525850349	0.0390611773712369	0	0.182486404425135	0	0.218081778131894	0.181245166313786	0.13760631092229	0	0	0	0.198674227665929	0.114199976273393	0.15742785036794	0.126201367274986	0.0833066066504203	0.198482167766841	0	0	0.123434920885691	0	0.0308230640519933	0.0693284073406408	0.163893605710808	0.0811190689075845	0	0.148665835750849	0	0.0610281754831787	0	0.0734799350632283	0	0	0.152815895715139	0.0982195183821901	0.0580138644876895	0.153222748306481	0	0	0	0.128582532800869	0	0.206001311063595	1	0.109148047643552	0	0	0	0	0	0.368119738324101	0	0	0	0	0.0824097554734096	0	0	0	0	0.0622882252575758	0.119358645114821	0.0721798217444433	0	0	0.0571222775239712	0	0.168905751450146	0	0.00589605056621643	0.0276938253066426	0	0.0572089020427896	0.140849159987487	0.140416378918596	0.162194612466595	0	0	0.0302737051839411	0.0953733729562943	0	0	0.233474173766185	0	0	0	0	0.279808512331078	0.249442813847443	0.349629427087074	0.355118065295229	0	0.128194344372552	0.0693006607534753	0.0483108119171828	0	0	0.148916930451818	0.0497421587272329	0	0.0924439045091285
0.00264768935519091	0	0	0.078493486726426	0	0.0617579788512372	0	0	0.134638136185662	0.151486107815179	0	0	0.00154559843497377	0.0310120103704003	0.0541255649885644	0	0.0286471761626396	0.0470980977167437	0.237789396409214	0.148437202192251	0.239806104224879	0.0353824784941046	0.0589926087812284	0.085329980198664	0	0.0807043552084126	0	0.174573474140554	0.0472313647258519	0.160854607163369	0	0.167890498877638	0.0233516773550481	0.0477660556224901	0	0.114525632088235	0.0254712784568353	0	0	0	0	0	0.0354469440186248	0.0820545265132007	0	0.0242430377760371	0	0.0404746443989793	0	0	0.0858093296413707	0	0	0	0	0.0892699962898966	0	0	0	0.0910764745637511	0.260823449659175	0	0	0.0219533684615937	0	0	0.0378798943013797	0	0	0	0	0	0.097394316281315	0.111880660947628	0	0.0461387573184958	0.182529042047055	0	0	0	0	0.0291404143120221	0.0819625721510751	0	0	0	0	0.0374572347033872	0	0	0	0	0.201740636501827	0.0290581037710245	0.0422142561870656	0	0.102379775802327	0.183610980878075	0.215001842059991	0	0	0.0530095600359502	0.231967090631142	0.0871146610166494	0.110786581723711	0.0576470384184277	0.17228480195981	0.0320605167035966	0.31157350180307	0.120542634199836	0.167077394451183	0	0.0452721449297311	0.16990432456253	0.151563844625736	0.0069606833996371	0.0396058023127517	0	0.124391558780891	0	0.0783877921256802	0	0.106368197057862	0	0	0.01251493933607	0	0	0.0406239183026738	0.11714848713268	0	0.098456670320251	0	0	0	0.125900631388975	0	0	0	0	0	0.00330632220134278	0	0.143985321918905	0.03454479809483	0.00283424081289259	0	0	0	0.0326057281621398	0	0.126106372331438	0.0758949603594032	0.0299740542505563	0.010593160957687	0	0.0469948671132893	0	0.117133230947975	0.213433465763252	0	0	0.200935233845315	0.0911483711105188	0	0	0	0.00187865445663033	0.0366191373453893	0	0.0733477094754985	0.0300602314904961	0	0	0	0	0	0	0	0	0	0	0	0	0	0	0	0	0	0	0	0	0	0	0	0.079490794463446	0.15493593020004	0	0	0	0	0	0	0	0	0	0.109148047643552	1	0	0	0	0	0	0	0	0	0.0771271543445236	0	0	0.110233964519723	0.0639729885446182	0	0.0299161875903081	0.0860047230363943	0.147497909165833	0	0	0	0	0	0	0	0	0	0	0	0	0.156642996100435	0	0.0771905131863995	0.0755549593961673	0	0.104178753929132	0.00640204565683994	0	0.0231340792981572	0	0	0.0862571086412611	0.078274020233848	0.0120429224548535	0.16438183042528	0	0	0.164833052107917	0	0	0.0713603347078172	0.0735066833724163	0	0	0.183719217086861	0.224417256004563	0
0	0	0	0	0	0	0.0711193860522141	0.076439593615861	0.112324116703382	0	0	0.0238656876017903	0	0	0	0	0	0	0.107006508974593	0	0	0	0	0	0	0	0	0.143417255115114	0	0	0	0	0	0	0	0	0	0.00374102940025036	0	0	0	0	0	0	0	0	0	0	0	0.0561181981252771	0	0	0	0	0	0	0.104424506033563	0	0.128413740985742	0	0.172612435981659	0	0.0595317708343848	0	0	0	0	0	0	0.0441765034923373	0	0	0	0	0.317582244512929	0.108726038274251	0	0	0	0	0	0	0.181790739270263	0.102538401407821	0	0.0160836626243123	0	0	0	0.0295344266691675	0	0	0.0259702000787656	0	0	0	0.364401397770811	0.0632565577677904	0.0994763074496249	0	0	0	0	0	0.0466596804192738	0.244423032205161	0.157302404319756	0.0196203374245419	0.0810042747955002	0	0.110995150890826	0	0	0.346647299637962	0.0153731690640942	0.160428516614703	0	0	0	0.0765365129432364	0.217052866915363	0	0.114457698424655	0.187485355036096	0	0.0124750434399642	0.0917031033292477	0.0701301217587989	0	0	0	0	0.116490359570305	0.0213177366887787	0.0567087114622787	0	0.0855420067131199	0	0.238123101350081	0	0	0.0602692311102142	0	0	0	0	0	0	0	0.138479909450748	0	0	0	0	0	0	0	0	0	0	0	0.0117060187816548	0	0	0.0271698066292947	0	0	0	0.0197728921466161	0	0	0.174467412831365	0.0114139896181104	0	0	0	0	0	0	0	0.158539072512041	0	0	0.0221276404246282	0.113298299834566	0	0	0.282895206121916	0.184487027700135	0.162277210676096	0	0.0922018342501263	0	0	0	0	0	0.0556704751780377	0	0	0.282822434417237	0.090404012250127	0	0	0	0.0856527761428002	0	0	1	0	0.0402967605564203	0	0	0.277690290999343	0.264255371290973	0.136257493036996	0	0	0	0.360229050011147	0	0	0	0	0	0	0	0	0	0	0	0.0264922167344934	0	0	0	0	0	0.0236324888964659	0	0.00731408701873483	0	0	0.101522710382686	0	0	0	0	0	0.150700235724559	0.124899152864267	0.126633192487742	0	0	0	0	0.0327967015779923	0	0	0	0.0601082106343613	0.0452197618258604	0	0	0
0.14454539102992	0.053608204484324	0	0.153316791300575	0.142991754876622	0.300972877607745	0	0	0	0	0	0.0740435483208191	0	0	0	0	0	0	0.00364226055696449	0	0	0	0.111659097491409	0.042057733474824	0.0746822143081712	0	0	0.59600499363638	0	0	0.516806395646438	0.069849512003999	0	0.210735816824034	0	0.18416212967289	0.0445349013372947	0	0	0.173564581837605	0.214788408959233	0	0	0	0	0.283690447959335	0	0.084099819658971	0	0.283719439659317	0.0243334469886924	0.216487181819072	0.0862469059983849	0	0	0	0	0	0	0	0	0.201959208389773	0.0738136174101916	0	0.0330640100869241	0.0265550156359178	0.0491505308776907	0	0	0	0	0.341211173537984	0	0.26612707099984	0.137717083874978	0.130549519350259	0.0947487374088063	0	0.315962708308154	0.156800607138388	0.146838978764605	0.295688293714961	0	0.0292514788339113	0	0.254815862099263	0.162647255039523	0.203483080551636	0	0.29018104460663	0	0.244545438687783	0	0	0.0959681866519398	0	0	0	0	0.0290798743276377	0	0.23018402781558	0	0.306262077408127	0.274161862720224	0.187242920763628	0.137376923617134	0.134838572966994	0	0	0.00107933396644515	0.054815303155456	0	0.0926837441654388	0	0.320253287474984	0.195799650167108	0.196451114073645	0.181257939718709	0	0.101710672458246	0	0	0.00755550310303281	0	0	0.534996657271348	0.16450460462002	0.163125003665592	0.00741806940747511	0.0748899116567324	0.0779399005368183	0.262220236429847	0	0.128336516318994	0	0.0410839980404617	0	0.280489486276656	0	0	0.169303848140883	0	0	0	0	0.23580042612345	0	0	0.173966160000994	0	0	0	0	0.184426161278693	0	0	0	0	0.00210578148870208	0	0	0.0533053601261609	0	0.0582333328122205	0	0	0	0	0	0.0282360421445136	0.1721576826627	0	0	0	0	0.192579554075273	0	0	0.330533673741955	0	0.305599021667623	0	0.505167439471289	0.375355498577506	0.256616133865842	0.0569280732144794	0	0.172933157446911	0.248567362335505	0	0	0.104738739707549	0	0	0	0.0415442684387726	0.0772295690805437	0	0	0	0	0.368018539619707	0.0501304347727431	0.179075468966449	0	0	0	0	1	0.0344843486344847	0.0924768834126877	0	0.203513689650619	0.0213188803815612	0.210656968261238	0	0	0.41419741992362	0	0	0.0362284006632318	0	0	0	0.0855532142366841	0	0	0	0	0	0	0	0.0583018860848355	0	0.340903234000827	0.102335871164647	0	0	0	0	0.128584619915458	0.348450152325029	0.0932833710958488	0	0.0910333041564873	0	0	0	0	0.112713136653272	0	0.0175059298409465	0	0.204672721164826	0.198276743004171	0	0	0	0	0	0.040726961971811	0	0
0.0499404043907679	0	0	0.0827030107360703	0	0	0	0	0.181579810082058	0.282370949380747	0	0	0.07499845604112	0.012368737850681	0.0904634733451534	0	0.104464247251854	0	0.050892090446069	0.116444245727934	0.166081050255713	0.0968520892063888	0.0703649986892405	0.216619449428552	0	0.332191372303388	0	0.1513349161555	0.180770410329627	0.211434030590804	0	0.224518405285349	0	0.21967057160402	0.0193418054502995	0.136554861376654	0.0621358612544878	0	0.0866661443685615	0.0649907165693997	0.427232391182977	0	0.241829600975984	0.109621803742712	0.280484494149241	0	0.105341002005636	0.106224208977517	0.203943442339734	0.249319731237615	0	0	0	0	0	0	0	0.00398390871721484	0	0	0.0630755348171298	0	0	0.0561162126944312	0	0	0.0489487872932344	0.0381005384856871	0	0.010730753226848	0	0	0.12579433507105	0	0	0	0	0	0.0211239193605965	0	0	0.0285655043608116	0.245625938503886	0.0176509601365037	0	0	0	0	0.117452585486188	0.0675480744086841	0.177045181093066	0	0.150846220452841	0.0438423132702426	0	0	0	0.189563795759305	0.115947684092586	0	0	0	0.288346611272728	0	0	0	0	0	0.174940659607917	0	0	0	0.00316649684898863	0.0903605926304179	0.0340788453313447	0	0.0686751429620963	0	0	0	0	0	0.190247185646148	0.136398866011218	0	0	0	0.159669868523096	0.0954274092240881	0	0.0821181659657344	0	0	0	0	0.0401281823068529	0	0.0754641931140099	0	0	0	0	0	0.149756633234856	0.0865341548407139	0.0841763444380862	0.0396939125760781	0	0.0292944825497093	0.0510948250512627	0	0.0318078992154399	0.187190384417521	0	0.115722388374381	0	0	0	0	0.0270804228352117	0.0580579670426693	0.0840306171765794	0	0.347142734215209	0	0.0521577644964924	0.054153463296347	0.0953104940228404	0.26032181460399	0	0.128102844304343	0.0109882309948119	0.0091061320391271	0.117970703388831	0.0140758142700544	0.239152987244906	0	0	0.0372145120405727	0	0	0	0.103963634604583	0	0.0525601330593537	0	0.246743987850835	0	0	0	0	0.0513593397165586	0	0	0.0106837381092919	0	0.0634959271030392	0	0	0.0491623556853202	0	0	0	0	0	0	0	0	0.0402967605564203	0.0344843486344847	1	0	0	0	0	0	0	0.0608460308886479	0	0.0535330527401076	0	0	0	0.0369051179591083	0	0.210391582849461	0	0.0388347293704351	0	0	0.10016969398081	0	0	0	0	0.0478130604603251	0.0467801393420398	0.0122455165561266	0.172523539682791	0	0	0	0	0.0587708489562854	0	0.000524723473297525	0.0799255105342967	0	0	0.0562740843515338	0	0.361240152637722	0.0962534718387677	0.201301281932116	0.221370739580664	0	0.0864671332637789	0.0770224464108323	0	0.0811498914769108	0	0.0207444059272258	0	0.00332975816467337
0.0389763795512185	0.101960876274623	0	0	0	0	0	0.127870827335696	0.0586985046696888	0.321728066167838	0	0	0	0	0	0	0.0666380725284538	0	0.0900583675926705	0	0.174622854687392	0.000819551212365662	0	0	0.00616965785712776	0.0468866188378832	0	0.0323454321286794	0	0.203683016309443	0	0.120545526067778	0	0	0.234905421859867	0	0.162957969660126	0	0	0.000697853517906342	0.199393302074157	0	0.120572649201346	0.16724185080892	0.0469682274183543	0	0	0.118491386183582	0	0.102864031191954	0	0	0	0	0	0.0110797182369158	0.0688337021758797	0	0.0425395712743542	0	0.249829980401743	0	0	0.154141474839038	0	0	0	0	0	0	0	0	0.275405964576748	0	0.0698694368750145	0	0	0	0	0	0	0	0.171173251284491	0	0	0	0	0	0	0	0	0	0.0605368111828865	0	0	0	0.0478643972830768	0.1236790028277	0.171282098968531	0	0	0	0.172353825224228	0	0	0	0.114199971957576	0	0.133953859554575	0.149087018455419	0.148270930730406	0	0	0.227527645944845	0.0250651506426102	0	0.139292606193709	0.123127959876714	0	0	0	0	0.0130230645885818	0.392896545366044	0	0.00386603461324987	0	0.00313305673412599	0	0	0	0.225521517673492	0	0	0	0.0701863906456506	0	0	0.00699171566159565	0	0	0	0.121264395226538	0	0.0931481921148246	0.242022918192451	0	0	0.0496257442502632	0.127103252057971	0	0.210320951104027	0.0747406757207793	0.0302939069590078	0.0690305336346215	0.147231894069924	0	0	0.0568846076041061	0	0.0573844904166634	0.173200967224888	0	0.15679455789157	0	0.0627013986013027	0	0	0.0660884766271679	0.152373425845262	0	0.110733765521152	0.0370032542993217	0.0410583939783405	0.194011921237348	0.0615094510667315	0	0	0	0	0.0669957339745737	0	0.113767477172628	0	0	0	0	0	0.142824969613075	0.13214174799343	0	0.209985573494727	0	0.117448385138057	0	0	0.241403519767007	0	0.0993235182922078	0	0	0.0509631771157552	0	0.0410397918465695	0	0	0	0	0	0.0924768834126877	0	1	0.00333864508191796	0.00838064461530388	0	0	0	0.195620674190434	0	0.199774955931508	0	0	0.0674214093783451	0	0	0	0.123806280687477	0	0.118189566970068	0	0.0971843694954546	0	0	0	0.0488331546328373	0	0.0105560076496787	0.180259150872783	0.0821143615565043	0	0	0	0	0.127935098866955	0	0	0	0	0	0	0	0.152661448900265	0.24524216755861	0.110763954302545	0	0	0.128719164266199	0	0	0.0509314849170578	0.0905645167048507	0.0312955912968144	0	0
0.0119415558192266	0	0	0.315855345055141	0	0.120169242620015	0	0.0276602198411848	0.184317218383765	0	0.194776864769256	0	0	0.125921519568364	0.310696912744186	0	0.01064864809315	0	0.42529803544638	0.111165258552096	0.11110128640369	0.0862011635688788	0.0112631148053546	0.0853858302275188	0.163892106501368	0	0	0.355461651230553	0.107926135783471	0	0.0882997505263032	0	0	0	0	0.286470294620696	0	0	0	0.0596683703135703	0.0277089305459492	0.32770698065453	0	0	0.0525702834285205	0.0359672334258514	0	0	0.113594563385882	0.270930270982457	0	0	0	0	0.0380269102531952	0	0	0	0	0.030604859448491	0.284680392377751	0.0880351270504264	0	0	0	0	0.153912855939423	0.101442978080579	0.308686850689106	0.101149699441105	0.196058787730236	0.0882157252591848	0.204203574396461	0.208183148547969	0.0475365749692021	0.190703001700109	0.265087282727982	0	0.310315918686512	0.254353061165967	0.0808062840645017	0.0718720609288461	0	0.105281941667507	0.137042861639818	0.271454596512129	0.0523403088665695	0.107783143583923	0.0807081032825839	0.307957678765034	0.110620808155453	0.234643230412469	0.0095889098818028	0.142645489997502	0.217222283076336	0	0	0	0	0.180490009358635	0.0069657270375425	0.26852669769672	0	0.360138293966388	0.483252362154626	0.312584553967175	0.229602198281395	0.270673046315594	0.264972464861836	0	0.016915537917667	0	0	0.290447820331034	0.219020481038365	0.429965309928284	0	0.102407688498831	0.409715562585212	0	0.379733244193211	0.0592613676054741	0	0	0.233677321565194	0	0.152147032576483	0.16164256109512	0.0404210498830236	0.0609339888128647	0.0480378243654089	0	0.122716093912571	0	0.0013257056600622	0	0.139473817847067	0	0.332045607273485	0	0.0426492798901187	0.0801437452427905	0	0	0.033473762780002	0	0	0	0.143767864591091	0	0.10250545011155	0	0	0.0614588666317748	0.094702280778995	0	0.157308271505748	0	0	0.00925581065250935	0.0919061879694815	0.0195935407952564	0.124475944436709	0.123364383831653	0	0	0	0	0	0	0.0365176907000761	0.0584075125194234	0	0	0	0	0	0	0	0.0176568208971827	0	0.0474887222495727	0	0.204877297559454	0.0387094946084807	0.0432204922352866	0	0	0	0	0	0	0.280394287308518	0	0	0.106489432580731	0	0.0330289296012671	0	0.0439602978311744	0.139252429759696	0	0.0861650611692464	0	0.200079613624584	0.0779820831610659	0	0	0	0	0	0.00333864508191796	1	0	0	0	0	0	0.319446673928899	0	0.306994483602089	0	0	0	0.0260768744795366	0.283543770936682	0	0	0.0698438152986437	0	0	0	0	0	0	0.248019414729729	0	0.0932488444600973	0	0.278441599123412	0	0	0	0	0	0	0	0	0	0.134111910001377	0	0.108111603222194	0	0	0.079138848628434	0	0	0.0900217748174442	0.10580742282374	0	0	0	0	0
0	0	0	0.120195173269291	0	0	0	0	0.146393373811284	0	0	0	0.124578072663155	0.0371937106904036	0.168155608608797	0.117109697123539	0.316021264025686	0.078878385291918	0.354047808119161	0.151204021381555	0.0130700030064822	0.22561347207586	0.083733693604974	0.209353330677016	0	0.144170336222998	0	0	0.270338259280095	0.228790581231616	0	0.0119422388757519	0.162360842242437	0.0630284494046346	0	0.0352543537681979	0	0.344867898135253	0	0	0	0.0260589007408759	0.155327571036803	0	0.180166945433863	0	0	0	0.203542450133888	0.15108969375227	0.224432780294313	0	0	0.173999173737948	0.0260186942749487	0.014068754547651	0.0815161311567791	0	0.0844661776465598	0.195327375640768	0.0832427634530102	0.0896277371151709	0	0	0.0314126634396936	0.169472762264319	0	0.170440954243531	0.296268539722184	0	0.123760866611029	0	0.0920773673275609	0	0	0	0	0.136816504462292	0	0.0169517985464707	0.155063847213282	0	0.0846222123625648	0.123123725222247	0	0	0	0.0994325116065539	0.316790899220168	0	0	0.0787372926204397	0	0	0.0210802535506784	0.0750762717097874	0	0.159867946920124	0.0592826014718857	0	0	0	0.399703659254983	0.0678372436555219	0.134753220221293	0.155140749178123	0.034033699596966	0	0.412988110244055	0.010213229270392	0.0946413855590629	0	0.451649557928293	0.116708635757185	0.2206843244117	0.104948088274061	0	0	0.0660640494762099	0	0	0.169997196432095	0.143029543058433	0	0.0458925424781812	0	0	0.0494769701393894	0.064546693963343	0.0251666866379539	0	0.172737461444428	0	0.057709429820309	0	0.114157717997488	0	0	0	0	0	0	0	0	0.177800458338951	0	0	0	0.0751852037014145	0	0	0	0.0152750142234122	0	0	0	0	0.00692569782458834	0	0.0802936600566435	0.189133394992411	0	0.0763669589799217	0.0746179582622605	0	0	0	0.0942109555300673	0	0	0.0526819154475158	0	0	0.0926831032706179	0	0	0	0.0208314035921636	0.0950107159597057	0	0.0650865170542562	0	0	0.0551089358717042	0	0	0	0	0.0207679151380456	0	0	0	0.117943028071055	0	0.0221008701615126	0.252365576982871	0	0	0	0.00862404282127988	0	0	0	0	0	0	0.368119738324101	0	0.277690290999343	0.203513689650619	0	0.00838064461530388	0	1	0	0.0179427201169706	0.015823667968509	0.036266658841146	0	0.247476982365132	0.0143505125686548	0.0629214531831943	0.246124050499083	0.160280849626619	0.190064980261925	0	0.142216732489898	0.295072480125257	0.234016854247298	0.0239886307467256	0.125376839012295	0	0.122210382753289	0.0159299097829127	0	0.121777322580787	0.0365290253252721	0	0	0	0	0	0	0	0	0	0.343383682179894	0.457331160620634	0.0834732959005106	0.381149288602403	0	0.0418413834395015	0	0	0	0	0	0.0504554541276587	0.222242899347715	0	0	0	0.0636536395830157	0.130613459411083
0.198387309226165	0.108265396220262	0	0.183448402827382	0.138963549882815	0	0	0	0.143649039041755	0.363627990376237	0.0389996160783031	0	0.188855625437916	0.147732900340862	0.278917229695621	0	0.013796831442017	0.0870291298172892	0.100428614834615	0.137034388291219	0.184314605825253	0	0.446222785525783	0.164553401423159	0.163480177875538	0	0.177334646528658	0.146191499203844	0.129773340478368	0.153020439133674	0	0.223799665022078	0	0.419371456054222	0.219016057237015	0.164443455349801	0.105253095850107	0	0.0822873983548394	0.178877560736656	0.169662703762455	0	0	0.23906355034944	0.0522558627019017	0.147547529553587	0.0701122258208199	0.0660279399306998	0.284129414781203	0.359311722940449	0.0323739729404619	0	0	0	0.186116827404193	0	0	0	0	0.171153201181736	0.10828146023839	0	0	0	0	0	0.173712016747656	0.152291774055457	0	0	0	0	0.0462779864698966	0.126339671227705	0	0	0.0234145534351982	0	0.181085608172109	0	0	0.29398921104059	0.0615504382188893	0.107018332379871	0.233982252389662	0	0	0.16430127274296	0.203743018100209	0.247138122352341	0.127344983959603	0	0.165475656080229	0	0.0923524103772726	0	0	0.261203174904939	0.108008073858685	0.155056465783183	0.0311890876660366	0.193442519343735	0.146331512283217	0.154309880253425	0	0	0	0	0	0	0	0.0872952588157344	0.109151683839349	0	0	0.0882239839998941	0.318953353653245	0.202658223001454	0.00334608011703637	0.0541386629334179	0.0835185936583449	0	0.0247450523871665	0	0	0	0.0879812767289956	0.0470440480149352	0.23656127883149	0	0.210459425746089	0.182754158182548	0	0.0940812003423037	0.13621390452126	0.0039764272090191	0	0.290221799990826	0.166072899527153	0.271000745171469	0.117146284972175	0.120784828347775	0.058189856203865	0.0717047626498653	0.242477564002444	0.198597298478149	0.266593224045506	0.266095422376272	0.184450000010238	0.066098896995549	0.0677565204060706	0.193145108640694	0.129541314389471	0.0337772726618585	0.192240605534741	0.0439062050947632	0	0	0	0.0199664773902842	0	0.00622514180053815	0	0.305046793259206	0.0111613064113078	0.077436439524126	0.125988553625403	0.130445043836355	0.110121673390514	0.239715853914308	0.116263439841194	0	0	0	0.132762185080434	0.17055083405985	0	0.134560786279598	0	0	0	0	0.0847604808880527	0.142767757903692	0	0	0.404312125818144	0	0	0	0	0	0	0	0	0	0.103505973649909	0.0209362080240155	0	0	0	0	0	0	0	0	0	0	0.264255371290973	0.0213188803815612	0	0	0	0	1	0	0	0	0	0	0.18292076340625	0	0	0.287661390014673	0.168748319721467	0.108583575681363	0	0	0.0941856102294191	0	0.0108284061926977	0	0	0	0	0.209088884058691	0	0.0407016845435108	0.218346557616761	0	0.0390986571070141	0.0862285798096937	0.178414739710163	0.234075989324807	0.0167983503105615	0.0682376599240372	0.13617757739712	0.0236765494956186	0	0.0830707374894067	0.0914257752682938	0.253252338522286	0.0597957292273145	0.158819899439743	0.139333911155808	0.058233758383452	0.285767809318734	0.02984503011825	0	0	0	0.0236246838549311	0.0833742732157803	0
0.316321648255782	0	0	0.166995309802143	0.0521268891306966	0.0143060567122141	0	0.158641782398606	0.183158884700819	0.222585106738086	0.0927524264982575	0	0.161992177503704	0.200849867437987	0.175143027333113	0	0.230196160352454	0.0603017486185832	0	0.0377546995177953	0.1787867682027	0.359698126852076	0.14106381186399	0.379715733836412	0.0310579455144083	0.0760902353668177	0.124299787835065	0.0492075955844485	0.145246923491328	0.279566934770867	0	0.104788870373278	0	0.252305129366305	0.219309376298555	0.08472324003371	0.0361521153407741	0	0.142100504570904	0.275187240716755	0.0718168846120573	0.0814027235860956	0	0.316084088847455	0.0597718382351472	0	0.218092408063785	0.065423432390228	0.202740661380218	0.128266674432836	0	0	0	0.0552023340430917	0	0	0	0	0	0.0132976434946059	0.129444654191879	0	0	0.261874954193553	0	0	0.235853893837242	0	0.0103192821479194	0.0566392166587482	0.0675115579344896	0.0465749203510449	0.0623789562011816	0.155315677521654	0	0.0897795673231573	0.0609521756741801	0	0.125565613740655	0	0	0.321264654670241	0	0.148370980485344	0.312933648214867	0	0.225256647948548	0.0328589150591789	0.341811698846156	0.153317453812669	0.256730809464388	0	0.229363174740226	0.258138940905322	0	0	0.00608953092365278	0.243447043876812	0.14010518374431	0.129090465178029	0.0592723916455495	0.1800944823318	0.194337192245425	0.153332316343391	0.137545634567388	0	0.0325181139922357	0	0.283501997733108	0.107562910980141	0	0.0279757477902541	0.163228520375747	0.0513134882243402	0.155581857960563	0.00988808602406079	0.121324285963333	0.158129591169512	0.0970949649718272	0.11600504819826	0.0878677439323665	0	0.0474587551905588	0	0	0	0	0.182756910159901	0.280990969787532	0	0.152091377479806	0	0	0.303879407584609	0	0.343096876133944	0	0.0878040851459808	0.204969597805987	0.259261437435498	0.222062849517004	0.0833627644180743	0.265109773831826	0.359426527147947	0.241431347800241	0.322477623060928	0.0277334234432363	0.135114417411573	0.34784721079714	0.109451157543188	0.143015401550861	0.330528740221675	0.353382252074605	0.240152118891206	0.389468189564881	0	0.0766760643001454	0.153530165727977	0	0.048545789293137	0.213014968778478	0.235845315211344	0	0.506375408232089	0.053717512377413	0.0344623421252667	0.221952370228632	0.185386793293455	0.358387086184597	0.27214345599798	0.215399987201024	0.172471573098468	0.011924869414306	0.109201883048706	0.305901915068509	0.0535682918614368	0.0774187511924981	0	0.0944906900055153	0.0462963797044361	0	0	0.450878046231279	0	0	0.0124425565379961	0.318066891422716	0	0	0.113607601346399	0	0.0823934103799661	0	0.308213984384283	0	0	0.182098626513683	0.116473620285333	0	0.147577027300559	0	0	0	0	0	0.0803292201473603	0	0	0.136257493036996	0.210656968261238	0	0	0	0.0179427201169706	0	1	0	0	0	0	0.0487278596561581	0	0	0.310124724567241	0.220131112560386	0.341978036014084	0	0.0941710205916755	0.0453340996942376	0	0.166838734064823	0	0.097132960722317	0	0	0.0357108293203317	0	0.269769440284315	0.330241663236385	0.271513345825129	0.126440584823484	0	0	0	0	0	0.0235900365155959	0	0	0	0	0.44112023666411	0.176769873490624	0.286633066374816	0.140589622449398	0	0.215043718432287	0.264709137531799	0.10822042027161	0.272431323630897	0.303091319249369	0.0391453225953185	0.151749587070774	0.0730396682960989
0.146352760915187	0.141726198841448	0	0.100362444288394	0.0828371249743683	0.0823366115988987	0	0	0	0.0840988747929329	0.10319438138437	0	0.138402900695955	0.0152965559724224	0	0	0	0.130089762761085	0.0747121658824906	0.0309474321774216	0.323676155610871	0	0.327806530784827	0.0760818563592368	0.0539563455657263	0.0317155629802698	0.285984455820428	0.194394330694427	0	0.0240679272754839	0.0162994910833562	0.157185168461792	0.116532427548126	0.181557486889873	0.0331758000138264	0.372529331550002	0.0551207106270209	0	0	0.0227206283231862	0	0	0	0	0	0.307187356823807	0.00787833131333804	0.216235964476085	0.126745105381945	0.279506489586463	0.0139772101192262	0	0	0	0	0	0	0	0	0	0	0	0.0933707710778382	0	0	0	0	0.0378424747908343	0	0	0	0.0441187102615653	0	0.0125514589906606	0.155812951154685	0.212164353706008	0.0914211456174907	0	0.124118794074848	0	0.0886785754642784	0.320162807834538	0.20227437030151	0.417841199249394	0.0163546147511155	0.246263309392051	0.0964392220621474	0.268766596780612	0.0855270912468389	0.317369241227532	0	0	0.140188576638992	0.0222403753418669	0.166860907832337	0	0	0.311148171595095	0.351442740027662	0.413478738899641	0.0650044409758763	0.109946133154919	0.0147423898975292	0.443617212880909	0.0414192552256796	0	0	0	0	0	0	0.190368450668463	0.0450272091237598	0	0	0.154214381422684	0.220633062780707	0.370913921573517	0.107125328948442	0	0.303567069726587	0.0341853858335874	0.124021399636124	0	0.0307843758633875	0.0761238766753415	0.216696937773834	0.106148774004843	0.152673461495415	0	0.299974452868853	0.196768827677197	0.0489607295769383	0.111816497562775	0.124747429789104	0	0.142561701675007	0.180051526423084	0.27532605812022	0.251431965154966	0.190267801144268	0.267936922931898	0.205789317105323	0	0.24407526885169	0.120830246645422	0.0682736458780387	0.146264426283662	0.0384355604552331	0.1481145432598	0	0	0	0	0	0	0	0	0	0.0731361852238483	0	0.00626045115973261	0	0.102771553553296	0.0654959389815571	0.0167568682372918	0	0	0	0.139512231103822	0	0	0	0	0	0.0617168897671392	0	0	0	0.0472771652806947	0	0.0105068181600456	0.0615533373705202	0.21895497536529	0	0	0.217235340914381	0	0	0	0	0	0.103874037041964	0	0	0	0.0025071545545505	0.201298426956404	0	0	0	0	0.0258319546239172	0	0	0	0	0.0771271543445236	0	0	0	0	0	0.015823667968509	0	0	1	0	0.104603697919824	0	0.0944196946553114	0	0	0.00546345728799295	0	0	0	0	0	0	0	0	0	0	0	0	0	0.0455675526810498	0.0787834434023949	0	0	0.0795166142035016	0.236920913357799	0.185473442622122	0.141687709486966	0.156176523728036	0.0689005563358189	0.144187741939131	0.101134388283557	0.152482437663326	0.181253357811697	0.0656488931777286	0	0	0.206298521595655	0.0849773066632985	0.011839189872409	0.0410410407939656	0.0224543726662419	0	0	0	0.150674813530342	0
0.056902288390188	0	0	0.196763584034878	0	0.182475640855174	0	0	0.181232793188192	0	0	0	0	0.0594334339261503	0.255502531528002	0	0	0.000595473606256972	0.239438382817626	0.171099042356473	0	0	0.22871581086372	0.0466038228139675	0.030784399231276	0	0.137007509942659	0.534259472563574	0	0	0.2340703400949	0	0.130789262495575	0	0	0.110771566150417	0	0	0	0.0677494520079969	0.0567939055500282	0	0	0	0	0	0	0	0	0.221140549782367	0.106525324405356	0.021453061331449	0.0163602094638013	0	0	0	0	0.117656400236229	0	0	0.141168524797337	0.153031863101552	0	0	0	0	0	0.0415172094597	0.117070397865995	0.0143752818931575	0	0.147317573971777	0	0	0.136729791553164	0.223988821049566	0.160440823257846	0	0.220556746978485	0	0	0.196985343522438	0	0.130099549495074	0.0836179975848687	0.139092204744213	0.00809445927298695	0.00790536814131465	0.00336104987064838	0.166454242518997	0	0	0	0	0.0507199282452665	0	0.0357899629145026	0.0176914763175406	0.0714327022041215	0.341144165364954	0	0.360308223314212	0	0.263205739939242	0.468148070359133	0.513598704059711	0.0168796801477932	0.185796913973819	0.123011237807951	0	0.0240720511670305	0.112515128803918	0	0.160911369865359	0	0.34034697441674	0.0483511466880862	0.0732243027306692	0.324034496149687	0.100745849848057	0.463447747204537	0	0	0	0	0	0.279871792465221	0.0885107999587994	0.144847795609623	0.0383173972944752	0.0247179186985553	0.0108948180263778	0	0.0622470083383368	0.165826901760045	0	0.337268613097164	0.101694752762379	0.351849449454277	0	0.0237034947267106	0.269181259912634	0	0	0	0	0.086830702501058	0	0	0.154046347122867	0.11731104805294	0	0	0	0	0	0	0	0	0.0925325486569312	0	0	0	0	0.146913114411468	0	0	0	0	0	0	0	0	0	0	0	0	0.0331526981458547	0	0.169308388239997	0	0	0	0.252557872957842	0.096335416353543	0	0.185528691705352	0.0678007763265247	0	0.0925092480004561	0	0	0.111816570406902	0	0	0	0	0.116791615275312	0	0	0.0616993624876747	0	0.000500975704388336	0	0	0	0	0	0	0	0.0608460308886479	0.195620674190434	0	0.036266658841146	0	0	0	1	0.355690457893475	0	0.101770571303173	0	0	0	0	0.0985386546022801	0	0	0	0	0	0.0682225255510009	0	0	0	0.22175894720914	0	0	0.0463618844946324	0.107226011253671	0.0678885393327975	0.0985936183401124	0.205949194596898	0	0	0.0492407271978804	0	0	0.172343373386396	0.134174698803798	0.346487022634364	0	0	0	0.0419973066511468	0.0481193201215817	0	0.0452241053328436	0	0	0	0	0.063946854163876	0
0	0	0	0	0	0	0	0.0300640481773458	0	0.245556698117697	0	0	0.179197303354493	0.0632392224743745	0	0.267737350795276	0.310010867189335	0	0.0143506534614436	0	0.110576885440767	0.435935645905614	0	0.180994199482894	0	0.250203438049313	0	0	0.235796907690447	0.368623062283193	0	0.121451165139848	0	0	0.134293190688966	0	0	0.195483508504236	0.158108701192557	0.0225635235676644	0	0	0.217129090789503	0.28656892224553	0.321353029723273	0	0.31098811006742	0.0863698831224944	0.304994720097197	0	0	0	0.139902222011688	0.0989677060773623	0	0.190068463102684	0.0787772698723089	0.085908007732069	0	0.143455773094809	0	0	0	0.276328282296189	0	0	0	0	0	0	0	0	0	0	0	0	0	0	0	0	0	0	0.0987269771222546	0	0	0	0	0	0.154913208171612	0	0.0441647103825431	0	0	0.0102554550936741	0	0	0.0626755541604395	0.23151725611503	0.0441903523833888	0	0	0	0.521899187796955	0	0	0	0.0420984218551259	0	0.174351316060172	0.236290042602384	0	0	0.109383319195508	0.0547118042740851	0.220773161102462	0	0	0	0	0	0	0	0.287180610414761	0.0906976302404871	0	0.106949971282672	0	0.0711147816406173	0.0520399752371898	0	0	0	0	0.224212674848126	0	0.349037189700333	0	0	0	0.0155694463692278	0	0	0.141980979728974	0.26324392689718	0.246213701896092	0.30681423012645	0.0125706704433369	0.0386282021052469	0.158806584290094	0	0	0.245788933023671	0.342230363838384	0	0.2068479704929	0	0	0.155154936103446	0.087073448041146	0	0.124015672009958	0.220630087935296	0	0.337744184486547	0	0	0.22130493426398	0.264623135197742	0.296982601078792	0.19468201386796	0.112758634846936	0.133956910239869	0.101585914037501	0.128741823384676	0.451546661659889	0.286519119890336	0.117311757642935	0	0.177608533687632	0	0.0987102863571067	0	0.233471234504151	0	0	0	0.0183066863629185	0.266178072546383	0.15134855451594	0.0112458414307222	0.166023718915197	0.391341164461118	0	0.192530915832083	0.292250694398716	0.0259963412217599	0.182603083355953	0	0.0549890682740734	0	0	0.250416994093379	0	0.199905929867419	0	0	0.0824097554734096	0	0	0.41419741992362	0	0	0.319446673928899	0	0	0	0.104603697919824	0.355690457893475	1	0.385400336034805	0	0	0	0.103856967454936	0.119600124363957	0.0991671054136299	0.203491972639694	0.212647306587396	0.0142898102370123	0.154530704163937	0.115336022899978	0.0946986606388677	0.11916403137797	0	0.22824895687763	0	0.103851568643968	0.196438778256639	0.135835254271702	0.0793960521379841	0	0	0	0	0	0	0.137270634243608	0.146268427134563	0	0	0	0.210985519673512	0.181904354293587	0.343798964483252	0	0	0.180163061695879	0.0992724870763314	0.0559354588818128	0.302060340408697	0.307221755430779	0	0.0772449072211745	0.27255096576859
0.367328666079784	0.231496520713796	0.187337677359287	0.281278840638545	0.435206525499652	0.335178191875794	0.0125818374365749	0.0827133502372799	0	0.00162957104526142	0.238765158883034	0.189691070323474	0	0	0.0430376112578093	0	0	0.151239629614814	0	0.0599495477367523	0.0957671237224531	0	0.127038923963995	0	0.402486377917695	0	0	0.234242350108918	0.160931035321243	0	0.284668478605542	0.330703040221096	0.214749968955594	0.363287934233594	0	0.320376343768624	0.110929543360878	0	0.101474170428417	0.257219654685605	0.159158950912515	0.253553841265606	0	0	0	0.177802543233799	0	0.116858302998284	0	0.143018903856109	0.0122178207116181	0.0902837762808268	0.139627079064595	0	0.044954640879525	0	0	0	0	0	0	0.114797229590941	0.175440288464805	0	0	0	0.178978725069449	0.150428133924321	0	0	0	0.316291633145457	0.0120603705489158	0.259443257712679	0	0.118737551560336	0.200047532868208	0.0746579285295993	0.220328374853036	0.108546437719165	0.0148720897442701	0.200517225763248	0	0.0181585635317164	0.331044340333935	0.267907437440554	0.0996989422665136	0.376404774933407	0.0528873041370252	0.469229753595911	0.200376708014133	0.235962467454381	0.092172926173357	0.0749653987143111	0.39055027477975	0.0363285784087452	0	0	0.00449879615752723	0.219984596824819	0.132476478550766	0.208497365595391	0	0.275174431186057	0.0233951326085393	0	0	0.192749058366868	0	0	0	0.220307674559952	0	0	0	0	0.0955819715347385	0.444167463752172	0.0247109700851631	0	0	0.264997365548251	0	0	0	0	0.190551269508221	0	0.077380460664904	0.0814437875358336	0.207571457584683	0	0.173405162772008	0.0193966021115318	0.147293963998097	0.138013562112309	0.210960136659673	0.23907266828088	0.154395561531729	0.218846695441118	0.169044649483174	0.185790560051802	0.236663560222603	0.185000677588981	0	0.012329459507182	0.31609702305357	0.122269747645975	0.386507763296155	0.249059929767347	0.137231803758405	0.096294404755985	0	0.357816978014338	0.22439030050046	0.0932667072687322	0.253225238079261	0.00433805737199312	0	0.135296590246088	0.114660279607108	0.156055186487068	0.142644473698496	0	0.136357408567601	0.334966741615562	0.133482425780879	0.114423562438979	0.156070115432271	0.208516729724328	0.22124475298043	0.0520055693088247	0.0122519449398346	0	0	0	0.211230579067542	0.00915616422631775	0	0.509095259851932	0	0.306530821880245	0	0.232894220011156	0	0.138518639924081	0.25210098599554	0	0	0	0.28896475555729	0	0.14311088049348	0.0540809511018822	0.107989488017443	0	0.0359822670314711	0.00660832778915116	0	0	0.0188331730269138	0	0.25440981842245	0.123123201323454	0.288030641474195	0	0	0.110233964519723	0.360229050011147	0	0.0535330527401076	0.199774955931508	0	0.247476982365132	0	0	0	0	0.385400336034805	1	0.144145800670991	0.0501225910593058	0	0.185782706024429	0.117977901244786	0.110923220146867	0	0.0926246254530234	0.0670964739857957	0.0421250305165288	0.0890278502715737	0	0	0.0576648061498484	0	0.106596313433163	0	0	0	0.307241351998368	0	0.0609304140465923	0.233560172337539	0.0889574061610887	0.106538835578522	0.131562117827704	0	0	0	0	0.237343155528086	0.151744620201992	0.126533956884193	0.00905294080425611	0.275646776704502	0.13394479539268	0.222761138645284	0.350564908902078	0.0868454805743814	0.0917983767198626	0	0.066271031214433	0.0972976923259554	0
0.227327324122495	0.0162690097574589	0.228063146041499	0	0	0	0.0515780816233115	0.156229281699167	0	0	0	0.163925700995917	0.190388075112297	0	0	0.153734503816131	0.126110576644228	0.124644715556442	0	0.122980711271601	0	0.146387363487219	0	0.0745814722131814	0	0.416223437848118	0	0.0249638948626825	0.14526804685074	0.143254632671856	0	0.160585235199492	0	0.0397635842282387	0.0949631528375325	0	0.092742980903179	0.124464128152515	0.218882214143907	0.122166024924459	0.00161160525133113	0.088643735874487	0.163770935697253	0	0	0	0.244890060040727	0.00741284015289016	0	0	0	0	0.0749745102727889	0.281058995115003	0.0608869904239652	0.106874330641252	0.193461896837109	0	0.233242962541897	0	0	0.120819967123947	0.0662358314358122	0.379193906502932	0.267049073119901	0.304044465174886	0	0	0	0.0764502513444609	0	0	0	0	0.0334463911065178	0	0	0.0439841533982325	0	0	0	0	0.100245313437768	0.0690871765027032	0	0	0	0.004311837718594	0.263673755718532	0	0	0.027092595975197	0	0.0872439074069518	0	0.185549058395346	0	0	0	0	0.0439944303229145	0	0	0	0	0	0	0	0	0	0	0.0717643341908603	0	0	0	0	0	0.158370477368884	0	0.0285089233795972	0	0	0.0160990313886911	0.188350132080764	0.110649932478511	0.199860848508568	0	0.080330689059857	0.0120480750672003	0	0	0.0157569203482029	0.0268978017421638	0.168717515168739	0	0.0730289274539989	0.0702250547359694	0.08767173059077	0	0.235289293820062	0.0284915182275459	0.19593441300548	0.0879226065229396	0.135708635970162	0.278483308254725	0.324915524733124	0.0166573557923534	0.140368899687601	0.0298613532333353	0	0.0249747762160358	0.0800955322453469	0	0	0.0378331858170226	0.156679911340881	0.0823235916106887	0.242007218380575	0.120364606881939	0.098976827141255	0.0506304815343259	0.0105299372324976	0.172821024082566	0.0158799488364905	0.121209321560565	0.200665242435409	0	0.102427991874356	0.0158585738562143	0.212485785707083	0	0	0.032150836720128	0	0.38684517241779	0.046670747517421	0.0994496681425672	0	0.170428992399876	0.141813636649751	0.116306437141006	0	0.102600434965512	0	0	0.373152976438406	0.0525114362485993	0.247916991179964	0	0.217671211551033	0.0575954886189556	0.281443857985483	0.064409220245222	0.319241065330783	0.133696028789009	0.030466621603924	0	0.0493460092375883	0.280914588543719	0.0510820987728603	0	0	0.0789914259741714	0.217809879191794	0	0.211069265666449	0	0.0639729885446182	0	0	0	0	0.306994483602089	0.0143505125686548	0.18292076340625	0.0487278596561581	0.0944196946553114	0.101770571303173	0	0.144145800670991	1	0.0851204545236777	0.261800757922831	0	0	0.00559303157753389	0.145344334386971	0.177525880383994	0.0811897848074534	0	0	0.00266008995959345	0.00789433728634634	0	0	0	0	0	0	0	0	0	0.0883758561013317	0	0.345971071987776	0	0.150222069019025	0.21320059140225	0.192244910791619	0.0261146792162637	0	0	0.40666911228736	0.108004494221152	0	0.0131774453705636	0.0665478291507544	0	0.104005069751076	0.187836392442057	0.382346638292671	0.092143512679046	0.271960990994245	0.0583085451461706
0.0665559535522178	0	0	0	0	0	0	0.0571955558642682	0.0200390637143792	0.0904723835726259	0	0	0.0752626387854374	0.0455838074927719	0.0121289607177538	0	0	0	0.26028486524467	0	0.0586765305833731	0.000254654121388675	0.0157898739833713	0.126096201148585	0	0.0326081251650177	0.0511023179177913	0.162936500090634	0	0	0	0	0	0	0	0	0	0.0974461621543647	0	0	0.027992484158851	0.121666993759391	0	0	0.0371156221150524	0	0.0447819516305316	0	0	0.181744638827161	0	0	0	0	0	0	0	0.0184421269445372	0	0	0	0	0	0	0	0	0	0	0.153747973975437	0.20060496628819	0	0	0.00905317725930716	0.090335691443624	0	0.0630286762098332	0	0	0.174664498112238	0	0	0.0186008039415972	0.0712070094625636	0.0443040331865875	0.287562968985012	0	0.217343044531907	0	0.0176247922190036	0.237756778582294	0.463723786663811	0	0.118905640081556	0.0983300745072836	0	0	0.0447372697152629	0	0	0.0563319293316854	0	0.0698521048824469	0	0	0.107812258875944	0.229287303178617	0.189798930436744	0	0.167869385739251	0.0607252425598186	0	0	0	0.187724655411293	0.03730586205101	0.0902686035413843	0	0	0	0.0644256398577408	0.0190108197267641	0	0.0527620555896686	0.0884397431504713	0	0	0	0.191016128216442	0.225998755664181	0	0.133513447890253	0	0	0.00571383342523918	0	0	0.0520520533048778	0	0.224494624682672	0	0	0.0370060145830797	0.000517427304652727	0	0	0.0198295838796999	0.0323654506469804	0.199052107691738	0	0	0.11823343463098	0	0.0631094187644746	0	0.117531124841743	0	0	0.0936866563737092	0	0.0609438782027838	0.0430570408588535	0.0692579517051356	0	0.261192726328678	0	0	0.0639969475660378	0.0039398273021671	0.281626955842692	0	0	0.0381402140946474	0	0.0773616880887206	0.0191374009894689	0	0	0	0.0877605809783003	0	0.0391590973078406	0	0.0324666827785123	0	0	0.0171033515263847	0.36833442093122	0.127023286339931	0	0.145189380486842	0	0.037955257654174	0.0145075110213071	0.0335734209523022	0	0.00254001514293397	0.0331194676414216	0.184995374032524	0	0.192020353315866	0.169024229871383	0	0	0	0	0.1098326572519	0	0	0	0.0362284006632318	0	0	0	0.0629214531831943	0	0	0	0	0	0.0501225910593058	0.0851204545236777	1	0	0.173116113550835	0.0423343403265587	0.432620513428679	0	0	0	0	0	0.00707732672240806	0	0	0	0.0625939066168391	0	0	0.0172449280655879	0.373344407978212	0	0	0	0	0.0379872765447432	0	0	0.00141636839975277	0	0.102842365397868	0.0713564473167386	0.0852836578276685	0	0.0315981372440993	0	0	0	0	0	0.241554001058779	0	0.0633254269489208	0	0
0	0	0	0.0872625020130116	0.0259784951405872	0.209849136016301	0	0	0.105542325397192	0	0.0391253253722896	0.117745639671772	0	0.382190646353404	0.349875445368749	0	0.0531593239498758	0	0.257843916451218	0	0	0	0	0	0.0625960942930372	0	0	0.172333355915672	0.0643247989457652	0	0.1878641610718	0	0	0	0	0	0	0	0	0.192101162759888	0.185933490213674	0.253640441971091	0	0	0.236243749249719	0.0853594195341478	0	0	0.183169039646587	0	0	0	0.168726745875218	0	0.2477626622642	0.00115505100610904	0	0.407518406966634	0	0.0869780953237069	0.250658297283039	0.138735339334273	0.00243464167213093	0	0.0517229001911743	0	0.191584670775235	0	0	0.0768033680184588	0	0.167418982088017	0	0.163135776687419	0	0	0.317492217328545	0	0.260184006804587	0	0	0.147753255867167	0	0	0.378124806782647	0	0	0	0	0.190884451337743	0.215190591109915	0.0137336986364681	0.062242405126011	0.0145199657552049	0	0.00909993630795565	0	0	0	0	0	0.153900862397804	0	0	0.138308019507627	0.0482402449800486	0.159026311302812	0	0.105220893960853	0.155020276287791	0.0367033875267076	0	0	0.106081217682313	0.253026735428422	0.120297398982357	0.0121249681134877	0	0.159839530623674	0	0	0	0	0	0.00825101586753712	0	0.152140375881551	0.0440731715282672	0.16955705900129	0.0402630164317713	0.121264363506121	0	0	0	0	0	0	0.0265803904385294	0.0180986831851598	0	0	0	0	0	0	0	0.0619203225894891	0	0	0	0.252471810325905	0.0167107748780434	0	0.0181064155256719	0.128464218465981	0	0.0372147498402829	0.0655798378355035	0	0	0	0.113688072307807	0	0.011660917209745	0	0	0	0	0.353849966321755	0	0.0811662023758417	0.107751531864289	0.0544932806728618	0	0.145352744384244	0.0888463671917945	0.119226621426261	0	0	0.0112074126357364	0	0	0	0.150239317208727	0.131797367719779	0	0.175113389652276	0.0183408081923583	0	0.0908147003775244	0.120934363698212	0.0565392697123392	0	0.0138404475169096	0.236661699526067	0.0412620781282515	0.190612271855082	0	0	0.0450025525791531	0	0.0830214545673045	0	0.186568949651006	0.0717925293595978	0	0	0.0299161875903081	0	0	0	0.0674214093783451	0	0.246124050499083	0	0	0	0	0	0	0.261800757922831	0	1	0.338458913098925	0.311019643720007	0.507018729797933	0	0	0	0.067913286476476	0	0.267034373695832	0	0	0.0422581071853235	0.119678239482615	0.1411058606455	0.167009973581768	0.0484687625908441	0.491184951013142	0.0451434868821682	0.0711417042341649	0	0	0	0	0	0	0	0	0	0.251484153941901	0.00873520201420634	0.287186407354124	0	0	0.00747249812009093	0.0707288330187712	0	0.0879517235090086	0.0357024447732762	0.0972579396180407	0	0
0.0508598129414401	0.0951701949002317	0.100731752281484	0	0	0	0.194548183255959	0.241915588587445	0	0	0	0.280326070882529	0	0	0	0	0	0	0	0.177211243751032	0	0	0	0.0130264834960102	0	0.300366706263247	0	0.14533470890094	0	0	0.111585987153969	0	0.108784312821526	0	0	0.11965575617487	0.0582489051356268	0.0523148860957046	0	0	0	0.00263909036590133	0.242946525354777	0	0	0	0	0.133722464523646	0	0	0	0	0.00556025894221877	0	0	0.0683470865481511	0.0789888415069866	0	0.173027362916675	0	0	0	0.0349196994946555	0.241517155703003	0.143879170637118	0.298298209080834	0	0	0	0.148757351203365	0.0321883541656228	0	0.138729950063438	0	0.401435159751147	0.181608873330714	0.0530616539224813	0.203833991005329	0	0.238295554879015	0	0	0.192151681466118	0.131251448591421	0	0.134317115919207	0.0461809765785771	0.0943969352961661	0	0	0	0.0684598144827296	0	0.112394873166101	0.015009515717393	0.0731988046447609	0.0906041591271127	0	0	0.17697076449614	0.0485274269038175	0	0	0	0.00021733663211961	0.0235903485892452	0.0227972072620157	0.0821321847066356	0	0	0	0.0459035233827738	0	0.173778917886146	0	0.152526788352285	0	0.103186586540038	0	0.0445356563017399	0.169244649985446	0.0872717334001908	0.0438671712656478	0.270832813898967	0.179316150595764	0.307601494801309	0.164010002922085	0.141980419110666	0	0.0271800125205026	0	0.217291997406278	0.388212605301238	0	0.130797365614829	0	0.182843581434905	0	0.256266201245377	0	0	0.128335139564455	0	0	0.0863322017511761	0	0	0.00892833620519747	0	0	0	0	0	0	0	0.0623721164532156	0	0	0.0609573627619609	0.045885489201046	0	0	0.111571221760904	0	0.163068222880584	0.0746718834207184	0	0	0	0	0	0.127765631398067	0.0444618465882532	0	0	0	0	0	0	0.136105395723932	0.229112068787973	0.244107576025183	0	0.12147330949825	0.235524803896448	0.225035840592557	0	0.2015601875568	0.0826385078490069	0.0948167166731392	0	0	0.131910888417011	0	0	0.04233990966777	0	0.222654649868554	0.0312055950886609	0	0.271852239713756	0	0.360220070761741	0.118971254046214	0.127910245888151	0.331449554354224	0.0622882252575758	0.0860047230363943	0	0	0.0369051179591083	0	0	0.160280849626619	0.287661390014673	0.310124724567241	0.00546345728799295	0	0.103856967454936	0.185782706024429	0	0.173116113550835	0.338458913098925	1	0	0	0	0.0915984251954876	0	0	0	0	0	0	0.0756302525633285	0	0	0	0	0	0	0	0.131966261260369	0.118608366169984	0.0867603810004433	0	0.0602316714748818	0.0710676869145508	0.127404731390839	0.115430730796451	0	0	0	0	0.1037576012574	0.322094831249259	0	0	0.00244278869602699	0	0.20932810044456	0	0	0
0.150998841946212	0.202596420204991	0	0	0	0	0.173209631724902	0.240857921129356	0	0	0	0.126741032512004	0.0569092681126236	0	0	0	0	0	0	0.191193225095624	0.0908300817355765	0	0	0	0	0.31845279764567	0	0.199393196221725	0	0	0.0914684502637072	0.0630235384848581	0.138281795996333	0.0156887210975275	0.0388668156874871	0.266736833512062	0.0436132544072409	0.0828365828851352	0	0.0580304505720949	0	0	0.201749300784375	0	0	0.112605477197914	0.0724449177013371	0.253624815077532	0	0.144060854409447	0	0.0683231168066129	0.00743342593937518	0	0	0	0.0553634676507019	0	0.183271920838641	0	0	0	0.126334141493685	0.192993819528702	0.0981095823903175	0.2540182967596	0	0	0	0.29872729944604	0.0641146053823709	0	0.186349248975085	0	0.363477211324397	0.241195515891123	0.0202572503631952	0.046269708915076	0	0.0976738720628547	0.0411530321307795	0.181340470768589	0.273171291289346	0.282856875699235	0	0.212873907062669	0.0152154463774044	0.0864985285039087	0	0.0760091400196459	0	0	0	0.0192966714537916	0.0528362136538197	0	0.0377005873824834	0.0312519124680101	0.0367634411813416	0.265008449361675	0	0	0	0.0410495110831139	0	0.0765438079648336	0	0.104430602407042	0	0	0	0	0	0.101799182567664	0	0.148029019566481	0	0.140779526093973	0	0.050965236441097	0.182540699963902	0.0527317491234151	0.149298994050113	0.229168605361069	0.177666792881213	0.265218786599289	0.170704372197873	0.162317991906059	0	0	0.21441862076717	0.248637455665475	0.314057645598136	0.0400506451464728	0.172909510385574	0	0.198925313340325	0	0.279909757229596	0	0.105263683404243	0.243408402710086	0.10510309902461	0	0.078346875750065	0	0.115500591134582	0.052158668742198	0	0	0	0	0	0	0	0	0	0	0	0	0.0392168637478479	0	0	0	0.2430548128094	0.0328582290595527	0	0	0	0	0	0.166421287454964	0.0407185331803059	0	0	0	0.00795961504542645	0	0	0.148852658243084	0.125133888102444	0.259847893806257	0.0482810330193449	0.130834576988205	0.165208663483215	0.204609952624561	0.0768665597708064	0.216558100677469	0.235959109276693	0.117347993611417	0	0.0709059340868951	0.235826836815978	0	0	0	0	0.209563612040595	0.105216133010141	0	0.217782049081619	0	0.393233495232963	0	0	0.259868275480225	0.119358645114821	0.147497909165833	0	0	0	0	0.0260768744795366	0.190064980261925	0.168748319721467	0.220131112560386	0	0	0.119600124363957	0.117977901244786	0	0.0423343403265587	0.311019643720007	0	1	0	0	0	0	0	0	0	0	0	0	0	0	0	0.01606725038137	0	0	0	0.190500565226172	0.237116675621787	0.0848440947146954	0	0.116982732763591	0.0650595459783858	0.17147870431876	0.193322165817827	0.0673513329673341	0	0	0	0.122567889365318	0.344859812459224	0	0	0.165325599305186	0.0565863196196547	0.226129789213682	0	0.154472765904222	0
0	0.0801191993791128	0.0690863309930651	0	0.019042290793179	0	0.179975238691431	0	0	0	0.0434840084668221	0	0	0	0	0	0	0.107704450324012	0	0.0205781188265516	0.150819971560584	0	0.199825339218312	0	0.1727578769588	0	0.098330409177172	0	0	0	0	0	0.378231897707762	0	0.011112301273541	0.0882038914200686	0.134312203518717	0	0	0	0	0	0.0957115553870512	0.0614427655720929	0	0.220193555451272	0.0135199394017249	0.258173386134208	0	0	0.433240112612523	0	0	0	0	0.214759168145285	0.211915214311419	0	0.313512069011199	0.0183820608650246	0.0491895133132564	0	0.146587867158744	0	0.00056610137763601	0.0952194682215518	0	0.013894237419307	0	0	0	0.025343840715179	0	0	0.178366430309468	0	0	0.271257706049293	0	0.24549304403463	0	0	0.139048390682453	0.00143674778882603	0	0.0988291697654121	0	0.287153756606401	0	0	0	0	0	0	0.270592342569016	0.0302529649066509	0.184590042117338	0.207327430204365	0.300635838265418	0.148204488691012	0.221647416282332	0	0	0.118739006703061	0	0	0	0.0849305867732754	0	0.0442153390567808	0.20895639265329	0.0212675879738229	0.221469820474898	0	0	0	0.124640302799788	0.246414755924741	0.0827860524116902	0	0.0852720132282981	0.15822701444627	0.0985765619714178	0.22641191639202	0	0.183823325667315	0.093893382049588	0	0	0	0	0.502938420788519	0.288723592528153	0.0909192714257429	0.184960872053346	0	0.0476830688432347	0.125494228936441	0	0	0	0.041934426037887	0.108345973737976	0	0.195822389295168	0	0	0	0	0.306669472757143	0	0	0	0	0	0.0924054079589709	0.0302922822413161	0	0.0845292070978146	0	0	0	0.0817319213577797	0	0	0.0535054061074818	0	0	0	0	0	0	0	0	0	0	0.0109638031166294	0.244380561334648	0	0	0	0	0	0.0452594713661244	0.0267831356242448	0	0	0	0.200005171889619	0	0	0	0	0	0	0	0	0	0.039383121526724	0	0	0.0971078909586782	0	0.0147082583443243	0.162889062951146	0	0.0721798217444433	0	0	0.0855532142366841	0.210391582849461	0	0.283543770936682	0	0.108583575681363	0.341978036014084	0	0.0985386546022801	0.0991671054136299	0.110923220146867	0.00559303157753389	0.432620513428679	0.507018729797933	0	0	1	0	0	0.0331453981484859	0	0	0	0	0.478605177966751	0	0	0	0.219183771897206	0	0	0	0.089190106180211	0.251291088401121	0.193397893459178	0.0580928104204404	0.394071791206222	0.0764989836568255	0.196473123384604	0.188619951328223	0.0302517850184945	0.137386514917463	0	0	0	0.050091838283344	0.0371585692510497	0	0.0357752603002343	0	0	0	0	0.0331653462157407	0
0.138096787000303	0.0175522577261046	0	0	0	0.173166141513725	0	0	0.076235318783818	0.065777448519295	0	0	0	0.046994085372646	0	0	0	0.10202721886926	0.0171845477601093	0.0634467025512949	0.0683096850997671	0	0.385432187412155	0.167519384834595	0	0	0.324714545817369	0.366830150288897	0	0	0.267303475091037	0	0.163582529595088	0.157760653174037	0.0181535534817516	0.29988704241312	0	0	0.13308518605901	0.0669185923737387	0.022171090919377	0	0	0.00288622199303	0.0124502778585502	0.110385772529865	0	0.0709176963300895	0	0.172093003862049	0.0842232022976588	0	0.0766501800031975	0	0	0	0	0	0	0	0.149993363716422	0	0	0	0	0	0	0	0	0.00674381961730805	0	0.0730861536687135	0	0.0146661747331063	0.180547807266025	0.110751977183063	0	0	0.208792682740194	0	0	0.145409294819375	0.145624506911378	0	0	0.16400779161545	0	0.0761824555279897	0	0.221317524043237	0	0	0.104841438678957	0.0127982627828776	0.106605644799747	0	0	0	0	0.270974772240166	0	0.215525953480343	0	0.285546164273129	0.268629971550993	0.306382425844263	0	0	0	0	0	0.163385131434724	0	0	0	0.131341472352341	0.254474247002003	0.106569241972459	0.0352193490639363	0	0.20117323340314	0	0.0343923831639579	0	0	0	0.275467769916099	0.256416664533654	0.261604399896266	0	0.14875995196298	0.0664844380782912	0	0.0658320326668457	0.210796299757548	0	0.16498432799966	0.192793622624477	0.283938261003208	0.0162497505234952	0	0.17478763041357	0	0.0578001939528916	0	0	0.0821158482534287	0.167409297918355	0	0.176621390317418	0.127896067304328	0	0	0	0	0	0	0	0	0.0978016698238245	0	0	0	0.057753096301152	0.00295321292416108	0	0	0.071080735602756	0.0854646403636496	0	0	0.0885075224434798	0	0	0	0	0	0.0942742506461507	0	0.0240872893701683	0	0	0	0.285171025501749	0.136155704300741	0	0.126743099924173	0	0.0352837607480077	0.0295582973904992	0	0	0	0	0	0	0.0616557045956063	0.153468965427317	0	0	0	0	0.0901405387763726	0	0	0	0	0	0	0	0	0.123806280687477	0	0.142216732489898	0	0	0	0	0.203491972639694	0	0.145344334386971	0	0	0	0	0	1	0	0	0	0	0	0	0	0	0.206283924384159	0	0	0	0	0	0.33105408539979	0.237984052256761	0.0181856162319894	0	0.0617171931125681	0	0	0	0.164520442734653	0.310568661889196	0.141826831178751	0	0	0.248533396169197	0.20578961439121	0.0462078016013436	0.122599890393916	0	0	0	0.00691500878218329	0.137048207021487	0
0.0816113209480217	0.173653253491611	0	0	0	0	0	0	0.133679893068813	0	0.0245028190579854	0	0	0.0769477303075817	0.105358894168434	0	0	0.0161355823160837	0.188914947199659	0	0.121791175167818	0	0.129887189323832	0	0	0	0.234597199028463	0.0727439443012476	0	0	0	0	0	0	0	0	0.00506674359409129	0	0	0	0.121181614429456	0	0	0	0	0.0550184783376729	0	0.0126066673097914	0	0.0967678177691178	0.134322912526593	0	0	0	0.0237625463975586	0	0.102527298366507	0.144316586467635	0	0.0631060513267469	0.143058723899538	0	0.0125704957703091	0	0	0	0	0.0926868136082023	0.137278794689663	0.0159398356331608	0	0.00711149122922723	0.0166922532896613	0	0.0882629613204673	0	0.078724023309809	0	0.274227582722544	0	0.143144261511984	0	0	0.0372113369197411	0	0.121552267983737	0	0	0	0.0617752697233356	0	0	0.038195115485773	0	0	0	0.0816208438216184	0.0569363059255926	0.00675708319251974	0.136092831805478	0	0.244612624840796	0	0.137114972564208	0.0661615875036612	0.210644343587173	0	0.0375391074567417	0	0	0.0532554138314363	0	0	0.00238956242854947	0	0.106347345653045	0.0261649474494996	0.0498145848665013	0.176197568310889	0.0968555942175463	0.184000733501227	0	0.168639849701432	0.0159586464115141	0.158132937242933	0	0.0542492536325329	0	0.00130424344448331	0	0.135950746990465	0	0.000483831635331555	0	0.132947981217698	0	0.0972967608582912	0	0.143017118037478	0.0316827822376832	0.0889067703995988	0.222191550526505	0.103403979634182	0	0	0	0.00429683720410994	0.158690676860672	0	0.131153381016199	0.0868917637698714	0.1049974530396	0.021154610590253	0.0111502939912166	0	0.0192204848898725	0	0	0	0	0	0.128434176832435	0	0.125791641999968	0.105699112854986	0	0	0	0	0	0	0	0.0687078571652963	0	0	0.0206675659359312	0	0.141928747691532	0	0	0.0100549044724448	0	0	0.020057965132116	0	0	0.0501792497356763	0	0	0	0	0	0.13595829049169	0	0	0	0	0	0	0	0.0292000185901151	0	0	0	0	0.0623846006204246	0	0	0	0	0.0388347293704351	0	0	0.295072480125257	0	0.0941710205916755	0	0	0.212647306587396	0.0926246254530234	0.177525880383994	0	0	0.0915984251954876	0	0	0	1	0	0	0	0.00952792898958637	0	0	0	0.142111267449842	0.164206819026604	0.0398226017445531	0.0409288933526168	0.0109538908400305	0.0248997525112647	0.245295900147449	0.148501194480496	0	0	0	0.00566003127682763	0	0.224716010985808	0	0.255849200118452	0.0289856450555596	0	0	0	0.215626831909442	0	0	0	0	0	0.16958125920499	0	0
0.125635437466767	0	0.0119939321589458	0	0.0101243394375779	0	0	0.193347724125901	0	0	0	0.0536678803313403	0	0.0263370527533199	0	0	0	0	0	0	0.179046088220177	0	0.102495290830618	0.0232163668022738	0	0.0162284464114466	0.274172860591695	0.0859630427938285	0	0	0	0	0.0947163405397481	0	0	0	0.201290416961147	0.00198797370043898	0.0268529775389123	0	0.114906133298444	0.0358279138336101	0	0	0	0	0	0.0741535387628709	0	0	0.00853352261163986	0	0	0	0	0	0	0.0932874608309453	0	0.0134841844386547	0	0	0	0.0829548236579301	0	0	0	0	0	0.0745375591048137	0	0	0	0.0481363309911545	0.0527461537715636	0.0460919717206486	0	0.0635501701679252	0.160920931405669	0	0	0	0	0	0.150574282287492	0	0.0459537920531549	0	0	0	0	0	0.133615767520384	0.205084223832832	0	0	0.11633137512973	0.13082962194541	0	0.204798283682068	0	0	0	0	0	0.1078654923081	0	0	0	0	0	0	0	0.0370875651751869	0	0	0	0	0	0.0921031757387209	0.0355365949723265	0	0.0685837113716647	0.209456076090392	0.00824064113156591	0.16682872262623	0	0	0.0356941756082055	0.0907067582629528	0	0	0.0495841530535318	0	0	0	0.112838934965054	0	0.0871581680872868	0	0	0	0.00501664732276287	0.0842638947525884	0	0.0403102360438366	0	0.169325462782908	0	0.0424623416445209	0.136023194609077	0.0566370633436749	0.154678944710803	0.00909896692251759	0	0.0868757925718133	0	0	0.103133171610085	0.0427530902974135	0	0.0813034609218209	0.0536240670622107	0.165938076181944	0.0395225966515025	0	0.137152828798496	0.115753950392053	0.229746949615428	0.00449786442671274	0	0.143055565648727	0	0.0591872508540059	0	0	0	0.0611203569939222	0.0523834239299912	0	0.0101416324435649	0	0	0	0.081290591210224	0	0.189816333201267	0.181503852474402	0.089699976108701	0	0	0	0	0	0	0.0571902352107335	0	0.23202507811105	0	0	0.186929844068756	0.0806648476510605	0	0	0	0.0724238675247749	0.0571222775239712	0	0	0	0	0.118189566970068	0.0698438152986437	0.234016854247298	0.0941856102294191	0.0453340996942376	0	0	0.0142898102370123	0.0670964739857957	0.0811897848074534	0	0	0	0	0.0331453981484859	0	0	1	0	0	0	0	0	0.0500253330914288	0	0	0	0	0.0673515630412182	0.0044013313860243	0	0.0723416199179659	0	0.0119573441402378	0.0477260615326452	0.0104600360302615	0	0.0390523760247937	0.00699520110153332	0.0987341109876952	0	0	0	0.226990808939271	0.336741505135732	0.102049497819094	0	0	0	0	0.0502809242238619	0	0
0.244832074832106	0.224513386680269	0	0	0	0.0353981060085216	0	0	0.0315481009918553	0	0	0.0142847098878773	0	0	0	0	0	0.153361135747289	0.0274446704906968	0.112246208257467	0.167506269156521	0	0.170960923943028	0.0361472720612155	0	0.159964034854853	0.222400853885322	0.168115069749075	0	0	0.00613683271653785	0.0567426221261078	0.131190253339263	0	0.0731267915369554	0.252972846040385	0.0221607798225739	0.0719639614124487	0	0	0.125955293629567	0	0.114442745168472	0	0	0	0	0	0	0	0	0	0	0	0	0	0	0	0.0668412295778786	0	0	0	0.187457334250093	0.117639192326149	0	0	0	0	0	0	0	0.000548044862964092	0.0428604207654336	0	0.416010634473427	0.354883998944794	0	0.0560911651834406	0	0.0169457707516331	0.0421721591539059	0.164762749444578	0.277751482324366	0.179192983276229	0.0268633849096378	0.0990953956307967	0.0816088919740345	0	0	0.144662547243073	0.0287638191777909	0	0.160799643279606	0.0734228842563	0.151404842875258	0	0.189036692044262	0.0477829858986905	0.195764208520304	0.180908043748038	0.0300157076061137	0	0	0.175949718281895	0.0165481592429864	0.237156464761115	0	0	0.0546967805220712	0	0.00307778978485417	0.0227067388287925	0	0.157246401960583	0	0.179865409144348	0.132678308296861	0.101970250869023	0.0684344507655908	0	0.146770241364637	0	0	0.107565816564057	0.151017131857546	0.15351123919086	0.176512535946362	0.0445025512897418	0.102848766860192	0	0.186951064394824	0.000585783749546317	0.155613380911444	0.111707156414281	0.284933202210678	0	0.259156052525354	0.0489179146196434	0.347202441196938	0.0820064108951719	0.0993511177204879	0.438317844386962	0.00494418315527911	0.0161429115274377	0	0	0.0894471765747252	0.0900801999534488	0	0.254306044085888	0	0	0	0	0	0	0	0	0	0.171473215587446	0	0.0273595403582557	0	0	0.0302826053801759	0	0	0	0.00736970631828506	0	0	0	0	0	0	0	0	0	0	0.174141041754928	0	0	0.0899211752297636	0.140750784130832	0.0477881485551022	0	0.272107016442365	0.0386379932286	0.0566824662025059	0	0	0	0.0142055802793562	0	0	0	0	0.152644533694351	0	0	0	0	0	0	0	0	0	0	0	0	0	0	0	0.0239886307467256	0	0	0	0	0.154530704163937	0.0421250305165288	0	0	0.067913286476476	0	0	0	0	0	0	1	0	0	0	0	0	0	0	0	0	0	0.0423708887702709	0.0969894350491442	0.186637082343021	0.117770105023633	0.210458142375054	0	0.00530619963121229	0.033613326712741	0.0414440777189582	0.261267388332235	0.23521613671044	0.00754153791497459	0	0	0.378094045012888	0.0954474801206827	0	0.0694170785050436	0	0	0	0.038034930033856	0.0928194192327518	0
0	0	0	0	0	0.069253170630898	0.0326200886001418	0	0	0	0	0	0	0	0	0	0	0	0.0991985897787963	0.18624325773354	0.174589321191652	0	0.224008280184225	0	0	0.115506353680784	0.0497914198045491	0.325743744179348	0	0	0.0770194798464965	0.0380145895381802	0.253604180398271	0	0	0.211037652074769	0	0.0865342244406551	0	0	0	0	0	0	0	0.0516367891434153	0	0.110850705293788	0	0.104783822171192	0.0845464145287224	0.0244037117387404	0.0303031153661936	0	0	0	0.0353736197585421	0	0.099333434649718	0	0	0.120341217379759	0.0923972666791466	0	0	0	0	0.00265684024405504	0	0	0	0.0976115442467369	0	0	0.406992158514841	0.166734333045059	0.0114588461230087	0	0	0	0	0.100640295318816	0.160373851168224	0.246649519108768	0	0.156907518989489	0	0	0	0	0	0	0	0.0124850553544184	0.00910020753549116	0	0.0636854786459736	0.120784564523324	0.147989359971571	0.336116973582086	0	0	0	0.130898187431687	0.0543597340220902	0.234969344950819	0	0.0261996738983159	0	0	0	0	0	0	0	0.211704981430037	0	0.242195206950239	0.0572222186018886	0	0.35266149008502	0.0404674165823154	0.107999387043931	0.0467355356837879	0.0371402296594229	0.250756023293178	0.249397039444188	0.0282295313005714	0	0	0.0902721401390695	0.086850047124419	0.111104937894085	0.0826124632211167	0.0409716339150198	0	0.219923804014668	0	0.252858728058804	0	0.0169716456370195	0.298957429734227	0.0745399000217621	0	0.0632592865692681	0	0.168494176450671	0.0256298671107697	0	0.0938119814816081	0	0	0	0	0	0	0	0.00621098171580512	0	0.0247362387426858	0	0	0	0	0.228445866535444	0	0	0	0	0	0	0.0461710167649988	0	0	0	0	0	0.0402362590117772	0	0.022687092883802	0	0	0	0.22926917126891	0.0229507839832186	0	0.0263535474658967	0.174352513828857	0.146667931996287	0	0	0	0.0737023738181755	0	0	0	0	0.0806204805539162	0	0	0.0921266096348785	0	0.126961421463738	0.0281490528462485	0	0	0.168905751450146	0	0	0	0.10016969398081	0.0971843694954546	0	0.125376839012295	0.0108284061926977	0.166838734064823	0	0	0.115336022899978	0.0890278502715737	0	0	0	0	0	0	0	0	0	0	1	0	0	0	0	0	0	0	0	0	0	0	0.329522320493349	0	0.103206111582079	0.138433380519081	0	0	0.353439727658304	0.320625890654138	0.108224315292972	0	0	0	0.125380522979717	0.200712887592573	0	0	0.0249555067058308	0	0	0.110060068222125	0.273314491660066	0
0.266750256694622	0.0710441430247149	0.108592885628515	0.184050193282202	0.116978688606474	0	0	0.173216372299978	0	0.0487001283718165	0.00317330699308951	0.030736943250233	0.221360259183742	0	0	0	0	0.00193823886797175	0	0	0.255148382593405	0	0.118961156259786	0.0518960431628006	0	0.0354620653128863	0.0140213648831816	0.178422791506206	0	0.147319498988176	0.00067559875891486	0.168311266776886	0.0621613245702508	0.185003516473886	0	0.167431499952797	0.173426713953131	0	0	0	0.12928095148363	0	0	0.118685684562532	0.0404640067821806	0.0776470185777558	0	0.378616067032677	0	0.223495301275922	0.15309162261609	0	0	0	0	0	0	0	0	0	0	0	0	0.140078053261012	0	0	0.0367066939260431	0.0108900610596451	0	0.0114970329178282	0	0.207494047772337	0.0195644213174012	0.218098835150085	0	0	0	0	0.0881786893228219	0.303264658807538	0.0796392095039341	0	0	0.0893377370995791	0	0.0578020552672796	0.299356474660279	0.150631152535383	0	0.0894568461604025	0	0.155037508738157	0.0832131369310432	0.148506459359217	0.0421918808123094	0.0404421552655239	0.00584196035352916	0.144762739507278	0.231566851481178	0.0780010060485677	0.276255106338821	0	0	0.0550426742944305	0.0934160123784013	0	0.201009302518716	0.154505090065745	0	0.0854555643943755	0	0.0189699432889452	0.0297008203434047	0.0160002454095572	0	0.0156131559256936	0	0.194077163783103	0	0	0.0242342797777006	0	0	0.319349992577665	0	0.172758163300578	0	0	0	0	0	0.23670118063877	0.19391555129305	0.149505325005318	0	0.0169310654656218	0	0	0.272570992622328	0	0.0753353399921885	0.0694901434603231	0.0840193542723756	0.174562202574374	0.0445486824831821	0.0739887981256723	0.020341050929262	0	0.226032944480802	0.0976139676707268	0	0.00737755455719362	0.0903188310245601	0.0974590468262147	0.26397541208975	0	0.221985100995975	0	0	0.0599019807662425	0.274531921124515	0	0.104128167271876	0.0984504238233974	0	0.160405036516724	0.135328642731536	0	0	0	0.139246790301911	0.19621903047135	0	0.033773973792405	0	0	0.28796834527042	0.0256439232177061	0.0603412718983345	0.0590774813642498	0	0.104040161327621	0.242043040633417	0	0	0.110605469954709	0	0	0.172608131257605	0.102898278167278	0	0.111785923076024	0.0621826741144436	0.26326353915744	0	0.0312673283790262	0	0.102759730824451	0.284194859029597	0.0641523761357013	0	0	0.0147704596346479	0	0.13969670974027	0.197827694582449	0	0	0.0264922167344934	0	0	0	0	0	0	0	0	0.0682225255510009	0.0946986606388677	0	0.00266008995959345	0.00707732672240806	0.267034373695832	0	0	0	0	0.00952792898958637	0	0	0	1	0.170957679634759	0.131505993185784	0.0974491902902052	0.0352278407273276	0	0.0206868660796791	0.0797709447583924	0	0	0	0.247169826077508	0.141707412476794	0	0.104023735064583	0	0	0	0	0	0.0663642392532791	0.0659606533677582	0	0.188717989803828	0.0349365739759148	0.113780525136752	0.0918153245773447	0.0154957319296123	0.0534207957602851	0.0376671122804861	0.0694619599100767	0.0222746377801707	0.104444090134503
0	0	0	0	0	0.0845009949136332	0	0	0	0	0	0.0142366654574361	0	0.0598198207035461	0	0	0	0	0.160177833754067	0.00638379681342155	0	0	0.135403912533328	0.0663733098087404	0.0530900951009325	0	0.00380378622832489	0.448989835546374	0	0	0.168757735119921	0	0.264728299692789	0	0	0.128907120907897	0	0	0	0	0.0108583009339046	0	0.0986810817179823	0	0	0.0853860397572197	0	0	0	0.0963374601904445	0	0	0.0717582495538868	0	0	0	0	0.00741286938333109	0	0	0	0.129961283129357	0.131173254851139	0	0	0.0763753670119809	0	0.00116556421346295	0	0	0	0	0	0	0.437297599639558	0.0947387387521738	0.170334147999966	0.0162081945028953	0.1809623445954	0	0	0.152652273923843	0.134336563624972	0.0542148945704514	0.106626013246321	0.0932549732970928	0	0.0418630455463765	0	0.196747490740015	0	0	0.287409211995739	0	0.0529726100391356	0	0.0775991659880749	0	0.050607482799969	0.23223747791171	0	0	0	0.131592108038041	0.128619738677132	0.18160450670705	0	0	0.00859365127726016	0	0.00496299436605905	0	0	0.0407214844292748	0	0.19988154956916	0.0886931124308019	0.152288277802559	0.131909513326087	0.0604908176739738	0.167973640270793	0	0	0.167031261365565	0.00150891930680762	0.0690254110011915	0.445535480691235	0.271548507141793	0	0.0441434498697538	0.0551873004325115	0	0.198560436998505	0	0.187996080980216	0	0.124525530041451	0.165858209073252	0.295144884608597	0	0	0.161242330705935	0	0	0	0	0.121591326352192	0.0364101415733765	0	0.176465813907406	0.0633886147857136	0	0	0	0	0	0	0	0	0.000652193780098425	0	0	0.000640983600030559	0	0.128183474092176	0	0	0	0.0931438659751665	0	0	0.0336887295235568	0	0	0	0	0	0	0	0.0793960135802743	0	0	0	0.426333953548948	0.226068193818079	0	0.211957045994361	0.0138404609837879	0	0.0818770902230572	0	0	0	0	0	0	0	0.119927052388209	0	0	0.0542618259514347	0	0	0.0451210566607414	0	0	0.00589605056621643	0	0	0	0	0	0	0.122210382753289	0	0.097132960722317	0	0	0.11916403137797	0	0.00789433728634634	0	0	0	0	0	0	0	0	0	0	0.170957679634759	1	0	0	0	0	0.00501691199390948	0	0.113562077836854	0	0.148292717815162	0.217590173979553	0	0.0573490859724753	0.0469919192123245	0	0	0.0788103580277915	0.160972621885049	0.0854429222364876	0	0	0	0.146787588088573	0.136121534625348	0	0	0	0	0	0	0	0
0.0968073446846975	0	0	0	0	0.195286963508857	0	0	0	0	0	0.122627885478852	0	0.330552032701009	0.0931052855783932	0	0	0.00343704123136953	0.0932370466330724	0.172350736943162	0.130985493169676	0.166628038040817	0.0722274104046192	0.196754631161029	0	0.33518726411634	0.0652487645293305	0.0777734353194767	0.0202080586396222	0	0	0	0	0	0.0674644834144137	0.0227261257512256	0	0.142619958687966	0.00764186557906465	0	0.0689358592903943	0.196865806685252	0.0268561010485528	0	0.104697179023387	0	0	0	0.180018991960409	0.0618909941667213	0	0	0	0	0.10361652038276	0	0	0.173403830791921	0	0	0	0	0	0.185821147225432	0	0.0853656259606614	0.0724477316640079	0.184364448353154	0.154481240196765	0.332940370298536	0	0	0	0.0630394196074112	0.198424847509063	0.223119694807576	0.0787695451949398	0	0.137811389657356	0	0	0.132569001088927	0	0.200763196449036	0.223646679818205	0.0864010651725799	0	0	0.201589826051396	0.191679592161367	0.359117075170604	0	0.188071812814583	0.265404115395575	0	0	0	0.019937110435028	0	0.118282213989577	0	0	0.0874796679028387	0.0217130946216083	0.0173286917393767	0.169555011087425	0	0	0.0291817978910378	0	0	0	0	0.128237678737031	0.167645562747367	0.169125516386302	0	0	0	0.0645524900356675	0.0383148715700183	0	0.0709389376834215	0	0.289216913698149	0.0704796021498583	0	0.110367622315875	0.298179820250967	0	0.310106335982476	0	0	0	0.0499406488945333	0	0.109014684423893	0.0633680587468304	0.123852470705466	0.0702605944800514	0	0.196360401297742	0	0.0136751898917069	0.0524271132369941	0.0974593281966287	0.209843390536374	0.228147961456538	0	0	0.0342288546173216	0	0.0847044640170102	0.131095426637366	0	0	0	0.140961162927496	0	0.104181064160683	0	0.256338280054507	0.0044652539252502	0.257874186198477	0.21049459901895	0	0	0.133758218585333	0.235275491442168	0.0545082853470844	0	0	0.112798184163376	0.0474970757900364	0.16548635798852	0.0930526351573394	0	0	0	0.0207890663235434	0.0143585049327581	0	0	0.0276618800382485	0	0.0594993635673371	0.404885969767652	0.101277530608749	0	0	0	0	0.0355974412278052	0	0	0	0	0.126620007007896	0	0	0	0	0.0225181465666643	0	0	0	0.0276938253066426	0	0	0.0583018860848355	0	0	0	0.0159299097829127	0	0	0	0	0	0.0576648061498484	0	0	0	0	0	0.478605177966751	0	0	0	0	0	0.131505993185784	0	1	0	0.171553747341358	0	0	0.11060237997114	0.20318271435253	0.0935755752320597	0.060365408704291	0	0	0.183197192791472	0	0.151713132978983	0.0681586354539648	0.138143966437896	0.174955146157538	0.0109870986766256	0.29064428813341	0	0.0578432092829799	0.165954221604316	0.0768864796862842	0.0492329339970503	0.0718207889511868	0.0940018554848836	0.0471232740418215	0.10789120324222	0.0556085040364823	0.11682906813889	0
0	0	0	0	0	0.10760543647248	0	0	0.0328151093365795	0.0285563099953825	0	0	0	0	0	0	0	0	0.0634385436988366	0	0.049595371320843	0	0.328195147005228	0.106950137957708	0.0181275868793951	0	0.092282967675443	0.411106802381362	0	0	0.196228500499635	0.0585593662908579	0.0756885116695059	0.235168094241346	0	0.298988413941283	0	0	0.0200358497818662	0.0460717144229152	0.0568456569696638	0	0.0717418401934101	0	0	0.0276661726644848	0.091330534166126	0	0.0450405848068487	0.208599372804611	0	0	0.0194276500730025	0	0.083527038420086	0	0	0	0	0	0	0	0.0203068709025001	0	0	0.0877966603480113	0	0	0	0	0	0	0	0	0.319783683078356	0.173739751084185	0	0.00552971043723897	0.199447660068256	0	0.0271912126346814	0.253613860483409	0.32343855944142	0.114705227337717	0.0285573895746038	0.222120331530708	0.0746519378858088	0.24362606057834	0.156453017820303	0.368584427229414	0	0	0	0	0.235894204560981	0	0.014412900980724	0.0112152383677835	0.0747793024327197	0.241889341931384	0	0.131789886854554	0	0.399902342274223	0.230853645259576	0.225915030836024	0	0	0.0546975092572124	0	0.0191862256445151	0.172263172537866	0	0	0.0266980797575022	0.236565127678965	0.345565173024268	0.295389786147433	0.063736945830688	0.00538165867079573	0.254117659564903	0	0	0	0	0	0.4355154353432	0.141352479994055	0.320435846745197	0	0.134623255150585	0.181612857089832	0.0133526979197862	0.0755164178487904	0.18468848170826	0	0.208272301689444	0.243580694262959	0.243300669918378	0	0	0.270068009801079	0.0260312826345492	0	0.0893406279686153	0	0.0479093658613785	0.0624510199109148	0	0.216576537060039	0.0524966542438881	0	0	0	0	0	0	0	0	0.166744818924307	0	0	0	0	0.00927057590342215	0	0	0	0	0	0	0	0	0	0	0.0431324787660046	0	0.0256074596834474	0	0.167248325834527	0	0	0	0.444866164463876	0.147585329007762	0.0828995598160774	0.317217536168276	0	0.0606788379022921	0	0	0	0.149098506816925	0	0	0	0	0.0740887466147675	0	0.0371317707486356	0	0	0	0	0	0	0	0	0	0	0	0.0488331546328373	0	0	0	0	0	0	0.22824895687763	0	0	0	0.0422581071853235	0.0756302525633285	0	0	0	0	0.0500253330914288	0	0	0.0974491902902052	0	0	1	0.0959114776841987	0	0	0	0	0	0.314457830293826	0.298914207915818	0.00419503863598548	0.0827173200080832	0.126870653634074	0	0	0.0363595604337202	0.343819409056971	0.16069516074141	0	0	0	0.249475455126802	0.0351509076065241	0	0.0265317283859214	0	0	0	0	0	0
0	0	0.111060986557071	0	0	0	0.054325380614476	0.289285618808088	0	0.114580174534317	0.0973981337003249	0.155214665121488	0	0	0	0.0124976675608343	0.0341396907333465	0	0	0.0580108030369778	0.132308473005925	0.195145984332642	0	0	0.0918272765911624	0	0	0	0	0.0496770022125163	0	0.105276916595443	0.148001757795527	0	0	0	0.0738798114871966	0.140066239673764	0	0	0	0	0.0810378625726172	0	0	0	0.0138003254261559	0.104827595778054	0	0	0	0	0	0	0	0.207055050774745	0.080105432092785	0	0.240775162863695	0	0	0	0.0812780213090767	0.0924200651755184	0	0	0	0	0	0	0	0	0	0	0.200811443421405	0	0	0.238818923534489	0	0	0	0	0.300690882966509	0.114309599566782	0	0	0	0	0	0	0	0	0.130305380455512	0.0546793241671341	0.0304263329279278	0.155434523930828	0.147830564264899	0.0753955630391767	0.235687139726601	0	0.112563814445494	0	0	0	0	0	0	0	0	0.118919665949397	0	0	0.0618437250083804	0	0.0211362581866064	0	0	0.112364422187262	0	0.0102002894540207	0	0	0	0.0947773943997089	0	0.263970800783667	0	0	0	0	0	0.0109829969984602	0.050411929792347	0.143602406052626	0	0.297807285488412	0	0	0	0.155462653523837	0.0388494598639174	0.0306210579255733	0.19807522960126	0.166613012059648	0.200406637031507	0.132493041761898	0	0	0	0.180121124135991	0	0.065188640637384	0	0	0	0.199025937176406	0.0842426953615757	0.16709812349242	0.103699839167799	0	0	0.262501887582799	0.0325925903479222	0	0.0322330196892181	0.254739130947053	0.0671980290731358	0.00874248357422164	0.075528198647073	0.10286138041683	0	0.154648248108767	0.169694053066384	0	0.0032134187213013	0	0	0	0.0645595686102258	0	0.175795904034336	0	0.0366824038010231	0	0	0	0	0.216948121924879	0.0155028116934705	0	0.144602097001502	0.00152699964817754	0	0.0279223719896962	0.0363251321718439	0.0632783610137812	0	0	0	0	0.172476431619282	0.280076092775239	0	0.151558032189315	0	0	0.0572089020427896	0	0	0.340903234000827	0.0478130604603251	0	0.248019414729729	0.121777322580787	0.209088884058691	0.0357108293203317	0	0.22175894720914	0	0.106596313433163	0	0.0625939066168391	0.119678239482615	0	0	0	0.206283924384159	0.142111267449842	0	0	0	0.0352278407273276	0	0.171553747341358	0.0959114776841987	1	0	0.224837590241717	0	0	0.0114319409680655	0	0	0	0.153186045474153	0.198630945008776	0	0.0429617305278696	0	0.104608030016659	0	0	0	0	0.0076003005777352	0	0	0.0837365007245849	0	0.207817100567583	0.148235003464249	0	0.0511265916941469	0
0.240856314927352	0.0597236284872233	0.17855224916659	0	0.00525636643645936	0.16069566384887	0	0	0	0.0383124448560866	0	0.215041881749878	0.00624888234655524	0	0	0	0	0.0828981784375881	0	0.0997927342927905	0.0572483398173383	0	0.141849028497363	0	0.095916586167821	0	0.121971151701255	0	0	0	0.0772557862809612	0.0427014168769369	0.251328494475295	0	0.152265220093838	0.140655110561703	0	0.155071578972543	0	0	0	0.0331318188242648	0	0	0	0	0	0	0	0.0605259844964303	0	0.0554609168905666	0.00457272904935086	0	0	0	0	0	0.170747621649845	0	0	0.0862658848464966	0.100926188657961	0.0481097047900132	0	0	0	0.0487322217292147	0	0	0.00788855703559217	0	0	0	0.246598496378201	0.141828834441471	0	0.245185315010232	0	0	0	0	0.130679726444549	0.130420653029689	0.149009258816626	0.0845598748426534	0.119295122715591	0	0.0549319929173515	0.137551297663446	0.242174164159569	0.00808541615410841	0.176071926141253	0	0.276036511782208	0	0	0	0.0025000641123749	0.170656654126434	0.226855182583796	0	0	0	0	0.139102456667918	0	0	0	0	0	0.310517499069193	0	0	0	0	0	0.122098737755403	0	0	0.0301838711512516	0.164982836110125	0	0	0	0.15668054781142	0.116538832646139	0.0903307441529088	0	0	0	0	0.149220577009995	0.0658681017831315	0.197790051038395	0	0.358567600000409	0	0.200832423931102	0.319255314610993	0.0548558254008703	0.355569593485567	0.021124729806585	0.0145013703367719	0	0.0156845610282283	0.209908372153336	0.221914533994798	0.0276000031781815	0.0870981665307005	0	0	0	0.0155098628853346	0.0356666361258685	0.0493783842048674	0.0265709589773566	0	0.0543987071704284	0.290992784235844	0	0	0.10591873889638	0	0.214743863458223	0.107156239516145	0	0.1478281185641	0.0376599465742647	0.150761750770213	0	0	0.136051174490342	0	0	0	0	0.104168244454852	0	0.0934792102074218	0	0	0	0.151019403073022	0	0.0245838550350409	0.024040750044906	0.242676729975622	0	0	0	0	0	0	0.0598394192691193	0	0	0.0850966282559306	0	0.105818681588972	0.195589766245336	0	0	0	0.00982253530717637	0	0.140849159987487	0	0	0.102335871164647	0.0467801393420398	0.0105560076496787	0	0.0365290253252721	0	0	0	0	0.103851568643968	0	0	0	0.1411058606455	0	0	0	0	0.164206819026604	0	0	0	0	0	0	0	0	1	0	0	0.0600161213124414	0.0292852619560112	0	0.116362692844425	0.0715233503671472	0.432187200025071	0	0	0.209783278920964	0	0.268116170047327	0.243367847080843	0	0.028935172612623	0	0.13515525720496	0.0727006945088667	0	0.0607063969125611	0	0.108503329368895	0	0.0517917679492646	0.24751185190627	0
0.1409658737483	0.101849008085573	0.216572510219761	0	0	0.19311752690014	0	0	0	0	0	0.0131350432942611	0.204121213701155	0.109156263382294	0	0.00583509878606633	0	0	0	0.0483089638495028	0	0	0	0	0	0.103899683055317	0.247802031840391	0.0142062231953461	0	0	0.294890443116258	0	0.0980345376934549	0	0.0625701499843442	0	0.0871713217353686	0.0962886719097519	0	0	0	0	0.0396221076604619	0	0	0	0	0	0	0.156029256453816	0	0.207108152510604	0.0662135004562448	0.0634724283492074	0.108247027774768	0	0	0	0	0	0	0.210717421513134	0	0	0	0.236725929120023	0	0.0271091672861526	0	0.270573518096644	0	0	0	0.0832605500552516	0.0310627127632365	0.0624577848762547	0	0.143726121755133	0	0	0.0266163497100803	0.0515311319510512	0.0898799590052007	0.00782812299466563	0	0.0920068709968387	0.146681465163597	0.0372067920282114	0	0.0223810459590712	0.215977920234199	0.0760967300359002	0	0	0	0	0	0	0	0.096086658480574	0	0	0	0	0	0.192890775303733	0	0.0328575996038121	0	0	0	0.112565130581626	0	0	0	0.0538883517976712	0	0	0	0	0	0.075270727715584	0	0	0	0	0.324104809748081	0.178127631335169	0.141776450065158	0	0	0	0.114030020133412	0	0.363349270824449	0	0.159782452778347	0	0	0.0793443701926937	0	0.00422678496200758	0	0	0	0	0.185622422797879	0.29764206489802	0	0	0.00446203226045919	0	0	0.0349015102144445	0	0.104993554852133	0	0	0.119891185276365	0.306207759400838	0.048702672032912	0	0.108526613759129	0	0.211526498359091	0	0	0.0962277717583856	0.0512917962282735	0.0591544807894757	0	0	0	0	0	0	0	0.283100754837345	0.0120731772048515	0.102698801397397	0	0.17432796918461	0	0.376440575785988	0.246824484168349	0.184689073791528	0.139396696207266	0.179879001986669	0.165480577684863	0.149471603139661	0	0.0918627245700754	0.0399955547986037	0	0.10984287555003	0	0	0.203167962086715	0.194138466135131	0	0.209137379268659	0	0.16028078912606	0	0	0	0.140416378918596	0.156642996100435	0.0236324888964659	0	0.0122455165561266	0.180259150872783	0.0932488444600973	0	0.0407016845435108	0.269769440284315	0.0455675526810498	0	0.196438778256639	0	0	0	0.167009973581768	0	0	0.219183771897206	0	0.0398226017445531	0	0	0	0.0206868660796791	0.00501691199390948	0	0	0.224837590241717	0	1	0	0	0	0.166050496252705	0.134989541402635	0.238907219858804	0.174790315788773	0	0.0503843785685995	0.134172343709806	0	0.276626596882615	0.236902080112011	0	0	0	0.0238711886720498	0.427261536101306	0.0766894220677134	0	0	0	0	0	0.114344722573479	0
0	0.0295047002265545	0.147036665179247	0	0.098124345299336	0.165452443701413	0.151563469013809	0	0	0.0186791773853755	0	0.0409701009349353	0	0	0	0.0793252363421676	0	0	0.0800439328136294	0	0	0	0	0	0	0	0	0.0823578184706346	0	0	0.306380462091852	0.0449095329181615	0.122459649534422	0	0	0	0	0	0	0	0	0	0	0	0	0.0794687786379416	0	0	0	0	0	0.0056916169956529	0.195620125573485	0	0	0.123164342147169	0	0	0	0	0	0.0871522777292013	0.0750975111679133	0	0	0.0482652746443406	0	0	0	0	0	0	0	0.12476362731607	0	0	0	0.159175577334853	0	0.109218130955257	0.0778015551139099	0	0.239400056945184	0	0	0.156360307138517	0	0.0506306488686467	0	0	0	0.257047121729161	0	0	0.138602760378215	0.0109248273141622	0	0	0	0	0.103935322910239	0	0	0	0.0629143188642709	0.0538976671831142	0.158011264715824	0.023549717729159	0	0.124745170112654	0.140024319916296	0.182335657983972	0	0	0	0.0448995454840484	0	0	0	0	0	0.16460043441033	0	0	0	0	0.28925202870329	0	0	0.055433668294506	0	0.0394330135124425	0.289001244873371	0	0.250186520145476	0	0.139351841351805	0	0.0122635342211297	0	0	0.0844276681838387	0	0	0	0	0.0441493236766173	0	0	0	0	0	0	0	0	0.0137181672749334	0	0	0.0167525019957217	0.133918819801551	0	0	0.040064302886989	0	0	0	0	0	0	0	0.0581529492046856	0	0.0989287165592898	0	0	0	0.0894235907096961	0.172548112845019	0.0171850276938437	0	0	0.125874924208605	0	0.342182036352944	0.198253565302309	0	0	0	0.160185959564541	0.0757875228062769	0	0.0334806580894698	0	0	0.0363375510497924	0	0.0916600925947763	0	0.0217487520604593	0.0926790572392477	0.202500147634387	0	0.122962799161145	0.256450101815797	0.201111784699909	0	0.162194612466595	0	0	0	0.172523539682791	0.0821143615565043	0	0	0.218346557616761	0.330241663236385	0.0787834434023949	0.0463618844946324	0.135835254271702	0	0	0.0172449280655879	0.0484687625908441	0	0.01606725038137	0	0	0.0409288933526168	0	0	0	0.0797709447583924	0	0.11060237997114	0	0	0	0	1	0	0	0.0539129139483458	0.0973258691928027	0.0509044296866247	0	0	0	0.0150946842869572	0	0.0806051103118208	0.146821847980307	0	0.0925250367749896	0	0	0.0507531730816486	0	0.0750119620711417	0	0	0	0.00453508213695643	0	0
0.04035460216386	0.25752476556858	0.150153531876563	0	0.1438122850954	0	0	0	0.0899770895322243	0.0384754520822125	0	0	0.156855805636442	0	0	0.115236047503378	0	0.0940986639762062	0	0.0779009465800865	0	0	0.0763095659604453	0.0212318318425208	0	0.09646546235207	0.101844140030392	0	0	0.00527567605283016	0.0909858170437388	0.0255946155580728	0.117159314462566	0.0346057480904265	0.105409978050677	0	0.206856455044992	0	0.0302514825937103	0	0	0	0.252873740186161	0.0737432187554676	0	0.159095034109607	0.115016874754118	0.178492626551114	0	0.00950956313807131	0.20565171077697	0	0.00803326663599277	0	0	0	0.28662066493914	0	0.187140083077603	0	0	0	0	0.297398662309424	0.191680331444593	0.155707057027051	0	0	0	0	0	0	0.106242920155419	0.00879406590523346	0.133376730762297	0	0	0.247316545864138	0	0.227301672723907	0.0652154696224394	0	0.217376299870129	0.0883291431152949	0	0.0252106138668794	0.0804901824459685	0.185169938071514	0	0	0	0	0.0145202636820496	0	0	0	0.181412578788332	0.215811196468372	0.0417179938916027	0.125816674823785	0.0734617555830597	0	0	0.00406029938452	0	0	0	0	0	0	0.0158823171710724	0.150862996881494	0.178267391955588	0	0	0.0514784451119305	0.237605397740582	0.01709186143046	0	0.0575126635242633	0	0.129199496942821	0.0647503033666159	0.083561030197711	0	0.168929487094232	0.0967070977702637	0	0	0	0	0.486711722864585	0.290507662772959	0	0.322091480754495	0	0.0102688590257009	0.0909846151839477	0	0.0931536886357546	0	0.0643172918593958	0	0	0.18954540197774	0	0	0.0606812662676981	0	0	0	0	0	0	0	0.178151856922398	0	0	0.110562418755072	0.0087123363512346	0	0	0	0	0	0	0	0	0	0	0	0	0	0	0	0.0672353761063687	0	0.259164043902299	0	0	0.132166360478538	0.0558091896732032	0	0.0557175694381917	0.202214997605363	0	0	0.0208236573320797	0.115609041729626	0	0	0	0.0608526834886365	0	0	0.0689691915798085	0	0.134735567544456	0.0515506637127741	0	0	0	0.202217128250131	0	0	0.0504262520280214	0	0.0771905131863995	0.00731408701873483	0	0	0	0.278441599123412	0	0	0.271513345825129	0	0.107226011253671	0.0793960521379841	0.307241351998368	0	0.373344407978212	0.491184951013142	0	0	0	0	0.0109538908400305	0.0673515630412182	0	0	0	0.113562077836854	0.20318271435253	0	0	0.0600161213124414	0	0	1	0	0.124565191649163	0.173143949798497	0.405297221106672	0	0.104013187910814	0.232533470814316	0.255207627311914	0.0438420272417162	0.0666229135911167	0.160136120584154	0	0.104096394154942	0	0.0293819947853164	0.290407938937117	0	0	0	0	0	0	0.0493053968231386	0.0893982932090272
0.0264489276338014	0	0.141370950181193	0.0553101870830313	0.097695369655498	0	0.0719726993048709	0	0	0.0063664068880714	0	0.0358771152686587	0	0	0	0.105560270624883	0	0	0	0	0	0	0	0	0.0674862232068058	0.0364323689199451	0	0.306852086555847	0.0594731446555428	0	0.435401358590168	0.255089659568976	0	0	0	0.11742886269913	0.165408266784654	0	0	0.11353607972958	0.211594028517572	0	0.137453902614042	0	0.0122732771699816	0.0866510402966113	0.0126210592019476	0.257548409902256	0	0.407305169836492	0	0.0253366306071423	0.20484752440129	0	0	0	0.013282814072427	0	0	0	0	0.205291585979859	0.0278499310039461	0.0392998909389312	0	0.200603435157161	0.0112846343045307	0	0	0	0	0.121504456206843	0	0.0723236356613921	0	0	0	0	0	0.136607130335393	0	0	0.147502019937174	0	0	0	0.0846133594750735	0	0	0	0	0.270378875239905	0	0	0	0	0	0	0	0	0	0	0	0	0	0	0.0902486428086927	0	0	0.100242559019438	0	0	0	0.109646277308573	0	0.0537615959097487	0	0.0519932193116449	0	0	0	0	0	0.30986176003394	0	0	0.31744911108452	0.144652718759872	0	0	0	0.0387739621522376	0.278637198004826	0	0.0357647091265973	0	0	0	0	0	0	0	0	0	0	0	0.146466296962056	0	0.0138451848928305	0	0	0	0	0.0299335238023331	0.193632203516401	0	0.0630844936237813	0	0	0	0.142942597890191	0	0.0393391482903236	0	0.0265785419728266	0.00692985202394662	0	0	0.0417893247246335	0	0	0.191323192571016	0	0	0.0184200824452454	0	0.364671376843629	0.0600974983641025	0	0.0366711405797255	0	0.230898900391618	0	0.295858486462535	0.331840119965643	0.328950046861987	0	0	0.468203052291272	0.301556239566292	0	0.307991351807829	0	0.165899144211546	0.184605979279357	0.0249715890726326	0	0	0.332632449748174	0	0.0921832956748491	0	0.0705803052253709	0.161243886619578	0	0.0940034005885373	0	0.0755549593961673	0	0	0	0	0	0	0.0390986571070141	0.126440584823484	0	0.0678885393327975	0	0	0	0	0.0451434868821682	0	0	0	0	0.0248997525112647	0.0044013313860243	0.0423708887702709	0	0	0	0.0935755752320597	0	0.0114319409680655	0.0292852619560112	0	0	0	1	0	0.217325168111846	0.11032393025624	0	0	0	0	0	0	0	0.101958849390929	0.218185054344554	0.096414751180156	0.083196246831018	0.14948194920813	0	0	0	0	0	0.090263645465298	0	0
0.119551461743319	0	0.259850846346887	0.0619283465878469	0	0	0	0.278716099605421	0	0.00907109288143079	0	0.250312144272122	0.173140951434305	0	0	0.049322823325081	0.15260540268753	0	0.0376237993252167	0	0.227112102507684	0.0800784268747955	0	0	0.0583682196107233	0.236530432773472	0	0	0.17198416301289	0.300400513594797	0	0.379741621170278	0	0	0	0	0.244096078281182	0	0	0	0.0484677410654061	0.157117723071789	0.0597440465029623	0	0	0	0	0.147665647002465	0	0.0629236917802114	0	0.0336534313792725	0	0.162728422345855	0	0.145539228526616	0	0	0.0535001455241963	0	0.0161926419517846	0.0989796937648437	0.0609341365139956	0.241517708660105	0	0	0.122630487100578	0	0	0	0.100771619632379	0	0	0	0	0	0.184374275815948	0	0	0	0	0.0146498078650944	0.00231197201476158	0.0307142436157411	0	0	0	0	0	0	0.105382670013732	0.12285820321035	0	0	0	0.149892529013716	0	0	0.0565768786146335	0	0.0312869310544833	0	0	0	0	0	0.149658821131763	0	0.016618499012898	0.118914732677559	0	0	0	0.0940590791791432	0	0	0	0.114319209269082	0	0	0	0	0.0358369191129373	0.124106317915623	0	0.195376837104427	0	0	0	0	0	0	0	0	0	0.103037124802371	0	0	0.0168188445114213	0	0	0	0.150238622524121	0.107618943479235	0.0621263639313938	0.15502225703625	0.187996713266473	0	0.227789452823882	0	0	0.147632824813092	0.0652552389502571	0.133345241912862	0.247520733858908	0.164455141857622	0.276568246037	0.0129552793410188	0.198286570542655	0	0.205745241946353	0.136699427073932	0.185109873962265	0.0717095211272988	0	0.167229877548926	0	0.0497028647931462	0.18972741344413	0.106187377667985	0.0453190810457462	0.247058429608162	0.141731625696975	0	0.28648675352272	0	0.235495618664163	0	0.273380295101391	0	0.111030613733283	0.0103294049554226	0.0453089162112581	0	0.0339217062461526	0.146345292854962	0	0.118170601732977	0.120285925719474	0	0.250468316878657	0.27276752949135	0	0.263169606337789	0.263511806623198	0.191148020227618	0	0	0.223750888194729	0	0.154718041156028	0	0	0.165022132731303	0.0331345458435925	0.18592425490541	0.0302737051839411	0	0	0.128584619915458	0	0	0	0	0.0862285798096937	0	0.0795166142035016	0.0985936183401124	0	0.0609304140465923	0	0	0.0711417042341649	0	0	0.089190106180211	0.33105408539979	0.245295900147449	0	0.0969894350491442	0	0	0.148292717815162	0.060365408704291	0.314457830293826	0	0	0.166050496252705	0.0539129139483458	0.124565191649163	0	1	0.00755434196163632	0.0163497436858662	0.0659831815914397	0.0641240373573471	0.0357401196805295	0.0253929247672334	0	0	0	0.119421425840685	0.304436902024844	0.160467673368444	0	0	0	0	0.114051346720772	0.30485511508706	0.174054303604441	0.231521427780621	0.19041514670614	0.0526171664274766
0	0	0	0	0	0	0.0855959671526972	0.247341961187953	0.110178579940535	0.0365528086464006	0.0657145383211961	0.0610682312073863	0	0	0.189613855413366	0.190495307812236	0.24867570178219	0.156703071673388	0.184043250428463	0.0538141022763938	0	0.535775220956717	0	0.125921230674288	0	0.180646022956631	0	0	0.0952183114909516	0	0	0	0	0	0	0	0	0.409440388772947	0.203926263501784	0	0	0.342326233096663	0.197735577797376	0.0454076080101722	0.29806348670577	0	0.0372123321776747	0	0.160015079827032	0	0	0.0203536283944098	0	0.0809902392983708	0.109751594618053	0.174093425787171	0.0458511167510558	0.34793074376354	0.068232903828097	0.244904208225014	0.0657086047240227	0	0	0.132843233826278	0.125057847817671	0	0.0418722457560254	0.0976375422181258	0.219432514732771	0.210661996699509	0.185782322064499	0	0.0974138333392715	0	0	0	0.0835718149157546	0.181009010784924	0	0	0.0839914217583691	0	0	0	0.125445278295635	0.0158255933200479	0	0	0.300387723850342	0	0.259474471402037	0	0	0.255662077452435	0	0.16429836738383	0	0	0	0	0	0	0.268481973941225	0	0.0282531517356768	0.0390675540928667	0.251693935910032	0	0.250998217440369	0.268460644573607	0.165909553006293	0	0.102969110132714	0.239159239976444	0.216651312114536	0	0	0	0	0.162988783707363	0	0	0	0	0.276651218265606	0.00831536058244683	0	0	0.130316814226502	0	0	0	0	0.00976222868419412	0	0.205693668126848	0	0	0	0	0.0420951290416221	0	0.0148699877479417	0.0843064157740391	0.00390551461910791	0	0	0	0.114764707234283	0	0	0.0608042612589546	0.14988350939009	0.040899682846036	0	0	0.0229601441554798	0.115129533080748	0.0468615889233778	0	0.208864266636249	0.31526844719126	0	0.107443538942083	0	0	0.194354727998803	0.298092700545073	0.0285508108987279	0	0	0	0.196293193082713	0.295967015291504	0.120681798751255	0.164270739982192	0	0	0.296378783767959	0	0.305544678434678	0	0.0647080096225176	0	0	0	0.0205813693443763	0.155279847670894	0	0.00975624399677956	0.129862036352409	0.0845864805149845	0	0.220273007573231	0.140614278737489	0.0684042575042709	0.157575326899782	0.131704331982581	0	0.0206670229968923	0.164482333725253	0.318121752980497	0	0	0	0.197803235398766	0.0953733729562943	0.104178753929132	0.101522710382686	0.348450152325029	0	0	0	0	0.178414739710163	0	0.236920913357799	0.205949194596898	0	0.233560172337539	0.0883758561013317	0	0	0.131966261260369	0.190500565226172	0.251291088401121	0.237984052256761	0.148501194480496	0.0723416199179659	0.186637082343021	0.329522320493349	0.247169826077508	0.217590173979553	0	0.298914207915818	0	0.116362692844425	0.134989541402635	0.0973258691928027	0.173143949798497	0.217325168111846	0.00755434196163632	1	0	0	0	0.119745149815685	0.191729958721519	0	0	0	0	0	0.0306704559753187	0	0	0	0.199531715215119	0.281212792165449	0.28748655310142	0.231378607834672	0	0	0.165176486052497
0	0	0	0.0732619056517018	0	0.108028468613952	0	0.016843255134791	0.0940246460527655	0	0.00540064673632583	0	0	0	0.18019448714075	0	0	0	0.144249727334038	0	0	0.326362509556802	0	0.196907615492113	0	0	0	0.142581696747541	0.0924687676369776	0	0	0	0	0	0	0	0	0.0955342971172766	0	0	0	0.205542999079811	0	0.0213733488261615	0.0543963393005054	0	0	0	0.0809303274883053	0	0	0	0.0692399546451863	0.00754728360225268	0	0.130909413757508	0	0.384442810995334	0	0	0	0	0	0	0.0313326922366081	0.0661225132137008	0	0	0.119941694769954	0	0	0	0	0	0	0	0.118302626602254	0	0.198340035629597	0	0	0	0	0	0.20565212281069	0.0585212951255745	0	0	0.138548040504054	0	0	0	0	0.288219293691695	0	0.144466074668181	0.109908412631697	0	0	0.0207275987820387	0.0403027336492954	0	0.0467805808866792	0	0.228544760799698	0.267088795128635	0.239082171189258	0.111516587971734	0.309269975171801	0.219751907384659	0.196448030840736	0.068695903970303	0.0342527327067522	0.251564016628182	0.237121091088735	0.0139268804217729	0	0	0.202243366916323	0.0996963243878841	0.165878205280782	0	0	0.0411497305335248	0.00624738722823155	0.0366309367778228	0	0	0.0362945052942851	0.0574002603976968	0	0	0	0.00186223896426352	0	0.14928052532727	0	0	0	0	0	0	0	0.0753721023887316	0.0548441370073117	0	0	0	0	0	0.263098064162306	0.0405316385124772	0	0	0	0	0.123271194117352	0.200596241604061	0	0	0	0.188175889293672	0	0	0	0	0	0	0.0591608231545065	0	0	0	0	0.173353170786075	0.0721140356386894	0.0377699550950827	0	0.0281467937750457	0.0454684186515523	0	0.184548255189207	0	0	0	0.0278442497430822	0.0134360897186832	0.0575120526129032	0	0	0.201584434179301	0.0910398515905966	0.0359319987800806	0	0.181516951106551	0.0611888759495302	0.138614265336649	0	0.159810153442511	0	0.196638407979993	0.0258470683846445	0.170439267278934	0	0	0	0.101183596226453	0	0.00640204565683994	0	0.0932833710958488	0.0587708489562854	0.127935098866955	0	0	0.234075989324807	0	0.185473442622122	0	0	0.0889574061610887	0	0	0	0.118608366169984	0.237116675621787	0.193397893459178	0.0181856162319894	0	0	0.117770105023633	0	0.141707412476794	0	0	0.00419503863598548	0	0.0715233503671472	0.238907219858804	0.0509044296866247	0.405297221106672	0.11032393025624	0.0163497436858662	0	1	0	0	0	0	0.14954103098404	0	0	0	0	0	0	0	0	0.108300983961647	0.0356569479968122	0.0928180980999781	0.00989253605046103	0	0	0
0	0	0	0.228711687620581	0.0425068749886228	0	0.0891898271980941	0.0171513759613735	0.491326432248352	0.153983392102296	0	0	0	0.0923718468457513	0.347299951561237	0.127890156615049	0.0844890874103442	0	0.126387014739351	0	0	0	0	0.104628902956918	0	0	0	0.0663735697380843	0	0.0494820860556007	0.0391910750499654	0	0	0.0733602824440996	0	0	0	0	0	0.157872556425747	0	0	0	0.251570753425827	0.390822872257767	0.18799063578835	0	0	0.00214295802517122	0	0.231598378971635	0	0	0	0	0.0918380788851841	0	0.142894064831963	0	0.135123953186374	0.372308569267119	0	0	0	0.091480692440076	0	0.285181353326057	0	0	0	0.0714374334228553	0	0.227790159841252	0.236096882156975	0	0	0.0516631267515407	0	0.226264313890083	0.000692801164731802	0.0389063376246825	0	0.0350792698246182	0	0	0.105905307636148	0	0.0128651522938614	0	0	0	0.00972999225311427	0	0	0	0.0610134593558018	0.0771791129744634	0.0650833704805021	0	0	0	0.0877999180487968	0.0642908804449968	0	0.180052269591212	0.144466628081173	0.367460066007907	0	0.308196110606051	0.303692059411757	0.433698956703123	0	0.0476121828185909	0.245590918660119	0.191001207720568	0.151053464860617	0.0453237502120255	0	0.179593952734641	0	0	0	0	0.0457534707525364	0	0	0	0	0	0.154874825305332	0	0.10508733588748	0	0	0	0	0	0	0	0	0	0	0	0	0	0	0	0	0	0	0	0.0824317502639321	0	0	0	0	0	0	0	0	0	0	0	0	0	0	0	0	0	0	0.0209766862333275	0.070932856577302	0	0.289779335621297	0	0	0.14585495100731	0.0315547895812979	0.0370932461737185	0	0.0439785778323667	0	0	0	0.15290889161462	0	0	0	0.216925249190862	0.13427517300899	0	0.00698487771963458	0	0	0	0.196135750970369	0.370576908621596	0	0	0.0398241087196016	0	0.205801997526281	0.0203976386677981	0	0.125830011212296	0.0154535953578003	0	0	0	0	0	0	0	0	0.0167983503105615	0	0.141687709486966	0	0	0.106538835578522	0.345971071987776	0.0379872765447432	0	0.0867603810004433	0.0848440947146954	0.0580928104204404	0	0	0.0119573441402378	0.210458142375054	0.103206111582079	0	0.0573490859724753	0.183197192791472	0.0827173200080832	0.153186045474153	0.432187200025071	0.174790315788773	0	0	0	0.0659831815914397	0	0	1	0	0	0	0	0	0	0.116166745062174	0	0	0	0	0	0	0	0	0	0	0	0.182030643262559
0	0.0876498080358151	0.0255625597101351	0	0	0.175193166569056	0.146793283094173	0.0777570681648933	0	0.111308706710245	0	0.0514242362653024	0.0779069129010248	0.120341989231536	0.0515301221769556	0.175767750574349	0.106740899928354	0.0744367015513238	0	0	0	0.043864038817274	0	0.00772245969480112	0	0.0657184147490704	0.013190434822625	0	0	0	0.094272646879342	0	0	0	0.007534759895295	0	0	0.189384798822613	0.0721933315802841	0.0338946932519707	0	0.137696356240284	0	0	0.162160605924063	0	0	0	0.0343119357371392	0.0817068939180545	0	0.142403820031164	0.0700210225127283	0	0.134339703917863	0	0	0	0	0	0.0115553036552146	0.013367434078229	0.0650007597230267	0.23022159696411	0	0.214546951273389	0.0743071863090367	0.201603944021031	0.297769593810325	0.485333427894512	0.177371605967578	0	0.171172996810796	0	0	0	0	0	0	0	0.160882790422161	0	0	0.0763157876477562	0	0.203142034456118	0.0432893491344873	0	0.0904484745108328	0	0.413619275427111	0.0932633949987568	0	0.00555330327412968	0	0	0	0	0	0	0	0.138881900097555	0.0579760836590554	0	0.0585321070960292	0.140972467564532	0.144345138137956	0	0.00771599370458132	0.0118890235273993	0	0	0	0.0834682009990084	0	0.0367580068180196	0	0	0	0	0	0	0	0.0122773160777756	0.242925256182257	0	0	0.110047178577965	0.241396954845833	0	0.0792817514290352	0	0.0433691905865104	0	0.0352724824341263	0	0.179014118270584	0	0	0	0.0402735638976947	0	0	0	0	0	0.148524647006769	0.118880175212992	0.0407414960383802	0	0	0	0	0.200223520957165	0.00892433278364785	0	0	0.0141812201809175	0.0644128964444367	0.0551670634312124	0.0995139858049954	0.0353500916305542	0	0.0469111246341412	0.00597980333936834	0	0	0.183129156641777	0.0219923275216732	0	0	0	0.254413612284887	0.160441108991626	0.0817604529035264	0.052505025516711	0	0.125336700904856	0.112844858321364	0	0.128364097752806	0.0234853058563456	0	0	0	0.0627291495289924	0.112128463413332	0.168575015876457	0	0.106970068964306	0	0.239424995170563	0.128980506852938	0.169197774829974	0.0827624138862874	0.0185323805603989	0.0489349085517104	0.059967330154428	0.202481354642825	0.118060424535432	0.221066210534342	0	0.0869251003561853	0.0142019694936451	0	0.135232589647895	0.233474173766185	0.0231340792981572	0	0.0910333041564873	0.000524723473297525	0	0	0	0.0682376599240372	0	0.156176523728036	0.0492407271978804	0	0.131562117827704	0	0	0	0	0	0.394071791206222	0.0617171931125681	0	0.0477260615326452	0	0.138433380519081	0.104023735064583	0.0469919192123245	0	0.126870653634074	0.198630945008776	0	0	0	0.104013187910814	0	0.0641240373573471	0	0	0	1	0.0147647126920581	0.170631316029201	0	0.00937729410179386	0	0	0.132982390299904	0.0020735258714728	0	0	0	0	0.189890183276719	0.213852342143842	0.0554130503023302	0.0921346938764855	0.0349161235178688	0
0.0307994703357209	0.0509061767551826	0	0.0684843285295374	0.181181318342524	0.315738404422914	0.0951267847114666	0	0	0.0605986012606247	0	0.245232349070224	0	0	0	0	0	0	0	0	0	0	0	0	0.228203856316213	0	0	0.430873824941889	0.0306631804614294	0	0.443149242479359	0	0	0	0	0.0477868289636729	0.158709308062364	0	0	0.143868343073234	0.260410137823008	0	0	0.0404511421802379	0.0253434909452081	0.266343227736521	0	0.0638638300891785	0	0.0100749030297186	0	0	0.191544226572423	0	0	0	0	0	0	0	0.138544281551295	0.209353387464538	0.130646076239146	0	0	0	0.0650550265565208	0	0	0	0	0.241870086754837	0	0.355218191251649	0.184070098480803	0	0.0961230991354477	0	0.228928656108766	0.114787221735378	0	0.126934739035152	0	0	0.109173649449497	0.142484107135883	0.146375018762272	0.0228845545525085	0	0.201083502539293	0.00874382099088477	0.296120547121287	0.126797894272596	0	0.00422487054770731	0	0.115471125075648	0	0	0	0	0	0	0.0224055330596101	0.0761171023160526	0	0.221501855674374	0	0	0.206696018414273	0.148558016951943	0	0	0.156100606778763	0.000490712579673419	0.156153052332976	0.175532892234005	0.25383302792584	0.130246864879428	0	0	0	0	0.202183921757795	0	0	0.338319763047756	0.263902795339458	0	0.0356681973679959	0	0	0.19125273409342	0	0	0	0	0	0.23506702886043	0	0	0	0	0	0	0	0.0640520308209028	0	0	0.347828577892736	0.0226116235736249	0	0	0	0.231720154566031	0	0.0801005452220572	0	0	0	0	0	0.049071833393648	0	0	0.0578463539629172	0	0	0.0532238029683568	0	0.042614479451881	0.349741478373182	0	0	0	0	0.335475631604117	0	0	0.166171326965262	0	0.278505825709355	0	0.295193870352344	0.33945477597908	0.0512030780855082	0	0	0.2830397654674	0.181403045167533	0.0885655979556	0.00951600828702136	0	0.0815586014991221	0.183971178462094	0.0236190852962847	0.229572228789591	0.0433087278296587	0.0199950857819489	0.0309811924685753	0.0482910867323122	0.0668929430898678	0.0919640084056018	0.229811030637014	0.329195853230758	0	0	0	0	0	0.0799255105342967	0	0	0.343383682179894	0.13617757739712	0.0235900365155959	0.0689005563358189	0	0.137270634243608	0	0.150222069019025	0	0	0.0602316714748818	0.116982732763591	0.0764989836568255	0	0.00566003127682763	0.0104600360302615	0.00530619963121229	0	0	0	0.151713132978983	0	0	0	0.0503843785685995	0	0.232533470814316	0	0.0357401196805295	0.119745149815685	0	0	0.0147647126920581	1	0	0	0	0.00357774493472619	0	0	0.00201056296141462	0.110724892758233	0.104732295488625	0.0713099002378968	0.029620827851344	0	0	0	0.0757653078306471	0	0
0.135524538550639	0.0773747065145753	0	0.142785329882	0.118527186180643	0.260235316029135	0	0.111297019621414	0.119294521551725	0.0343107005976166	0.0735607650626141	0.287219498117834	0	0	0.0234340402950385	0	0	0	0	0	0	0	0	0	0.185227350449812	0	0	0.433882731551533	0.010712319501068	0	0.338462821415663	0.0254986015826217	0	0.178493948046024	0	0.0249822780662955	0.178139559879287	0	0	0.149799034199108	0.440931640918206	0	0	0.109447697883899	0.060002727169846	0.164888096360339	0	0.0602797632372218	0	0.0524352610955883	0	0.00863524821424606	0.0483797351910654	0	0	0	0	0.0710032013445557	0	0	0.194702142397525	0	0	0	0	0	0.173326581942917	0	0	0	0	0.365680149694592	0.0580615179492572	0.390400680754199	0.0651050640187979	0.0841763082999326	0.140285509560769	0	0.337240119362075	0.0946162939922551	0	0.266516356988435	0	0	0.0754377552084879	0.101097136754364	0.018072570811997	0	0	0.351435120952448	0.0363770689621014	0.259528423581545	0.118010968967189	0	0.0390284081547089	0	0.0957725356193558	0	0.00508319523257242	0	0	0	0	0.0473977904987278	0.108101533015933	0	0.276210664785404	0.050303260300889	0	0.10639446327648	0.0664576967133771	0	0	0.207945141002713	0.146486638149583	0.109697292527876	0.157843752610092	0.174447554588576	0.0821765639946877	0	0	0	0	0.222414167692638	0	0	0.159944846498885	0.0988459601678928	0	0	0.0095843735486852	0	0.0875706328407499	0	0.0113170049821697	0	0	0.0255777868006343	0.33606381660644	0	0	0	0.0089650796535406	0.135462908525293	0	0	0.102017277782451	0	0	0.309731640370942	0.125363206910271	0.0185565819226521	0	0.0471262061375255	0.197735316322778	0	0.148728832584768	0	0	0	0	0.0677930249800382	0	0	0	0.123803754746189	0.0255633428694737	0	0.214364493677169	0	0.126491321949671	0.435794069688081	0	0	0	0	0.222284492529137	0	0	0.213627938217442	0	0.236201612588494	0	0.123074061949615	0.231411968263791	0.0878934456149787	0.051133381943994	0	0.185005681308757	0.163787179107599	0.143909898590281	0.024875527926043	0	0.126946371133383	0.111851242779773	0	0.19722335578647	0.00455612735537026	0.00959388376931182	0	0	0.0489691526014242	0.170050566151884	0.14088724929759	0.236615779257251	0	0	0	0	0	0	0	0	0.457331160620634	0.0236765494956186	0	0.144187741939131	0	0.146268427134563	0	0.21320059140225	0.00141636839975277	0	0.0710676869145508	0.0650595459783858	0.196473123384604	0	0	0	0.033613326712741	0	0	0	0.0681586354539648	0	0.0429617305278696	0.209783278920964	0.134172343709806	0.0150946842869572	0.255207627311914	0	0.0253929247672334	0.191729958721519	0	0	0.170631316029201	0	1	0	0	0.0523298597948556	0.120079306375381	0.067317148046398	0.0587192705657468	0.142685518348807	0.201732558247228	0.1485544200278	0.137073054636053	0	0	0	0.116953341565382	0	0
0.110833403921156	0.0863252408281118	0.249580758874394	0.224661422870296	0.432684551219796	0.180888499796247	0	0	0.107469805238964	0.400089862740933	0.100343922940263	0.189387984359245	0	0	0	0.103035061306511	0.0312053280584537	0	0.00226444398765183	0	0	0	0.068304999181984	0	0.253054076803908	0	0	0.209965236657454	0.144382015601475	0.00528838788569969	0.483381556921586	0.250368058905334	0	0.199927492991936	0	0.0190707572806769	0.151341488562797	0	0	0.135508262643683	0.314675639623297	0.0971155298576568	0.0180141771588124	0.253976483881993	0.329789716308259	0.149035385137726	0	0.16760585140575	0.0605725220988306	0.197644578840588	0	0.00786116645640609	0.194846609307789	0.0801691267121861	0.0854869688597785	0	0	0	0	0	0	0.0952147176589981	0.0541112610461474	0	0	0	0.239670853825122	0	0	0	0	0.182926731495062	0	0.475287663807403	0	0	0	0	0.0655077127025618	0.200806798760603	0	0	0.101784913438095	0	0.105447497698384	0.00963974172184911	0.228817783368629	0	0	0.17756998061042	0.191122568447861	0.37363156273857	0.0797627596779522	0	0	0	0	0	0	0	0.221034874666506	0	0	0	0	0	0.286909711630058	0	0	0.320315737431044	0.0290918634007017	0.155592572761096	0	0	0	0.0266093429011465	0.14111416825623	0.0209327157922036	0	0	0	0	0	0.0690174362619827	0	0	0.186442536376623	0.0642970367274722	0	0	0	0	0.116151649903586	0	0.0535254951531817	0	0	0	0.113476684645795	0	0	0	0	0.0512806799026734	0	0	0.135470517829988	0	0.167263711418887	0.0406075018135576	0	0	0	0.0102322320410086	0.309631679659133	0.0236622113769188	0.0392789520039068	0	0	0	0	0	0	0	0	0.0706431203694262	0.186233014892522	0	0.16490534954245	0	0.260879056034814	0.168940081620389	0	0.0366645838238146	0.0750658219396737	0	0.346932419496207	0.0912968629019169	0.141194496737082	0.0724074604713345	0	0.186574525422619	0	0.216479637704454	0.289066054028745	0.113340261718651	0	0	0.237969503811974	0.0635321299208103	0.20483267133703	0.0886232415629157	0	0.140088352134461	0.273614628255722	0.057327771551805	0.424887685874602	0.0146246703711388	0.106182177225095	0.213352829023222	0.108619579570699	0	0.0337189531266096	0.322785832676073	0.317530568735395	0	0	0.0862571086412611	0.150700235724559	0	0	0	0	0.0834732959005106	0	0	0.101134388283557	0.172343373386396	0	0	0.192244910791619	0	0	0.127404731390839	0.17147870431876	0.188619951328223	0	0.224716010985808	0.0390523760247937	0.0414440777189582	0.353439727658304	0	0.0788103580277915	0.138143966437896	0.0363595604337202	0	0	0	0	0.0438420272417162	0	0	0	0.14954103098404	0	0	0	0	1	0	0.0211472925075262	0.176030019539234	0.260391188758766	0.145269033203722	0.0958742175956495	0.0942560049220229	0.0281268678655669	0.181703359472059	0	0.0374774585111343	0	0.0259688334136869	0	0.0674194384445519
0.297258645802785	0.0497807677017893	0.210261811372839	0.172439925586857	0.551712334448951	0.10114919350225	0	0.23077461436278	0.0267298129088735	0.0304168855965411	0.138960008383235	0.192724440055962	0	0	0.138154640968794	0.128757737063393	0.00638841824097598	0.0523660626210565	0	0	0	0.000641051874489037	0	0.105368328008571	0.309862898825158	0	0	0.0852269606434649	0.316416650174239	0.174723369444325	0.219561145513382	0.109828804074347	0	0.171696514598549	0.0631125021143006	0	0.371076340965958	0	0.115671656949051	0.416661569783088	0.314678263095966	0.119142281223701	0	0.346805906713339	0.233126142484021	0.148825873068017	0.106630374673444	0.274091767649129	0	0	0.176586808158712	0	0.180339393475618	0.0702346650806748	0.141542576900867	0.189673201862459	0	0.113306732012565	0	0.0131335749145034	0.0606400003810089	0	0	0.334305468186856	0.153613237829987	0	0.507526623805614	0	0	0	0.0429825295014545	0.277341981920868	0	0.347685422956969	0	0	0.334934792495962	0	0.225376122014357	0.177583874915891	0.19737839363862	0	0	0	0	0	0.128577656709075	0.0475653179799906	0	0.0957365437998083	0	0.11410146096725	0.156565787290758	0.211943056813807	0	0.287021308658761	0	0	0	0	0.126932123040735	0.301511833478419	0	0	0.0559684069895577	0	0.380135655163112	0.0954861635642981	0	0.495236058343805	0.10281346523211	0	0	0.0311922371589586	0	0	0.161205026408752	0.192509769446612	0.16711563433521	0.143284566339742	0	0	0	0.373084262023443	0	0.0470420029062982	0	0	0	0.0793598801987774	0	0.0108583189388957	0.065724674036785	0	0	0.185672728824799	0	0.0188439719313795	0	0	0	0	0.21788519257199	0.188638543092785	0	0.0727576028079129	0	0	0.204520188270917	0.274022768913686	0.0965236986296888	0.365314725107883	0.284691014329271	0.389773998094345	0.303379658462433	0.134137170883405	0.338456268785472	0	0.175041811715741	0	0.145853010011447	0.208282346711482	0.203073355147618	0.215076918690997	0	0.179068924353128	0.350503780903189	0.0273981248317478	0.294914685701857	0.0586234628065071	0.489309328392668	0.267029997122099	0.0876639499023091	0.129537629010803	0.36245951521335	0.188082000016895	0.376709573614845	0	0.245937482122352	0.142431353513107	0.00540038178288341	0.221162860616607	0.177828728283669	0	0	0.0122645039753502	0	0	0	0.166064906178213	0.225602025957755	0.298359506505741	0	0.345633154119948	0.295363440798946	0	0.447850174478324	0	0.332474302255623	0.118975470489422	0.0194614559031163	0.146406486147128	0.130147849874762	0.444887573983157	0.3028426941576	0.377001952944288	0	0.078274020233848	0.124899152864267	0	0.0562740843515338	0	0.134111910001377	0.381149288602403	0.0830707374894067	0	0.152482437663326	0.134174698803798	0	0	0.0261146792162637	0.102842365397868	0	0.115430730796451	0.193322165817827	0.0302517850184945	0.164520442734653	0	0.00699520110153332	0.261267388332235	0.320625890654138	0	0.160972621885049	0.174955146157538	0.343819409056971	0.104608030016659	0.268116170047327	0.276626596882615	0.0806051103118208	0.0666229135911167	0	0	0	0	0	0.00937729410179386	0	0	0	1	0	0.252201226334033	0.452166251108369	0.390128438303786	0.00238003321691971	0.0233094199343606	0.224203477841386	0.246669151159521	0.00887676081023947	0.110857659344726	0.235449853233622	0.339356564339958	0	0.32278857102179
0	0	0.00373516929373672	0.0371347304671231	0	0	0.00512605677772863	0.13810339865416	0.0960988169703015	0	0.0363718997083073	0.000256213930589698	0.0395812050818498	0.0147998281707374	0	0.108304055877013	0.24093302423381	0	0.0282784818188328	0	0	0.350277878100065	0	0.196340004970207	0	0.161477037742022	0	0	0.460707540744738	0.419959380316516	0	0.0229592634645203	0	0.0815545500800092	0	0.00360174032232751	0	0.00796054203326246	0	0.105895576444272	0	0.249348491914958	0.0410243968444636	0.137486501707942	0.27765237982504	0	0.0515098781846778	0.0884197016429613	0.102649103059784	0	0	0	0	0.303380902251119	0	0.322791548514796	0.0187401670054893	0	0.027501817369328	0	0	0.114970991062556	0	0.0807117160737878	0.140321700276563	0.0428375826101151	0	0	0.0779830719213318	0	0.158824171686165	0	0	0.0154820256658905	0	0	0.12313302571206	0	0	0.154003182714794	0	0	0	0.0101768871741181	0	0	0	0	0.21403119747079	0	0	0.133140705692166	0	0.148044158867132	0	0.476512230079774	0.0100221569177386	0.0607302631925021	0.0292937942208547	0	0	0	0.320790544913497	0	0	0	0.190273226597664	0	0.196883360944854	0.175850708887651	0.0264010061357076	0	0.113465773478097	0.146597024475907	0.13643639416371	0.0156495643007223	0	0	0.154969864716997	0.0421731981192382	0	0	0.0657865961334987	0.11199660351529	0.0859145368862479	0.116244990276343	0	0.152947521808	0	0.210635981502965	0	0	0	0.116273028926995	0	0.336824052933493	0	0	0	0	0	0	0	0.150483219289464	0.0330717298456547	0.0556512848862995	0	0	0.223450643318164	0	0	0.0218196080717164	0.136873997553893	0	0.263087232400835	0	0.197559765591288	0.212578936357747	0.097771592982283	0	0.0890159301312694	0	0.0888145912208827	0.0483392124937462	0	0.0581263628803413	0.00327673828678684	0.114562074360967	0.0220902744381231	0	0.226023080351252	0.25639620466345	0	0.289672513684813	0.119533300962472	0.0543844316591386	0.144589473339912	0	0.211433458852178	0	0.281527486338576	0.00845389028571698	0.0893755769683697	0	0	0.104545471669954	0	0	0	0.0860378792695789	0.363681026678775	0.222729454913649	0	0.420252885007757	0.378265465440306	0.355084059709446	0.129500245312489	0	0.0713525592010715	0	0	0.107869807874692	0	0.0785831602606903	0.0793451220780667	0.123378542552166	0.279808512331078	0.0120429224548535	0.126633192487742	0.112713136653272	0	0	0	0	0.0914257752682938	0	0.181253357811697	0.346487022634364	0	0.237343155528086	0	0.0713564473167386	0	0	0.0673513329673341	0.137386514917463	0.310568661889196	0.255849200118452	0.0987341109876952	0.23521613671044	0.108224315292972	0	0.0854429222364876	0.0109870986766256	0.16069516074141	0	0.243367847080843	0.236902080112011	0.146821847980307	0.160136120584154	0	0	0	0	0	0	0.00357774493472619	0.0523298597948556	0.0211472925075262	0	1	0	0	0.0599965727223433	0	0	0	0	0.139364648993245	0	0.27684013464079	0	0	0.273270127540876
0	0.0919539624988816	0.0843554437401642	0	0	0	0.221861884247105	0	0	0	0	0.0916326361176318	0	0	0	0	0	0	0.116393637137735	0	0	0	0	0	0	0	0.0584471163840876	0	0	0	0	0	0.091184268718535	0	0	0	0	0.214350016014027	0	0	0	0	0.0934900775618919	0	0	0	0	0	0	0	0.0191539034613862	0.17174389627369	0.0216106827074225	0.108790613818471	0	0.0142399670579281	0.113179664254298	0	0.207193017706864	0	0	0.148777002677142	0.0643674116394909	0	0.0360097560852042	0.110475400403734	0	0	0	0	0.0602917096907011	0	0	0	0.384353153561882	0.0587488657538372	0	0.256719348747252	0	0.135555692568711	0.00779330927573525	0	0.0291728395287498	0.0916370906254486	0	0.148658014036758	0.118844429062638	0.0233300084781038	0	0	0	0.0325652531190939	0	0	0.178703234140733	0	0.219051641774959	0.0258212933034938	0.0452731024166384	0.0948019819660277	0.0892777494101761	0	0	0	0.0206094299270111	0.152495912512851	0	0.0765479381425598	0	0	0.122306993128978	0	0.12218516986399	0.0599344182327096	0.010515660559486	0.120514915914008	0	0.041935279891612	0.0807061616264863	0.0821335260362485	0.178552621507577	0.214179647999077	0	0	0.0311547350709039	0.152233431435791	0.195926359499201	0.0406888320033721	0	0.11630973937666	0	0.167700302870177	0.23676000905275	0	0	0	0.154943971806295	0	0.0803388551307222	0	0.055132358696724	0	0	0	0	0	0	0.0417504638701047	0	0.165400744360871	0	0	0	0	0	0	0	0.0996715946031932	0	0.0682514097796939	0	0	0	0	0.108788407992908	0	0	0	0	0	0	0	0.0222168451839834	0	0	0	0	0.0591387097509071	0	0.00193054765622849	0.159642415657551	0.107281511006329	0.0327842981188428	0.151874904350723	0.104168488918208	0.109510387373195	0	0.0811672946297883	0.0364364150285592	0	0	0	0.0917114036766811	0	0	0	0	0.235649607668166	0	0.101998178929004	0.141669616388659	0.0723080518005753	0	0	0.14295903300126	0	0.249442813847443	0.16438183042528	0	0	0.361240152637722	0.152661448900265	0.108111603222194	0.0418413834395015	0.253252338522286	0.44112023666411	0.0656488931777286	0	0.210985519673512	0.151744620201992	0	0.0852836578276685	0.251484153941901	0	0	0	0.141826831178751	0.0289856450555596	0	0.00754153791497459	0	0.0663642392532791	0	0.29064428813341	0	0	0	0	0	0	0.101958849390929	0.119421425840685	0	0	0.116166745062174	0	0	0.120079306375381	0.176030019539234	0.252201226334033	0	1	0	0	0	0.00125239424107084	0	0	0	0	0	0	0	0
0	0	0	0	0	0	0.0747890445954614	0	0.155700003677724	0.00726115430976098	0	0	0	0.0835580905841675	0.0271311631822607	0	0	0	0.269243727529443	0	0.00882605261540514	0	0.00691162985603122	0.0240206149293427	0	0	0.174304695386499	0	0	0	0	0	0.251276934318236	0	0	0.0462310052296532	0	0.324786088642601	0	0	0	0	0	0	0.0293910530478574	0.0716074496253389	0	0	0	0	0.0071093363209164	0	0	0	0	0	0	0.136436860645555	0.085793934290339	0.128343365617977	0.0778319656578492	0	0.0112973695903287	0	0	0	0	0	0.136292555655385	0	0.109346585701731	0	0.0588309964780478	0	0.443624253939537	0.346987627135914	0	0.190406017000948	0.23442724855007	0.124916628408362	0.0497488901933827	0	0.0234689991647391	0.17412951223282	0.178634633142112	0.243053734416132	0.032946861055021	0.0931289370465417	0	0.00465300398064508	0	0	0.111728111674787	0.0648811604763185	0.17777622107482	0	0.247723708763479	0.281698258474585	0.0918916533247766	0.223461717343885	0	0	0.0213661720164854	0.204455994864187	0.144311703663317	0.304654165814627	0	0.120213149746438	0.170760098946675	0	0.122797755004558	0	0.222671744308618	0.156829787309536	0.209225382202127	0.191921666414547	0	0	0.218541714624359	0.147743712072013	0.20157692413939	0.127363668383233	0	0	0.170390062593604	0.0423828982995035	0.0755550490537399	0.212113000156023	0	0.179004565920207	0	0.0433978407747609	0	0	0.106914564357129	0.00660407947537175	0.161275949249962	0.112248416706512	0.0515103764408039	0	0	0	0	0	0	0	0	0	0	0.0807004762792944	0.00907552344236894	0	0	0	0	0	0	0.0499777004511808	0	0.0590316948481607	0	0	0.00814236754686865	0	0.015408091829642	0	0	0	0	0	0	0	0	0.0570642607672482	0	0	0	0	0	0	0.0789386783887415	0	0	0.0841060941276296	0	0	0.0449725557390694	0	0.0151975898565202	0	0	0	0	0	0	0.122879810025579	0	0.0667014794620805	0	0	0	0.110581303228476	0	0	0.067565510506452	0	0.349629427087074	0	0	0.0175059298409465	0.0962534718387677	0.24524216755861	0	0	0.0597957292273145	0.176769873490624	0	0	0.181904354293587	0.126533956884193	0.40666911228736	0	0.00873520201420634	0	0	0	0	0	0	0	0	0.0659606533677582	0	0	0	0	0.028935172612623	0	0.0925250367749896	0.104096394154942	0.218185054344554	0.304436902024844	0	0	0	0.132982390299904	0	0.067317148046398	0.260391188758766	0.452166251108369	0	0	1	0	0.0891084634190737	0	0	0	0	0	0	0	0	0
0	0.027600273049964	0.0110845972930346	0.0401698664194736	0	0.16175244972768	0.171179981973277	0.013273042854994	0	0	0	0	0	0	0	0	0	0.119154350027742	0.0133714764919105	0.0844925255419918	0.159694295927655	0.0657549139208139	0.110192540930675	0	0	0	0.131772533875191	0	0	0	0	0	0.348933148396983	0	0	0.188651458797881	0	0.272185394253013	0	0	0	0	0.0303631385256042	0	0	0.0854359746677023	0	0	0	0	0.0649962138463421	0	0	0	0	0.0848529682894701	0	0	0.177086853370877	0	0	0	0	0	0	0.00684861542331467	0	0.0379541929390174	0.0276475182765704	0	0	0	0.0556919736226803	0.0144115184715123	0.275716887102123	0.177552131438597	0	0.34500308056151	0.0413549716927684	0.141023558760558	0.041032695116858	0	0	0.197677536616945	0	0.53314239571856	0.0475759136210556	0.226905244657991	0.0683411507601307	0.0607848799746985	0	0.102741434532003	0	0.0906310130142547	0.319263281120134	0	0.127240442316684	0.0912704452934804	0.134160001888365	0.285026009286534	0	0.00123351263728525	0	0.245540068643274	0.127325769584183	0.356945990391982	0	0.25850436286817	0	0	0.0939676234016828	0	0.016978953795205	0.0578402106621656	0.0170652071063708	0.135863054570111	0	0.00229606797498317	0.126055597034214	0	0.188413291598117	0.279751209360693	0	0	0.0834306940026779	0	0.0998730460066261	0.0846592274467816	0.0157404431385724	0.190086545640924	0.014432615789244	0.29417673030328	0.290082423577531	0	0.255213839397182	0	0.37642062266761	0	0.00136908315065129	0	0	0	0	0	0.0204816417509887	0	0	0.00380451643973708	0	0	0	0	0	0.00778452099799398	0	0	0	0	0	0.174222827858378	0	0	0.0565768993636611	0	0	0	0	0.0094291948701073	0	0	0	0	0	0	0	0	0	0.108759463034567	0	0	0.0370525427798487	0.102051282669408	0	0.115945703206635	0.0191785273943031	0	0	0	0.0613788298778034	0	0	0	0.202822982282535	0	0	0.113629703969811	0	0.0780048346038023	0	0	0.132835754627986	0	0.189326016858748	0	0.187185295123023	0	0.355118065295229	0	0	0	0.201301281932116	0.110763954302545	0	0	0.158819899439743	0.286633066374816	0	0	0.343798964483252	0.00905294080425611	0.108004494221152	0.0315981372440993	0.287186407354124	0	0	0	0	0	0	0	0	0	0	0.0578432092829799	0	0	0	0	0	0	0.096414751180156	0.160467673368444	0.0306704559753187	0	0	0.0020735258714728	0.00201056296141462	0.0587192705657468	0.145269033203722	0.390128438303786	0.0599965727223433	0	0	1	0.11055867354975	0	0	0	0.0465310806458043	0	0	0	0.0381616334598469	0
0	0	0	0.0860975787821549	0	0	0.115440806228734	0	0.147687865644349	0	0	0	0.0805794779010511	0.0934992673131923	0.0762457288693222	0.268878782808828	0.276666575526179	0	0.164028562010834	0	0	0	0	0	0	0	0	0	0	0.0574066704940623	0	0	0	0	0.0760243049938278	0	0	0.0206502927358408	0	0	0	0	0	0	0.132015519616433	0.0853562941332422	0.15896729517022	0	0.0594465107712468	0.0645493666335789	0.124288356129745	0.0355137309215439	0.153975848331555	0.0651074244428494	0.177532757712298	0.176968269873441	0.346606001666236	0.0785937958957983	0.162046726850407	0.319042625297114	0.2808147991445	0.148751599174834	0	0	0.357041120037621	0.0168757318263295	0	0	0.0791984451338641	0.0340903567960019	0	0	0	0	0	0	0	0	0	0	0.0381876703873989	0	0.0447286612122147	0	0	0	0	0	0	0	0	0.0699095367357313	0	0	0	0.197982172595831	0.0194599439729347	0	0	0	0.103095644420976	0.0972805227916469	0.0765131507863919	0	0	0.0985367873737195	0.146804999595112	0.0779504208633444	0.0268522015657873	0.156402505220891	0.130350467210952	0.036186099187454	0	0	0.0294655046307681	0.117732583253398	0	0	0.0244867696255459	0	0.0544901378090445	0	0.105062440994652	0	0	0	0	0	0	0.0356920497139465	0.0104120345343372	0.0189118579851128	0	0	0	0	0	0	0	0.00830144631925102	0.0158882505448968	0	0	0	0	0.00865953962596769	0	0	0.0355858916347301	0	0.225236273282141	0.0726683620151077	0	0	0	0.0503959750578156	0	0.265861565450698	0	0	0	0	0	0	0	0	0	0	0	6.01990866605063e-05	0	0	0	0	0.117928957850693	0.0100814503738988	0.138474551036125	0.135784432085763	0.102471454614999	0	0.163532080318121	0	0	0	0	0.0894016486782314	0	0.0089889120234596	0	0.182178094644208	0.0540140426927561	0.285181513805267	0.127006261744318	0.111011264274377	0.15464714559239	0.0493861777824071	0.0510056269614663	0	0.296802359336785	0.12756924593047	0.0872291298860986	0.166003408878834	0	0.102345374657986	0.0155820788556202	0.0302682057749678	0	0.164833052107917	0	0.204672721164826	0.221370739580664	0	0.079138848628434	0	0.139333911155808	0.140589622449398	0.206298521595655	0.0419973066511468	0	0.275646776704502	0	0	0	0.1037576012574	0.122567889365318	0.050091838283344	0.248533396169197	0	0.226990808939271	0.378094045012888	0.125380522979717	0.188717989803828	0.146787588088573	0.165954221604316	0.249475455126802	0.0076003005777352	0.13515525720496	0.0238711886720498	0	0.0293819947853164	0.083196246831018	0	0	0	0	0	0.110724892758233	0.142685518348807	0.0958742175956495	0.00238003321691971	0	0	0.0891084634190737	0.11055867354975	1	0	0	0	0	0.0488047083511094	0	0	0.0174905653936477	0.193981790570922
0	0	0	0.267488497257365	0	0	0	0	0.179202778655039	0.0270801325715321	0.0300496721076595	0	0.0522171437585721	0	0.157586368119388	0.0473849787130921	0.492693378325182	0.165298267114249	0.314501870056502	0	0	0.566045068723092	0.0597135093249879	0.287333335257405	0	0	0	0	0.111500216327608	0.37743391477092	0	0	0	0.0156890104975683	0	0	0	0.295126531836403	0	0.148622563931903	0	0.174002106368438	0	0.251855779679103	0.15473275271417	0	0.145201847834931	0	0.362274220419184	0.0373329728088612	0.0833055577239177	0	0	0.151050090293443	0	0.157930270636519	0	0	0.0696737641172542	0.163498075970352	0.254466748646848	0	0.0446590006344993	0	0.090699362661621	0	0.0504297364554511	0	0.242032048984616	0	0.10324941048551	0	0	0	0	0	0	0	0.00531682434468965	0.0403613115338022	0.0540145391546798	0	0	0.140503851228985	0.0144416615114217	0	0.0777365633485818	0.0718499236006486	0.40572051931594	0	0.0723136189742286	0	0	0.227281159524902	0.00501791517716838	0.232415371674453	0	0.0739456312996362	0.173217563056495	0	0.226088724177674	0.23839684694401	0.3725057775915	0.254645797240248	0.245154243490465	0.0921264470584129	0.326807026230078	0.147572434293896	0.520771811017145	0.383921908647415	0.146547338879871	0	0.269966400949567	0.17355824492206	0.377933279121445	0	0	0	0.348378289364482	0.0321229331275818	0.17516222628387	0	0.0430002360285903	0	0.0766393329402637	0.00602853720358094	0	0.0826276491038116	0.118272772271858	0	0	0.0287379928770122	0	0.506352770493297	0	0.519308935945056	0	0	0	0	0.236679769725179	0	0	0.179592768301568	0.282174230418833	0.0923036506872195	0	0	0.386026807565592	0	0	0.159126105933092	0.157184514410363	0	0.33685404278961	0	0.142284786400104	0.34512337891095	0	0	0.123227996638691	0.0449334692033733	0.0191959617045552	0.114942697690357	0	0	0.0749670944031496	0.0818749697972861	0	0	0.279785689547198	0	0	0.0809689796063219	0.010734350195464	0	0.0458829393202417	0	0.170795561933858	0	0.217469607898412	0	0.332457378295582	0	0	0	0	0	0	0.16267757945426	0	0.115768161403871	0.107254610953708	0.407927582067517	0.0641111984082177	0.137310604632165	0.191641896718093	0	0	0.0938767423035421	0	0.0167163379143808	0	0	0	0.0478205997682387	0.128194344372552	0	0.0327967015779923	0.198276743004171	0	0	0	0	0.058233758383452	0	0.0849773066632985	0.0481193201215817	0	0.13394479539268	0.0131774453705636	0	0	0.322094831249259	0.344859812459224	0.0371585692510497	0.20578961439121	0.215626831909442	0.336741505135732	0.0954474801206827	0.200712887592573	0.0349365739759148	0.136121534625348	0.0768864796862842	0.0351509076065241	0	0.0727006945088667	0.427261536101306	0.0507531730816486	0.290407938937117	0.14948194920813	0	0	0	0	0	0.104732295488625	0.201732558247228	0.0942560049220229	0.0233094199343606	0	0.00125239424107084	0	0	0	1	0	0.227122111948787	0.215014623901687	0.143858890929445	0.10104381031226	0	0.00929287552654534	0.0578232054299337
0	0	0	0	0.00848754644258024	0	0.129249004806347	0	0.170642524772055	0	0	0	0	0	0	0.034915348571907	0.0144186261793681	0	0.255101715124963	0	0	0	0	0	0	0	0	0.0137094611519435	0	0	0.0522407065620948	0	0	0	0	0.0783315471403752	0	0.0746148726682683	0	0	0	0	0.0748352382446159	0	0	0	0	0	0	0.0333748252823913	0	0.00530213950472791	0	0	0	0	0	0	0.0645220688387652	0	0.091197187000486	0	0.100484259101698	0	0.0314114013846748	0	0.0379955663062036	0	0.190821674450547	0	0	0	0	0	0.146060545627269	0.121089491784126	0	0.0797854459032789	0	0.0986094660818142	0.137681448861832	0	0.19828419005421	0.22436572156363	0	0.246319695313563	0.0216603765935674	0	0	0	0	0.167541746846108	0	0	0.0595874559374037	0.0338632048004808	0.0558732488843071	0	0	0	0.267788532743839	0	0	0.127638556270586	0.240583491635731	0.347912026786311	0.310650862221559	0.17506728854336	0.302067282690377	0.0734658792792343	0.26163332984298	0.217175156575801	0	0.271550838742946	0.086159053519178	0.190423606729959	0	0	0.167720826777083	0.0587731595332246	0.280053080625058	0.171207058313162	0	0	0.029792895946144	0	0.0875560330150274	0	0	0	0	0	0.195866273451229	0	0.10896715772768	0	0.262268210787093	0	0.116704961175697	0	0	0.0201692002533565	0	0	0	0	0	0	0	0	0	0	0	0	0	0	0	0	0	0	0	0	0	0	0	0	0	0	0	0	0	0	0	0	0	0	0	0	0	0	0.377725881228582	0.106619387803016	0	0.0539520885950668	0.101154820892823	0.0601502819013843	0	0	0.0351535498536133	0.0510165254085015	0	0	0.190864972705642	0	0	0.0781146113294541	0	0	0	0	0.123827258726371	0	0.106176957040007	0	0.111616994362682	0.0941128787889824	0.0693006607534753	0	0	0	0.0864671332637789	0.128719164266199	0	0	0.285767809318734	0.215043718432287	0.011839189872409	0	0.180163061695879	0.222761138645284	0.0665478291507544	0	0.00747249812009093	0	0	0	0.0462078016013436	0	0.102049497819094	0	0	0.113780525136752	0	0.0492329339970503	0	0	0	0.0766894220677134	0	0	0	0	0	0	0	0	0.0713099002378968	0.1485544200278	0.0281268678655669	0.224203477841386	0	0	0	0	0	0	1	0.0390383928881496	0.0357767578357128	0	0	0	0	0
0	0	0.0525261086932555	0	0	0	0	0	0.0878228298123306	0.043466348269845	0	0	0.139835067442515	0.14727422808259	0	0	0	0	0	0	0	0	0	0	0	0	0.125163853532606	0.0217162913193133	0	0.0950752569841836	0.0089611851880373	0	0	0	0.0782112128089942	0	0.196979095787178	0	0	0	0	0	0	0	0.0347466361577044	0.0242380378292095	0	0	0	0.0140311926680157	0.031251224579648	0.0308603718448855	0	0.0580862140957684	0.0958103949974579	0	0.187632311781946	0	0.0503292114566814	0	0	0.237740718502328	0	0	0.0934241232089321	0.0990668904132939	0	0	0	0	0	0	0.021664620712765	0.159216924381395	0.23241063038349	0.00511658505547131	0	0	0.108047202408384	0.0931508243725263	0	0.0118633911127723	0.232166209299662	0	0	0	0.186991168957124	0	0	0	0	0.0474507055342851	0.031553248329661	0	0	0	0.299085145732248	0.159356715348575	0	0	0	0	0	0	0	0.0576140730631254	0	0	0	0	0.15371428001367	0	0	0.0774156585840383	0	0.314900273052229	0.0123166424792123	0	0	0.0220698337953324	0.0221829736483977	0	0.145078587095678	0.170024379495139	0	0	0.255298699626616	0.247104186124547	0	0.0926051321962431	0	0.0569027954976381	0.056486580869902	0	0	0	0	0	0.0694697545386903	0.000871475748867393	0	0	0	0	0	0.0395088965795702	0	0.0859817259598094	0	0	0.160136784270127	0	0	0	0	0.243990580532391	0	0	0.308883677768879	0.0494297403546928	0	0	0.092869509433656	0	0	0	0	0	0	0.021385673707957	0	0	0	0.0455506470807759	0.0510397856563022	0	0.00324244436008406	0.10884031842435	0	0	0.0762945550381801	0	0	0.221538207519901	0.32313391943919	0.131972397353256	0.0217784837354835	0.103114876425214	0.129970682284081	0.159639252157182	0	0.0781329993048506	0	0	0.0781665405859136	0.274787095873073	0	0.066201158136014	0.204369714608116	0.0181077752859679	0.158315287419722	0.0964873055051302	0	0	0	0	0.0483108119171828	0.0713603347078172	0	0	0.0770224464108323	0	0.0900217748174442	0.0504554541276587	0.02984503011825	0.264709137531799	0.0410410407939656	0.0452241053328436	0.0992724870763314	0.350564908902078	0	0	0.0707288330187712	0	0	0.0357752603002343	0.122599890393916	0	0	0.0694170785050436	0	0.0918153245773447	0	0.0718207889511868	0.0265317283859214	0.0837365007245849	0.0607063969125611	0	0.0750119620711417	0	0	0	0.199531715215119	0.108300983961647	0	0	0.029620827851344	0.137073054636053	0.181703359472059	0.246669151159521	0	0	0	0	0	0.227122111948787	0.0390383928881496	1	0	0	0	0.0303777659769804	0	0
0	0	0	0	0.137059216052522	0	0	0	0.159866772883321	0.243548508276395	0	0	0	0	0	0	0	0	0.0792059818078984	0	0	0	0	0	0	0	0	0.20419117839001	0	0	0.276244310682435	0	0	0	0.0110653625519912	0	0.106663664795457	0	0	0	0.150739271605737	0	0	0	0	0	0.0443158947870244	0	0	0.108009312378567	0	0	4.52157761574425e-05	0.0767153005398692	0	0	0	0	0	0	0	0.149409899965238	0	0	0	0	0	0	0	0	0	0	0	0.295716534225364	0.30108727115242	0	0	0	0.231788495186175	0.11653232797413	0	0	0.204387614685493	0	0.104661568466139	0	0.190608567833729	0	0	0.014372393930288	0	0.112031122983069	0.178020114859056	0	0	0	0.303857701097898	0.102766042169589	0	0	0.143520204209315	0	0	0	0	0.0255007293094852	0	0	0.026543920185022	0.172882270257119	0.274684490916651	0.0213683637754227	0	0.0143089728224876	0	0.262644392821154	0.125825991516909	0	0.0110062833705034	0	0	0	0	0.0771570330812829	0	0	0.420864153751078	0.0669358083423315	0	0	0	0	0.0635143271889842	0	0.137817873342349	0	0	0.00557243226350099	0.121693021103077	0	0	0	0	0	0	0	0	0.137331831388968	0	0.140709601472227	0.180841560839496	0	0	0	0.031607771646377	0	0	0	0.0136612617981039	0	0	0	0	0	0	0	0.0743839171045215	0	0.0403105884797057	0.0293557974570697	0	0	0	0	0.0303631624061322	0	0.0152034500558131	0.18255891957414	0	0	0	0	0	0.385049777156834	0.346982576788332	0.157487253084351	0.0582323899995942	0	0.22753442903817	0.149222261003607	0	0	0	0	0	0.0346248275684694	0.126959074305147	0.037626388417666	0	0.156005463050894	0	0.128334515343444	0	0.0473700574338094	0	0	0	0.0735066833724163	0	0	0	0	0.10580742282374	0.222242899347715	0	0.10822042027161	0.0224543726662419	0	0.0559354588818128	0.0868454805743814	0.104005069751076	0	0	0.00244278869602699	0.165325599305186	0	0	0	0	0	0.0249555067058308	0.0154957319296123	0	0.0940018554848836	0	0	0	0	0	0	0	0.114051346720772	0.281212792165449	0.0356569479968122	0	0.189890183276719	0	0	0	0.00887676081023947	0.139364648993245	0	0	0.0465310806458043	0	0.215014623901687	0.0357767578357128	0	1	0	0	0.0383380659171514	0	0
0	0	0	0.187239000308255	0	0.0391411473056502	0.0328461969770264	0	0.276226043115618	0	0	0	0	0.0805357016070164	0.0193080584863178	0	0	0	0.0689041123741248	0	0	0	0.0477756455700225	0.0897583971354625	0	0	0.262446147644121	0.147161557173726	0.0373790662770191	0	0.114633787691153	0	0.0941984667050091	0.0209725320739346	0	0.0499847347235982	0.118423772208084	0	0	0	0	0	0.128738672966937	0	0.0966321578497353	0.128220326084548	0	0	0	0	0.33581516389169	0	0	0	0.201854882169222	0	0.0444399809682652	0.0496596298294981	0	0.00655271663725519	0.00066872532805105	0.0247222418849577	0	0	0	0.0729411449321261	0	0.00663053616600265	0.0176775567493496	0	0	0.154190770577713	0.096997821803589	0.188931369389302	0.24445517445337	0.157530569098595	0.0127686804470498	0.105693492407552	0.369150885985515	0.27548559671011	0.111978464123833	0.0323132977326505	0.0588945548759116	0	0	0.132428589389298	0	0.332536399328725	0	0.0157667661937945	0	0.0201810537920877	0.12856371277084	0	0.0116817557398092	0	0.239010338460702	0.233473717986988	0.130054091662403	0.244366603810234	0	0	0.0245662669535419	0.288201942938673	0.244074018353178	0.1940092328232	0.0115324838119832	0.114106564004024	0.200269835224754	0	0.232975593130687	0.0271806311266384	0.337015387165517	0.186274514816771	0.219579762957288	0.281007513471501	0.266394352147286	0	0.259455256171205	0	0.27074441233373	0.14161065796969	0	0.0363708133596189	0	0	0.2611971769845	0.0714836145207717	0	0.251936681752166	0	0.350830662219702	0.0986515435478599	0	0.132750459530752	0	0	0.210470431796373	0.0693089813184894	0	0	0	0	0	0	0	0	0	0	0	0.0893776853545086	0	0	0	0	0.0450551886675589	0	0	0.0455078527606977	0.208893357328199	0	0	0.134225702618992	0	0	0	0	0	0	0	0	0	0	0.0630810784467455	0	0	0	0.054248285541973	0	0	0.00231055184694178	0.104543113334173	0	0.251928506004396	0.253858762668643	0	0	0	0	0	0	0	0.0163303650939069	0	0	0.12537281983868	0.00596839991585936	0.0799599464495929	0	0.014918587848865	0	0	0.0269392293866064	0	0	0	0	0	0.0601082106343613	0	0.0811498914769108	0.0509314849170578	0	0	0	0.272431323630897	0	0	0.302060340408697	0.0917983767198626	0.187836392442057	0.241554001058779	0.0879517235090086	0	0.0565863196196547	0	0	0	0	0	0	0.0534207957602851	0	0.0471232740418215	0	0.207817100567583	0.108503329368895	0	0	0	0	0.30485511508706	0.28748655310142	0.0928180980999781	0	0.213852342143842	0	0	0.0374774585111343	0.110857659344726	0	0	0	0	0.0488047083511094	0.143858890929445	0	0	0	1	0	0	0	0
0	0	0.0261180397781146	0.109762990873494	0.186927673590038	0.19641916039971	0	0	0.127720909272961	0.133185867219663	0	0	0	0	0.134989340636496	0	0	0	0.167957255187722	0	0	0	0.287939687013249	0	0	0	0.121697829565536	0.214572183016689	0	0	0.42563288095528	0.00886762488234082	0.213874412589543	0	0	0.0618072208144688	0	0	0	0	0	0	0.000691732640938828	0	0.0412699143941345	0.0393062247693447	0	0	0	0.237715508654205	0.076022343397508	0.0365130544735701	0.113418994751958	0	0	0	0	0	0	0.119838077120159	0.111302544093088	0.214093254002091	0	0	0	0.0937136506726166	0	0.0543552443264039	0	0	0	0	0	0.161770318626638	0.0378215938191862	0.0394172882152321	0	0.210642960818727	0.112663825620412	0.0200098370102564	0	0	0.14317701171062	0	0.135660420246442	0.27318031608367	0	0.0265774837364726	0	0.0715729464212916	0	0.196689840961622	0	0	0.123385655736153	0	0.00350655225234	0	0	0.0382184857448575	0.0808254183895796	0	0	0.100004655657516	0.130775206387768	0.221748595435886	0	0	0.00738163485103941	0	0.0461764552323087	0.22315371390354	0.0424721468805802	0	0	0.269864570755535	0	0	0	0	0	0.258980109142786	0	0	0	0	0.484085771216613	0	0	0.0991495741837274	0	0.0467768250180792	0.164000176177065	0	0.368689376155504	0	0.114515319002168	0	0.081798326912702	0	0	0	0	0	0	0	0.0239987234807629	0	0	0	0	0	0	0	0	0	0	0	0	0.148252232572882	0	0	0	0	0	0	0	0	0	0	0	0	0	0	0	0	0	0.354987810429769	0	0	0	0	0	0.517557534168224	0.345160022019035	0	0	0	0.179203044176167	0	0	0	0.164058430286876	0	0	0.0784544365588191	0	0	0	0.126646748321709	0.133117332286564	0	0	0	0.105710924852679	0	0.148916930451818	0	0.0452197618258604	0	0	0.0905645167048507	0	0	0	0.303091319249369	0	0	0.307221755430779	0	0.382346638292671	0	0.0357024447732762	0.20932810044456	0.226129789213682	0	0	0	0	0	0	0.0376671122804861	0	0.10789120324222	0	0.148235003464249	0	0	0	0	0	0.174054303604441	0.231378607834672	0.00989253605046103	0	0.0554130503023302	0	0	0	0.235449853233622	0.27684013464079	0	0	0	0	0.10104381031226	0	0	0	0	1	0	0	0
0	0	0	0.293819239708521	0	0.0381481025801625	0.0753555634906549	0.0551006741255827	0.0855879407544833	0	0.0728602536291426	0	0	0.0676280024377914	0.0627748374661013	0	0.197112215898243	0.00546899052843162	0.256747942602945	0.108609794112157	0	0.241994992724376	0	0.202575097727687	0	0	0	0.00722694582591059	0	0.0368454016047926	0	0	0.176960764781732	0	0	0.0845898272464472	0	0.392605373941188	0	0	0	0.158434615959073	0.254186514762103	0	0.0139975014700246	0.00915882282362693	0	0	0.340826323855706	0	0.00686475194617134	0	0	0	0.00206013738961597	0	0.0783999699374096	0	0.114215968997339	0	0	0	0	0	0.0290245710638898	0.117453120180061	0	0.00946866742553975	0.0483193677894541	0.114687563925174	0	0	0.138286100933797	0	0.106087089377253	0.184979097417286	0	0.192902989578101	0.0741900846651831	0.113671731632653	0.0520127638363553	0.158195745890304	0.041217978550829	0.242436736235878	0.158045941807817	0.2841783380006	0.1923431503566	0.172424545386986	0.247369097434191	0	0.0359595327357204	0.0410446792084821	0	0.0989165493899231	0.174754203060536	0	0.122107180715137	0.0818862280672834	0.140246519244537	0.141396842136484	0.0918751301339968	0.0101633189772844	0.00233132536470864	0.258118374005899	0.194172579773091	0.290170059259276	0.000726274782525988	0.121702015750324	0.201879057065829	0.00334307897029976	0.077056603181145	0.0650687316964386	0.214113724282146	0.0858438969642791	0.19021774357809	0.141215865675965	0	0	0.0520273109474481	0.0118005265166279	0.13360611700188	0	0	0	0.0304548848771694	0	0.0583482370859838	0.19804506558376	0	0	0	0.0576405516351045	0.155889577360091	0.171500442958246	0.0755533367678571	0.0704641811801259	0.193125510665068	0.102778152120453	0.0109754572790899	0.043064886100816	0.105823239036399	0	0	0	0.263453289689232	0.0252533532225394	0	0.0589945623775308	0.0805659967909809	0	0	0	0	0	0	0	0	0.154295300110991	0	0.151829751798224	0.0842499490637886	0.00997117929602896	0	0	0	0	0.081142929240306	0	0	0	0	0	0	0	0	0.00895578310735285	0	0	0	0	0.0325746150346271	0	0.018791679467376	0.0955276934712331	0.00719852308359278	0	0	0	0	0.0449925419300186	0	0	0.066976091939876	0	0	0.141733260430093	0	0.33337133789334	0	0.0278654193599599	0	0	0	0	0	0	0.0497421587272329	0.183719217086861	0	0.040726961971811	0.0207444059272258	0.0312955912968144	0	0	0.0236246838549311	0.0391453225953185	0	0	0	0.066271031214433	0.092143512679046	0.0633254269489208	0.0972579396180407	0	0	0	0.00691500878218329	0.16958125920499	0.0502809242238619	0.038034930033856	0.110060068222125	0.0694619599100767	0	0.0556085040364823	0	0	0.0517917679492646	0	0.00453508213695643	0	0.090263645465298	0.231521427780621	0	0	0	0.0921346938764855	0.0757653078306471	0.116953341565382	0.0259688334136869	0.339356564339958	0	0	0	0	0	0	0	0.0303777659769804	0.0383380659171514	0	0	1	0	0
0	0	0	0	0.195800154560827	0	0	0	0.270154874507196	0.0580381618472639	0.103211080658238	0.0823184722570028	0	0	0.0472173714008169	0	0	0	0.276639556304367	0	0	0	0	0.0229126113866808	0.16915170035241	0	0	0.122984148723026	0.0927903820731364	0	0.142520162919499	0	0	0	0	0	0	0	0	0	0.332691285438145	0.0682518854666867	0	0.111635053097668	0.219352967476971	0	0	0	0	0.0419340991809664	0	0	0	0.0375931973564729	0.0806691458388584	0	0.00278568627229904	0.230208977549483	0	0	0.0595534359286118	0	0	0	0	0.0539023731441849	0.0630013321821613	0	0	0	0.0751901318704183	0.0204271866268186	0	0.296735218223998	0.101248029052973	0	0	0	0.306226780748106	0.263669430846855	0.148477626911505	0	0	0	0.10493680369317	0.165872657370482	0.185989171171942	0	0	0.127620711270063	0	0.37383505716851	0.0120386340078337	0	0	0.0717545085574844	0.189285414347307	0	0	0	0.0803465518488384	0	0	0	0.147989744580136	0.0310618709397681	0.278337155925629	0	0.190416182147841	0.305640220328142	0.326304262521437	0	0	0.267714342906006	0.0337537538682797	0.0845654314585285	0	0	0.170945328499511	0.179885872191243	0	0	0	0.168427999326471	0.0228963843396499	0	0.131421680053714	0.0606750809922462	0	0.00489530469245794	0	0	0.174120737199634	0	0	0	0	0	0.121683242086533	0	0	0	0	0	0	0	0	0	0	0.156195377497435	0.134149713413887	0	0	0	0.00552050324205122	0	0.0833743241831286	0	0	0	0	0	0	0	0	0	0.248702813674714	0	0	0	0.187499017944484	0.144309925862809	0.0625198536824918	0.212917020137263	0	0.0782532300258597	0	0	0	0	0.0813961819854284	0.152168996891182	0	0.0862593593380555	0.332895227784898	0.0777057210846648	0	0	0.102736527924407	0	0.135629878509817	0	0	0.00676952513100842	0.0285338609374127	0.136390507054504	0.189504155657664	0.115130672962256	0	0.224429034741916	0.0215579971476078	0.162583843469228	0	0	0.234271044359412	0.0200249173362927	0	0.224417256004563	0	0	0	0	0	0.0636536395830157	0.0833742732157803	0.151749587070774	0.150674813530342	0.063946854163876	0.0772449072211745	0.0972976923259554	0.271960990994245	0	0	0	0.154472765904222	0.0331653462157407	0.137048207021487	0	0	0.0928194192327518	0.273314491660066	0.0222746377801707	0	0.11682906813889	0	0.0511265916941469	0.24751185190627	0.114344722573479	0	0.0493053968231386	0	0.19041514670614	0	0	0	0.0349161235178688	0	0	0	0	0	0	0	0.0381616334598469	0.0174905653936477	0.00929287552654534	0	0	0	0	0	0	1	0
0	0.0449911892728882	0	0	0	0.0538154399038223	0.0472405946735803	0	0	0	0	0.0572015414148832	0	0	0	0	0	0	0.256796077338896	0	0	0	0.00167182026084461	0	0.0927732820852542	0	0	0.291499659117939	0	0	0.19263118089631	0	0.182267092820291	0	0	0.108164169073892	0	0.000511300830336786	0	0	0	0	0.111074948228466	0	0	0	0	0	0	0.116321975419971	0	0.0791492009032437	0	0	0	0	0	0	0	0	0.02411717146001	0.0749675127838468	0.151386832722032	0	0	0.0137822686083773	0	0	0	0	0	0	0	0.0783796371425331	0.560616035633279	0.259892270230416	0	0.0831522077207706	0.035549000979633	0.14656899007287	0	0.0434829823652622	0.237884591359152	0.155011686190363	0.0558262610504786	0.331500201169142	0.0896976766489225	0	0	0.273910751266374	0.13285916485818	0.106306358568422	0.1593483063556	0	0.283798083602043	0	0.116819548535345	0	0	0.184808361124608	0.142246324381642	0.0317986310758278	0	0.221781875115418	0.203474756941809	0.303980388363096	0	0	0.118558733478384	0	0.0629557626681028	0.0367349720095904	0	0.0819927164133127	0	0.268036963889688	0	0.130835734433063	0.0859079849958017	0	0.237395037970965	0	0	0	0.113166063954377	0	0.419990489337216	0.118877519114088	0	0	0	0	0.288262056290625	0	0.212129190064793	0	0.303517850477393	0	0.312988048975781	0	0	0.39027595128931	0	0	0	0	0.0876358217685291	0.0405532819842457	0	0.185849270187205	0	0	0	0	0	0	0	0	0	0.155798250873478	0	0.0450123667041977	0	0	0.0935674397345997	0	0	0	0	0	0	0	0.0661937776483153	0	0	0	0	0	0	0.0288227123637462	0	0	0	0.410854714890162	0.14629679033064	0.0976922911305604	0.0886151126365046	0	0.0615526910629375	0	0	0	0.136465787522949	0	0	0	0	0.0494942438829301	0	0.133337110208506	0.0912552938864804	0	0	0	0.0606020786287047	0	0.0924439045091285	0	0	0	0.00332975816467337	0	0	0.130613459411083	0	0.0730396682960989	0	0	0.27255096576859	0	0.0583085451461706	0	0	0	0	0	0	0	0	0	0	0.104444090134503	0	0	0	0	0	0	0	0.0893982932090272	0	0.0526171664274766	0.165176486052497	0	0.182030643262559	0	0	0	0.0674194384445519	0.32278857102179	0.273270127540876	0	0	0	0.193981790570922	0.0578232054299337	0	0	0	0	0	0	0	1
